Ia,Ib,Ic,Va,Vb,Vc,output 
-10.3035855,-13.33287009,23.6364556,-1904.797481,-3729.344695,5634.142176,LG
-14.2187265,-13.59085956,27.80958606,-490.970949,-3958.841869,4449.812818,LG
-2.573209051,-8.969547108,8.139666858,-1498.013838,-3887.455735,5345.974052,LG
-14.1443034,-15.95558665,5.236782229,-203.4083697,-4188.644769,4105.688977,LG
-6.062698053,-17.33222427,0.086309446,-1221.740125,-4182.243296,5152.297969,LG
-16.91341403,-20.63058087,-0.550866361,60.49798092,-4423.464931,3958.054518,LG
-3.310234052,-16.26115194,-20.40913789,-862.8418282,-4342.927212,4799.706875,LG
-10.77697261,-17.02782999,-16.20193235,432.77357,-4545.30778,3688.074865,LG
0.886607413,-15.58795499,-30.96894939,-490.8935266,-4497.758975,4564.30526,LG
-10.50677789,-19.78613562,-30.65896204,731.9259735,-4729.890342,3423.647417,LG
-2.025754215,-20.50075058,-40.33123082,-202.7382772,-4700.3683,4332.089501,LG
-11.20590523,-22.77786057,-38.13460391,1024.187071,-4895.335881,3228.816904,LG
1.165776435,-20.08633891,-54.13855796,160.3157776,-4818.698705,4031.210387,LG
-6.199884707,-20.82558057,-51.65255317,1381.483203,-4985.16529,2949.046142,LG
3.726360402,-19.85200959,-63.51357314,508.9376867,-4924.611825,3773.159497,LG
-6.264916868,-23.1562632,-61.35789974,1673.16075,-5109.81757,2701.036325,LG
2.46876809,-23.43814278,-71.69192396,809.6553431,-5056.028184,3513.476588,LG
-5.578715213,-25.21722599,-68.70127369,1972.963003,-5209.198568,2464.215221,LG
5.310778943,-22.96271118,-81.55887292,1155.614728,-5118.098671,3217.114464,LG
-1.961495966,-23.86861503,-78.94450899,2300.864429,-5250.019129,2177.826881,LG
7.179897048,-23.16615964,-89.06300187,1480.841145,-5171.635748,2935.928203,LG
-1.644246653,-25.94487048,-85.62032239,2581.698818,-5313.503715,1919.060168,LG
6.910345757,-25.63165523,-95.17207426,1774.195741,-5231.243341,2655.163252,LG
-0.517880648,-26.99778217,-91.58436551,2866.491874,-5342.971692,1652.111425,LG
9.344840195,-25.08650253,-101.9886729,2091.771606,-5234.444548,2350.602806,LG
2.35206515,-26.20417686,-98.53516292,3161.977178,-5332.007292,1359.115624,LG
10.87960104,-25.47708497,-107.1146512,2386.907759,-5230.891234,2053.308322,LG
2.852283235,-27.68636372,-102.6911981,3418.589089,-5329.045245,1085.499454,LG
11.10714474,-26.9442812,-110.8891377,2656.496097,-5219.401688,1757.711651,LG
4.22532249,-28.10333983,-106.5588741,3675.923345,-5292.420963,800.8166797,LG
13.25980792,-26.41407856,-114.8858025,2937.328742,-5164.255952,1446.479548,LG
6.507013658,-27.53107248,-110.4015286,3931.000994,-5225.564316,504.2829416,LG
14.47691352,-26.65173547,-117.4189255,3192.820701,-5100.050454,1141.628517,LG
7.138243901,-28.40665457,-112.1174158,4153.135411,-5156.98872,221.4689908,LG
15.04377638,-27.39668815,-118.760477,3427.460803,-5022.002391,839.4602124,LG
8.573240699,-28.36636143,-113.5570792,4371.761267,-5057.764325,-69.41925071,LG
16.84927082,-26.76019398,-120.0061615,3662.100727,-4908.708702,528.5570471,LG
10.36819589,-27.77857935,-114.478467,4579.102897,-4934.286383,-363.3195831,LG
17.8533259,-26.75151532,-119.9138267,3870.852967,-4785.328897,225.3622357,LG
11.08473531,-28.12209955,-113.7585366,4757.979218,-4803.917683,-646.1560992,LG
18.5573417,-26.89776133,-118.8070145,4060.279926,-4645.383662,-73.75030774,LG
12.41411684,-27.67815471,-112.6750447,4928.358703,-4646.151474,-932.3564571,LG
20.02119842,-26.10347093,-117.3833518,4241.6459,-4477.071443,-375.3934072,LG
13.83114455,-26.97681285,-110.8667029,5082.252279,-4468.995925,-1215.6401,LG
20.84312298,-25.79369409,-114.7501211,4397.271136,-4298.375695,-667.4402959,LG
14.5314468,-26.82185126,-107.7590939,5210.106656,-4282.067459,-1488.30556,LG
21.53464839,-25.43540442,-111.2576307,4533.580045,-4102.765677,-953.3988895,LG
15.6772922,-26.04187711,-104.2163399,5325.493684,-4071.906325,-1759.534759,LG
22.67540004,-24.45946104,-107.3147468,4656.453498,-3884.782633,-1236.458956,LG
16.76144237,-25.1520766,-99.89566426,5421.226276,-3846.140866,-2023.452308,LG
23.30251931,-23.8214357,-102.3108132,4753.88383,-3656.765004,-1507.94831,LG
17.36859907,-24.55849118,-94.53307577,5492.481897,-3609.96423,-2275.927312,LG
23.88914597,-23.05001794,-96.58025531,4831.745285,-3413.419021,-1770.920116,LG
18.27941958,-23.48785889,-88.70663972,5548.33568,-3355.001923,-2522.576565,LG
24.70870893,-21.87284573,-90.34640922,4892.617954,-3152.857829,-2026.422717,LG
19.05228418,-22.37747488,-82.13941318,5582.872245,-3087.854871,-2758.474312,LG
25.12905051,-20.92117089,-83.21427876,4928.788589,-2883.594879,-2268.428386,LG
19.50807021,-21.41131318,-74.73978411,5594.193264,-2811.344756,-2981.468283,LG
25.54033078,-19.80919582,-75.4786879,4945.156836,-2601.714352,-2499.382707,LG
20.14865633,-20.08805208,-66.8950727,5588.198779,-2520.561629,-3194.860715,LG
26.04549902,-18.43407584,-67.25346433,4942.618593,-2307.373261,-2719.135856,LG
20.62492308,-18.76026853,-58.40108423,5560.484898,-2221.05416,-3394.750339,LG
26.2422943,-17.20322769,-58.30209759,4916.489457,-2006.484638,-2923.631299,LG
20.88251046,-17.48609882,-49.26070085,5510.771283,-1914.362367,-3580.095306,LG
26.43269446,-15.81710171,-48.87058437,4870.712558,-1696.411103,-3114.697648,LG
21.23682077,-15.95379193,-39.73543133,5442.935778,-1597.975956,-3752.741882,LG
26.63178258,-14.26598942,-39.0160309,4805.46156,-1378.426353,-3291.648451,LG
21.42418642,-14.4325744,-29.68717066,5353.936985,-1276.428992,-3909.738371,LG
26.5909901,-12.80311951,-28.61170469,4718.134208,-1056.670577,-3451.840265,LG
21.45373487,-12.91812521,-19.16788869,5244.401633,-950.6758767,-4050.672465,LG
26.53553367,-11.20912899,-17.85777698,4611.899596,-729.6217688,-3596.601069,LG
21.51764383,-11.22486424,-8.357368601,5116.958263,-619.7819269,-4176.523482,LG
26.43885308,-9.516935255,-6.785509686,4486.730221,-399.0479706,-3725.104809,LG
21.42418257,-9.550762265,2.827835542,4969.715961,-287.4122761,-4285.167235,LG
26.15409817,-7.880079152,4.658126848,4341.457868,-67.94363375,-3835.720989,LG
21.211057,-7.865518684,14.31325389,4803.800595,45.69241516,-4376.559025,LG
25.84359637,-6.143808722,16.31235462,4178.663471,264.3610185,-3929.417897,LG
20.99038843,-6.064569464,25.97112144,4621.104195,379.484988,-4451.214733,LG
25.4659921,-4.357177748,28.15416649,3998.404461,595.9434027,-4005.46586,LG
20.62848612,-4.289800485,37.84291997,4420.676032,711.0039221,-4507.705064,LG
24.93971038,-2.610256676,40.18970515,3800.485168,924.558389,-4062.959184,LG
20.17121086,-2.503979289,49.84655244,4203.894624,1039.555692,-4546.22346,LG
24.37844867,-0.798026206,52.28973834,3587.070105,1250.266682,-4102.65051,LG
19.68137936,-0.653269825,61.88735709,3972.265455,1364.521011,-4567.0857,LG
23.74040938,1.028468529,64.43136397,3358.434453,1571.188436,-4124.026701,LG
19.06895537,1.162831038,73.97618905,3725.564118,1683.504555,-4569.442002,LG
22.98428083,2.818401672,76.59254448,3115.028808,1885.579817,-4126.712863,LG
18.37841587,2.979099858,86.03197467,3465.294793,1995.804385,-4553.659597,LG
22.18820556,4.640034782,88.66881583,2858.743503,2193.104204,-4111.365157,LG
17.64306917,4.818748914,97.98106263,3192.784547,2300.512658,-4520.026588,LG
21.31621885,6.447238944,100.6345284,2590.105098,2492.038082,-4077.739376,LG
16.80480183,6.613371781,109.8137387,2908.353704,2595.696749,-4468.170099,LG
20.35115893,8.212460081,112.4524344,2309.98682,2780.99047,-4025.86064,LG
15.90251552,8.391306143,121.4544916,2613.559222,2880.650119,-4398.606203,LG
19.34597177,9.978018901,124.0375885,2020.103278,3059.406044,-3956.378193,LG
14.9528102,10.15843051,132.8437477,2309.666907,3154.374381,-4311.697122,LG
18.27268948,11.70518763,135.3617006,1721.214556,3325.778836,-3869.328231,LG
13.92013063,11.86831611,143.9593095,1997.387475,3415.323827,-4207.462969,LG
17.12801443,13.37976334,146.3812398,1414.458473,3578.992794,-3765.046071,LG
12.83670228,13.54221708,154.7337991,1678.28694,3662.824897,-4086.55712,LG
15.94756283,15.02639802,157.0270242,1101.434369,3818.414974,-3644.235162,LG
11.71029944,15.17688639,165.1179191,1353.623115,3895.921563,-3949.471502,LG
14.71138773,16.6141339,167.2697852,783.090642,4042.791504,-3507.198219,LG
10.52086658,16.74122776,175.0835077,1024.369004,4113.407326,-3796.547443,LG
13.42360194,18.13608922,177.0657259,460.7138671,4251.245612,-3354.517381,LG
9.294298606,18.25013493,184.572673,692.067478,4314.688688,-3628.568505,LG
12.10831418,19.60542807,186.3590681,135.8185982,4443.175846,-3186.984519,LG
8.034225722,19.69630529,193.5447181,357.9801751,4498.942311,-3446.177738,LG
10.75250406,20.99828154,195.121728,-190.5180573,4617.59902,-3005.141533,LG
6.730905649,21.05918698,201.970536,23.23572552,4665.271629,-3249.97621,LG
9.363887508,22.31165746,203.3137821,-516.9475033,4773.867289,-2809.767527,LG
5.404859088,22.34864854,209.8025019,-310.67483,4813.210163,-3040.867448,LG
7.959076371,23.55163866,210.8914291,-842.0343678,4911.491266,-2601.756127,LG
4.058159928,23.55631633,217.0080596,-642.5006141,4942.126746,-2819.643842,LG
6.530597766,24.7004483,217.8300314,-1164.635861,5029.7683,-2381.852028,LG
2.687692089,24.6688699,223.5609445,-971.0462638,5051.417575,-2587.111349,LG
5.087522875,25.75711533,224.0962921,-1483.410655,5128.28082,-2150.989051,LG
1.309667144,25.69260059,229.4242643,-1294.901706,5140.783552,-2344.277503,LG
3.641694505,26.72374501,229.6576641,-1797.013386,5206.708811,-1910.158311,LG
-0.074100473,26.61972627,234.5737779,-1612.856614,5209.822595,-2092.066297,LG
2.189773786,27.58760178,234.4949418,-2104.29791,5264.633092,-1660.266307,LG
-1.462668845,27.44195275,238.988837,-1923.723428,5258.212963,-1831.437748,LG
0.740945098,28.34885275,238.5832833,-2403.987095,5301.87171,-1402.361767,LG
-2.843190001,28.16328994,242.6435301,-2226.203463,5285.853141,-1563.481205,LG
-0.695974412,29.00771216,241.901036,-2694.847383,5318.311118,-1137.516209,LG
-4.213571873,28.77742363,245.5223653,-2519.164018,5292.59024,-1289.223551,LG
-2.121436314,29.55557412,244.4360345,-2975.787255,5313.813026,-866.7539352,LG
-5.570589235,29.27963855,247.6122212,-2801.488145,5278.375328,-1009.730705,LG
-3.52681695,29.99338885,246.1730057,-3245.642004,5288.43447,-591.1993689,LG
-6.90399462,29.67273812,248.8982516,-3072.019205,5243.323472,-726.1456543,LG
-4.905255606,30.32085464,247.1009966,-3503.317218,5242.288696,-311.977812,LG
-8.211328954,29.95226354,249.3741226,-3329.741308,5187.537417,-439.5626718,LG
-6.255359354,30.53274158,247.2160259,-3747.827918,5175.509884,-30.18608348,LG
-9.488279745,30.11616265,249.0354496,-3573.660441,5111.230075,-151.106939,LG
-7.56941173,30.63070884,246.512955,-3978.162729,5088.392327,253.0153041,LG
-10.72665094,30.16684522,247.8783361,-3802.791665,5014.740412,138.0575475,LG
-8.841901384,30.61480016,244.9913208,-4193.395194,4981.281945,536.4801859,LG
-11.92374408,30.1018246,245.9058486,-4016.273095,4898.422025,426.8086888,LG
-10.07042399,30.48256341,242.6559935,-4392.691435,4854.570902,819.0846422,LG
-13.0749709,29.92112546,243.1229362,-4213.27655,4762.734507,714.0071437,LG
-11.2483418,30.23641037,239.5120771,-4575.227429,4708.782071,1099.671952,LG
-14.17380932,29.6273459,239.536326,-4393.015509,4608.236952,998.5035428,LG
-12.37118612,29.8772309,235.5692559,-4740.271684,4544.48754,1377.111584,LG
-15.21755202,29.21992417,235.1584534,-4554.81474,4435.519226,1279.189068,LG
-13.43618468,29.4048798,230.8414547,-4887.177764,4362.316705,1650.296974,LG
-16.20187521,28.70058287,230.0036812,-4698.045583,4245.267034,1554.953598,LG
-14.43786292,28.82258704,225.3437276,-5015.335979,4163.004646,1918.114605,LG
-17.12169448,28.0724833,224.0887895,-4822.142151,4038.245496,1824.699182,LG
-15.37266924,28.13234139,219.0953584,-5124.232476,3947.332532,2179.487348,LG
-17.97454537,27.33685239,217.4352397,-4926.641995,3815.257699,2087.371044,LG
-16.2379498,27.3359219,212.1190902,-5213.43583,3716.139972,2433.368333,LG
-18.75672794,26.49684307,210.0664331,-5011.140582,3577.18889,2341.929205,LG
-17.02943123,26.43741861,204.4392809,-5282.570138,3470.350301,2678.725212,LG
-19.46445577,25.55638731,202.0083807,-5075.308898,3324.986969,2587.363384,LG
-17.74445781,25.43999623,196.0840184,-5331.355751,3210.927683,2914.571197,LG
-20.0957412,24.51831027,193.2909002,-5118.915648,3059.637864,2822.71154,LG
-18.38084781,24.34703571,187.0842301,-5359.594612,2938.889066,3139.958291,LG
-20.64774097,23.38698142,183.9456658,-5141.795885,2782.193922,3047.041448,LG
-18.93554441,23.16347869,177.4726132,-5367.156107,2655.315093,3353.970583,LG
-21.11788869,22.16717585,174.0068435,-5143.866637,2493.754789,3259.464547,LG
-19.40681303,21.8936228,167.2850091,-5354.003951,2361.319462,3555.746029,LG
-21.50486733,20.8630932,163.5116271,-5125.137597,2195.452713,3459.146707,LG
-19.79319181,20.54216105,156.5595429,-5320.182459,2058.058399,3744.470401,LG
-21.80683278,19.48012253,152.4988638,-5085.689691,1888.469468,3645.296774,LG
-20.09283763,19.11482309,145.3360098,-5265.809475,1746.732982,3919.375641,LG
-22.02239321,18.0238491,141.0095621,-5025.687361,1574.019106,3817.178281,LG
-20.30497488,17.6169112,133.6567101,-5191.093128,1428.567179,4079.754765,LG
-22.15104561,16.4996011,129.0870332,-4945.382213,1253.338859,3974.115407,LG
-20.42902092,16.05415691,121.5656835,-5096.319758,1104.81426,4224.956968,LG
-22.19202024,14.91358619,116.775921,-4845.098273,927.6980242,4115.486142,LG
-20.46432676,14.43296012,109.1083477,-4981.850388,776.754251,4354.388453,LG
-22.14506357,13.27208712,104.1225575,-4725.240614,598.3830462,4240.731523,LG
-20.41110227,12.75944117,96.33195544,-4848.130197,445.6779726,4467.522304,LG
-22.01057726,11.58129881,91.17488002,-4586.294795,266.6914086,4349.358606,LG
-20.26973074,11.04010135,83.28493934,-4695.67814,112.8905707,4563.894657,LG
-21.78888699,9.84803356,77.98173645,-4428.81638,-66.06491212,4440.936493,LG
-20.04071775,9.281846883,70.01668121,-4525.084811,-220.2935576,4643.106414,LG
-21.48083519,8.079100066,64.593099,-4253.436174,-398.5720563,4515.103119,LG
-19.7252608,7.491390115,56.57771191,-4337.016791,-552.5626276,4704.829436,LG
-21.08776622,6.281288025,51.05986166,-4060.857177,-729.5188995,4571.566339,LG
-19.32473438,5.675733194,43.01916155,-4132.207668,-882.6063015,4748.803477,LG
-20.61107733,4.461785075,37.43333145,-3851.846664,-1057.59708,4610.101512,LG
-18.8407363,3.842088739,29.3925898,-3911.45611,-1209.121833,4774.837841,LG
-20.05264727,2.627714217,23.76532317,-3627.238532,-1381.511532,4630.556077,LG
-18.27542235,1.997510471,15.75001794,-3675.626631,-1530.823133,4782.814852,LG
-19.4147521,0.786182526,10.10790357,-3387.928799,-1699.984381,4632.849346,LG
-17.63113117,0.149231988,2.143471274,-3425.641673,-1846.441336,4772.687211,LG
-18.69979732,-1.055488107,-3.486994327,-3134.869127,-2011.757046,4616.970778,LG
-16.91046569,-1.69545243,-11.37516629,-3162.479277,-2154.731131,4744.479069,LG
-17.91061537,-2.89009682,-16.967566,-2869.06682,-2315.598951,4582.982601,LG
-16.11647651,-3.529410217,-24.75422309,-2887.171406,-2454.477858,4698.287439,LG
-17.05035798,-4.710495821,-30.28240538,-2591.579509,-2610.311044,4531.018658,LG
-15.25239483,-5.345443581,-37.94261962,-2600.796764,-2744.499201,4634.279676,LG
-16.12234118,-6.509476022,-43.3808076,-2303.509398,-2894.72894,4461.282776,LG
-14.32171605,-7.136414299,-50.89000552,-2304.477841,-3023.651156,4552.693695,LG
-15.13024262,-8.280005934,-56.21282498,-2006.001466,-3167.730067,4374.049715,LG
-13.32828882,-8.89537468,-63.54688719,-1999.377604,-3290.833673,4453.83781,LG
-14.07799428,-10.01516666,-68.72952766,-1700.237717,-3428.236862,4269.663246,LG
-12.27612749,-10.61542257,-75.86494233,-1686.692826,-3544.992921,4338.088083,LG
-12.96969472,-11.70810703,-80.88324786,-1387.431752,-3675.220255,4148.534259,LG
-11.1694829,-12.28981524,-87.79715233,-1367.650493,-3785.126577,4205.887605,LG
-11.80973311,-13.35221078,-92.62767197,-1068.825663,-3907.705409,4011.140295,LG
-10.01287447,-13.91204483,-99.29795405,-1043.503461,-4010.288288,4057.745096,LG
-10.6026926,-14.94104348,-103.918078,-745.6841075,-4124.774546,3858.022966,LG
-8.810959232,-15.47575086,-110.3234982,-715.5241609,-4219.590055,3894.231965,LG
-9.353300885,-16.46834654,-114.7115346,-419.2890195,-4325.570261,3689.785603,LG
-7.568584583,-16.97481644,-120.8317744,-385.0004813,-4412.206651,3715.980664,LG
-8.066502186,-17.92815257,-124.9670088,-90.93562611,-4509.299982,3507.091612,LG
-6.290787575,-18.40341085,-130.7827643,-53.23084413,-4587.379032,3523.682312,LG
-6.747374723,-19.31474598,-134.6455714,238.073458,-4675.238301,3310.661316,LG
-4.982702943,-19.75594038,-140.1386498,278.4817722,-4744.416491,3318.083368,LG
-5.401101626,-20.62267644,-143.7105576,566.4334274,-4822.729776,3101.269066,LG
-3.649597933,-21.02712551,-148.8639253,608.8342863,-4882.700068,3099.983157,LG
-4.0330073,-21.84683732,-152.1276734,892.8417661,-4951.192183,2879.740641,LG
-2.296853899,-22.2120241,-156.9255361,936.5286712,-5001.684988,2870.23071,LG
-2.648488749,-22.9824381,-159.8651636,1216.00398,-5060.118223,2646.949592,LG
-0.929900647,-23.30600646,-164.2930403,1260.277598,-5100.902288,2629.721041,LG
-1.252996406,-24.02502551,-166.8939366,1534.638642,-5149.077581,2403.813822,LG
0.445764177,-24.30481441,-170.9387011,1578.809013,-5179.96118,2379.391968,LG
0.147953017,-24.97053543,-173.187656,1847.482052,-5217.719019,2151.292247,LG
1.824601889,-25.20457296,-176.8376005,1890.871248,-5238.550497,2120.220341,LG
1.54883297,-25.81527433,-178.722869,2153.293644,-5265.771339,1890.380714,LG
3.201080933,-26.0017793,-181.9677561,2195.238268,-5276.439626,1853.217974,LG
2.944122,-26.55594066,-183.4790941,2450.86078,-5293.044558,1622.108144,LG
4.569669527,-26.69334575,-186.3101882,2490.714148,-5293.479773,1579.4279,LG
4.328305681,-27.18965785,-187.4388897,2739.003304,-5299.430878,1347.532627,LG
5.924865311,-27.27660413,-189.8490004,2776.137916,-5289.60444,1299.920164,LG
5.695922757,-27.71396122,-190.5879392,3016.578492,-5284.904821,1067.737044,LG
7.261231857,-27.74930149,-192.5714533,3050.388296,-5264.82952,1015.787492,LG
7.041578585,-28.12681589,-192.9151029,3282.485455,-5249.523436,783.8248654,LG
8.573399912,-28.10962917,-194.4680012,3312.387893,-5219.253481,728.1411328,LG
8.359955612,-28.42663563,-194.4124549,3535.669354,-5193.426197,496.9158851,LG
9.856096604,-28.35622193,-195.5323353,3561.107556,-5153.056868,438.1064023,LG
9.645851004,-28.61227245,-195.0753262,3775.125765,-5116.834248,208.1416593,LG
11.10417399,-28.48815555,-195.7614149,3795.570526,-5066.50151,146.8181765,LG
10.89418956,-28.68302883,-194.9023182,3999.904539,-5020.049634,-81.3588887,LG
12.31261578,-28.50496409,-195.1554703,4014.856126,-4959.929647,-144.583478,LG
12.10003836,-28.63866583,-193.8953051,4209.113495,-4903.454165,-370.4439236,LG
13.4765642,-28.40663464,-193.7180068,4218.103495,-4833.762489,-434.9578695,LG
13.25863729,-28.47939297,-192.0594343,4401.922067,-4767.507773,-657.9732952,LG
14.59134273,-28.19360373,-191.4557944,4404.515017,-4688.498516,-723.168213,LG
14.36541141,-28.20587392,-189.4031026,4577.564501,-4612.746786,-942.8129811,LG
15.6524657,-27.86676455,-188.3788346,4573.359371,-4524.711621,-1008.086047,LG
15.41598675,-27.81922607,-185.9379209,4735.342849,-4439.781828,-1223.839547,LG
16.65566174,-27.42745759,-184.5003259,4723.97449,-4343.048763,-1288.595741,LG
16.40621469,-27.32100902,-181.6786749,4874.62981,-4249.295328,-1499.944637,LG
17.59689182,-26.87746416,-179.8366125,4855.770186,-4144.227416,-1563.598907,LG
17.3321833,-26.71322356,-176.6432625,4994.871137,-4042.038885,-1770.039306,LG
18.47235966,-26.21900493,-174.4071164,4968.230416,-3929.032791,-1832.018698,LG
18.19023219,-25.99830425,-170.8526239,5095.587822,-3818.830311,-2033.058313,LG
19.278531,-25.45472677,-168.2342645,5060.915375,-3698.314693,-2092.804093,LG
18.97697145,-25.17910545,-164.3306621,5176.378032,-3580.55035,-2287.964362,LG
20.01214771,-24.58769221,-161.3433998,5133.463232,-3452.984161,-2344.934047,LG
19.68929118,-24.25889382,-157.1041463,5236.918649,-3328.139243,-2533.752161,LG
20.6702371,-23.62137087,-153.76268,5185.591518,-3194.00992,-2587.421501,LG
20.32437408,-23.2413352,-149.202607,5276.966552,-3062.593021,-2769.452395,LG
21.25012691,-22.55962243,-145.5229686,5217.098284,-2922.414514,-2819.317304,LG
20.87970922,-22.13047744,-140.6582211,5296.359597,-2784.959536,-2994.135574,LG
21.74945541,-21.40668196,-136.657713,5227.862893,-2639.270279,-3039.713957,LG
21.35309925,-20.93073719,-131.5056842,5295.01723,-2496.334363,-3206.915672,LG
22.16617861,-20.16714518,-127.2028117,5217.846472,-2345.695134,-3247.749185,LG
21.74266964,-19.64688187,-121.7820736,5272.940807,-2197.856463,-3406.953637,LG
22.49858065,-18.84594803,-117.1964743,5187.092096,-2042.848143,-3442.609355,LG
22.04687764,-18.28400934,-111.5267039,5230.213607,-1890.703677,-3593.46071,LG
22.74527989,-17.44834787,-106.6790709,5135.724612,-1731.924949,-3623.532691,LG
22.26451646,-16.84752968,-100.7809706,5167.000475,-1576.088094,-3765.701522,LG
22.90523323,-15.97990387,-95.69297182,5063.950132,-1414.153069,-3789.812271,LG
22.39472073,-15.34314317,-89.58818762,5083.547185,-1255.251263,-3922.997003,LG
22.97774178,-14.44645346,-84.28238196,4972.055245,-1090.787029,-3940.798834,LG
22.43697072,-13.77681697,-77.99341706,4980.17947,-929.459281,-4064.727068,LG
22.96245295,-12.85408997,-72.49316633,4860.405875,-763.1034227,-4075.903337,LG
22.39109311,-12.15476288,-66.04329102,4857.301725,-599.9978139,-4190.333053,LG
22.85936125,-11.20913917,-60.37266878,4729.44583,-432.3958802,-4194.59928,LG
22.25726234,-10.4834122,-53.78582814,4715.395416,-268.1670125,-4299.319927,LG
22.66880936,-9.518133234,-47.96952617,4579.695073,-99.96995012,-4296.424793,LG
22.03600027,-8.769389965,-41.27024467,4555.017182,64.72362226,-4391.258246,LG
22.39148617,-7.787785558,-35.33347633,4411.747654,232.8620454,-4380.984462,LG
21.72817331,-7.019489613,-28.54675998,4376.796626,397.3603968,-4465.785841,LG
22.0284238,-6.024964522,-22.51516184,4226.26937,564.7861871,-4447.950881,LG
21.33498954,-5.240645709,-15.66639897,4181.433839,728.4306167,-4522.609253,LG
21.58099419,-4.236665695,-9.565930912,4023.995148,894.4921521,-4497.06596,LG
20.85799407,-3.439906387,-2.6807911,3969.696631,1056.627769,-4561.504893,LG
21.05090325,-2.429984696,3.462365342,3805.726136,1220.678379,-4528.141938,LG
20.29906244,-1.6244061,10.35803348,3742.4175,1380.656672,-4582.319917,LG
20.44018396,-0.612089284,16.51757733,3572.326543,1542.057203,-4541.062128,LG
19.66039359,0.19866295,23.39784871,3500.490345,1699.238591,-4584.972835,LG
19.75118881,1.209809364,29.54746224,3324.720237,1857.359944,-4535.781381,LG
18.94450128,2.022079222,36.38643846,3244.866939,2011.116288,-4569.45383,LG
18.98658015,3.028484757,42.49989023,3063.887094,2165.341908,-4512.326266,LG
18.15420377,3.838619992,49.27180258,2976.553167,2315.058975,-4535.824799,LG
18.14931965,4.836723602,55.32304995,2790.859131,2464.787301,-4470.794964,LG
17.29261305,5.641090161,62.00236166,2696.60506,2609.867179,-4484.219106,LG
17.2426569,6.627354537,67.96565252,2506.716441,2754.514027,-4411.356891,LG
16.36312254,7.422350622,74.52716035,2406.124624,2894.377476,-4414.841055,LG
16.27011627,8.39327617,80.37713397,2212.582926,3033.378351,-4334.25202,LG
15.36939346,9.175346224,86.79606837,2106.255489,3167.467075,-4327.965089,LG
15.23548304,10.12748514,92.50785453,1909.621861,3300.279417,-4239.789947,LG
14.31534064,10.89313383,98.75997798,1798.178396,3428.058257,-4223.9347,LG
14.14278864,11.82310391,104.3092941,1599.031313,3554.163589,-4128.348663,LG
13.20511702,12.56890968,110.3709975,1483.106533,3675.122628,-4103.161078,LG
12.9962945,13.47340772,115.734244,1282.039403,3794.028609,-4000.373071,LG
12.04309713,14.19603609,121.5826404,1162.280749,3907.685171,-3966.121487,LG
11.80047528,15.07185118,126.7369923,959.8994679,4018.927554,-3856.373225,LG
10.83386001,15.76806784,132.350008,836.9646574,4124.828101,-3813.35738,LG
10.56000132,16.61209418,137.2735049,633.885112,4227.972572,-3696.922326,LG
9.582171045,17.2787775,142.6299669,508.4396426,4325.694485,-3645.472264,LG
9.279720024,18.08802675,147.3015985,305.2851822,4420.338387,-3522.654456,LG
8.292963159,18.72218001,152.381319,177.9998055,4509.491623,-3463.129318,LG
7.964636785,19.49379331,156.7811071,-24.60131729,4595.265552,-3334.262081,LG
6.971317403,20.09255631,161.5649635,-153.0531448,4675.494176,-3267.048773,LG
6.619895274,20.8238157,165.6740401,-354.4703504,4752.063453,-3132.493317,LG
5.622442883,21.38447597,170.1440512,-483.41503,4823.047032,-3058.005076,LG
5.250757033,22.0728152,173.9447324,-683.0179953,4890.113025,-2918.148985,LG
4.251656167,22.59281846,178.0841301,-811.784351,4951.567889,-2836.823824,LG
3.862580742,23.23583335,181.5599849,-1008.945589,5008.869205,-2692.079444,LG
2.864360376,23.71279354,185.3532803,-1136.867424,5060.549552,-2604.378514,LG
2.460801085,24.30825157,188.489195,-1330.964851,5107.863076,-2455.181243,LG
1.466023823,24.73996005,191.9222407,-1457.383489,5149.561938,-2361.587093,LG
1.050907224,25.28580928,194.7044775,-1647.802969,5186.703721,-2208.393583,LG
0.062158424,25.67024344,197.7645237,-1772.069762,5218.253771,-2109.408333,LG
-0.361578828,26.1646208,200.1807744,-1958.207619,5245.079761,-1952.69461,LG
-1.341702013,26.49995189,202.8565198,-2079.686424,5266.353969,-1848.838052,LG
-1.771124016,26.94119064,204.8959534,-2260.951905,5282.760591,-1689.097558,LG
-2.740023649,27.22579085,207.1775904,-2379.021512,5293.672716,-1580.905178,LG
-3.172206121,27.61242727,208.8308957,-2554.839206,5299.597285,-1418.646754,LG
-4.127294461,27.84487604,210.7101492,-2668.895701,5300.102206,-1306.667693,LG
-4.559335539,28.17565538,211.9695705,-2838.707893,5295.523184,-1142.413492,LG
-5.498045959,28.35474483,213.4397316,-2948.166966,5285.617074,-1027.208455,LG
-5.927076959,28.62862635,214.2990986,-3111.435913,5270.554159,-861.4918126,LG
-6.846874795,28.75336596,215.3550512,-3215.735082,5250.274494,-743.6309274,LG
-7.270070847,28.96952718,215.8098028,-3371.945219,5224.788552,-576.9941835,LG
-8.168464078,29.03914756,216.4480444,-3470.545972,5194.213952,-457.0548193,LG
-8.583054586,29.19698762,216.4952463,-3619.20602,5158.40678,-290.0471119,LG
-9.457604343,29.21094341,216.7139022,-3711.595865,5117.656698,-168.6116713,LG
-9.860883266,29.31008557,216.3522574,-3852.240847,5071.670631,-1.786699425,LG
-10.70921412,29.26805747,216.1510887,-3937.935261,5020.904873,120.5596129,LG
-11.09855001,29.3083507,215.3809425,-4070.128412,4964.922227,286.6458397,LG
-11.91836,29.21024663,214.7613472,-4148.672677,4904.340312,409.3172604,LG
-12.29120572,29.19176634,213.584685,-4272.007237,4838.582673,574.1086813,LG
-13.08027605,29.03772165,212.5496931,-4342.978166,4768.423044,696.5211351,LG
-13.43417826,28.96076948,210.970132,-4457.079057,4693.150395,859.4638964,LG
-14.1903827,28.75114634,209.5243939,-4520.086595,4613.689473,981.0372375,LG
-14.52299087,28.61624911,207.5471679,-4624.611973,4529.199177,1141.58194,LG
-15.24430474,28.35163493,205.6969367,-4679.300661,4440.750258,1261.74218,LG
-15.55337988,28.15954264,203.3288753,-4773.94333,4347.37589,1419.34611,LG
-16.23788864,27.84074767,201.0819823,-4819.99365,4250.28791,1537.527621,LG
-16.52131151,27.59243067,198.3314834,-4904.482344,4148.397944,1691.656948,LG
-17.1672189,27.22048467,195.6973073,-4941.611907,4043.054094,1807.304638,LG
-17.42299784,26.91712991,192.5743032,-5015.712423,3933.050455,1957.436583,LG
-18.02863354,26.49327799,189.5637342,-5043.677021,3819.866662,2070.008024,LG
-18.25491173,26.13628448,186.0796518,-5107.193208,3702.183144,2215.632981,LG
-18.81873851,25.66198206,182.7050484,-5125.787717,3581.606427,2324.600496,LG
-19.01380078,25.25295541,178.8727641,-5178.562314,3456.706988,2465.224095,LG
-19.53442112,24.72986239,175.1479049,-5187.621438,3329.213689,2570.076784,LG
-19.69670018,24.27060859,170.9816927,-5229.536753,3197.590622,2705.2219,LG
-20.17286231,23.70058271,166.9217223,-5228.935618,3063.684518,2805.467598,LG
-20.30094438,23.19310108,162.4371973,-5259.914057,2925.856517,2934.676287,LG
-20.73154776,22.57819047,158.0585672,-5249.568643,2786.066831,3029.843459,LG
-20.82417767,22.0246659,153.2726232,-5269.573071,2642.576942,3152.678818,LG
-21.20827785,21.36710087,148.5930268,-5249.440486,2497.456248,3242.318361,LG
-21.26436346,20.76989526,143.5237698,-5258.474434,2348.869737,3358.366303,LG
-21.60117628,20.07207946,138.5620731,-5228.553027,2198.991776,3442.053269,LG
-21.61979231,19.4337225,133.2287486,-5226.660731,2045.893896,3550.92421,LG
-21.90869755,18.6982233,128.0049161,-5186.990042,1891.851306,3628.259436,LG
-21.88908874,18.02140259,122.4278333,-5174.256327,1734.845,3729.589877,LG
-22.12963299,17.25094086,116.9628495,-5124.916877,1577.246973,3800.201505,LG
-22.07121662,16.53849136,111.1633002,-5101.466874,1416.950489,3893.655522,LG
-22.26311558,15.73593064,105.4790873,-5042.579793,1256.420366,3957.200423,LG
-22.16548328,14.99082361,99.47926166,-5008.578501,1093.464826,4042.471033,LG
-22.30862333,14.15915872,93.59859297,-4940.304996,930.637628,4098.636111,LG
-22.17154227,13.38449003,87.42149183,-4895.956681,765.6645425,4175.446536,LG
-22.26598138,12.52683518,81.36790246,-4818.49735,601.1844645,4223.949918,LG
-22.0893947,11.72581323,75.03724566,-4764.04479,434.8432009,4292.054717,LG
-22.13536266,10.84538961,68.8349399,-4677.638781,269.361064,4332.646822,LG
-21.91938931,10.02132268,62.37507248,-4613.362357,102.3062893,4391.83291,LG
-21.91728723,9.121445692,56.04882856,-4518.286374,-63.52303066,4424.297385,LG
-21.66222101,8.27772905,49.48462427,-4444.503012,-230.6339304,4474.384912,LG
-21.6126202,7.361795112,43.05969686,-4341.070173,-396.154091,4498.539446,LG
-21.31892823,6.501897624,36.41645957,-4258.132144,-562.6636014,4539.382554,LG
-21.22256834,5.57337071,29.9184804,-4146.690701,-727.2193875,4555.079554,LG
-20.8908888,4.700821258,23.22184388,-4054.984273,-892.4724578,4586.566991,LG
-20.74867531,3.763219131,16.67672084,-3935.91619,-1055.41237,4593.694122,LG
-20.37981451,2.881592758,9.95254722,-3835.860155,-1218.758995,4615.749726,LG
-20.19281557,1.938473012,3.3863624,-3709.579553,-1379.437826,4614.230313,LG
-19.78774435,1.051376885,-3.339360298,-3601.623613,-1540.235607,4626.813347,LG
-19.55718696,0.106322826,-9.900453272,-3468.575094,-1698.016988,4616.60664,LG
-19.11703654,-0.782617926,-16.60171403,-3353.198136,-1855.633667,4619.711996,LG
-18.84430208,-1.726011498,-23.13159296,-3213.854985,-2009.892584,4600.813289,LG
-18.37035915,-2.613168019,-29.78246077,-3091.56323,-2163.708536,4594.471546,LG
-18.05697832,-3.55130907,-36.25513774,-2946.425501,-2313.8338,4566.912157,LG
-17.55067961,-4.433063029,-42.82986431,-2817.750551,-2463.244472,4551.189499,LG
-17.19832676,-5.362376544,-49.21958797,-2667.343056,-2608.641132,4515.036611,LG
-16.66125304,-6.235134345,-55.69270966,-2532.839835,-2753.05943,4490.034599,LG
-16.27173991,-7.152076507,-61.97406663,-2377.710031,-2893.151126,4445.390955,LG
-15.70560935,-8.012283405,-68.32050529,-2237.954637,-3032.009729,4411.246166,LG
-15.28087828,-8.913355652,-74.46852021,-2078.670422,-3166.240967,4358.249632,LG
-14.68753936,-9.757509715,-80.66368248,-1934.257895,-3298.99456,4315.133153,LG
-14.22965598,-10.63927262,-86.65391636,-1771.40533,-3426.832909,4253.956133,LG
-13.61107984,-11.46393848,-92.67379104,-1622.947338,-3552.960337,4202.072922,LG
-13.12222526,-12.32302539,-98.48243743,-1457.128298,-3673.898531,4132.921646,LG
-12.48049758,-13.12484775,-104.3036906,-1305.250765,-3792.904849,4072.509756,LG
-11.96296011,-13.95797813,-109.9076694,-1137.080521,-3906.462793,3995.623434,LG
-11.30027255,-14.73369493,-115.5077366,-982.4211909,-4017.88122,3926.953106,LG
-10.75643898,-15.5376874,-120.8847849,-812.5259495,-4123.607887,3842.602945,LG
-10.07508024,-16.28414264,-126.2419609,-655.7319088,-4227.001644,3765.975577,LG
-9.507426783,-17.05592757,-131.3707205,-484.7463014,-4324.476856,3674.463686,LG
-8.80977323,-17.77008369,-136.464245,-326.4714592,-4419.440888,3590.21067,LG
-8.22085601,-18.5067154,-141.3243466,-155.0360035,-4508.276978,3491.868828,LG
-7.509361998,-19.18566523,-146.1344862,4.061453179,-4594.439553,3400.35028,LG
-6.901807315,-19.88433365,-150.7066298,175.3029159,-4674.282894,3295.538602,LG
-6.178995203,-20.5253118,-155.2147567,334.563086,-4751.307063,3197.141965,LG
-5.555489445,-21.18335366,-159.4807871,504.9659658,-4821.839471,3086.247445,LG
-4.823939346,-21.78374739,-163.6694526,663.7298045,-4889.424399,2981.385994,LG
-4.187218688,-22.39865676,-167.6124312,832.65134,-4950.364387,2864.820952,LG
-3.449557999,-22.95601625,-171.4654346,990.263227,-5008.246538,2753.932191,LG
-2.802397893,-23.52545448,-175.069706,1157.065054,-5059.350429,2632.132613,LG
-2.061290645,-24.03750242,-178.5721593,1312.875349,-5107.304602,2515.676577,LG
-1.406495147,-24.55930747,-181.8234128,1476.926054,-5148.367495,2389.100367,LG
-0.664631214,-25.023948,-184.9617994,1630.293627,-5186.207714,2267.557834,LG
-0.0050222,-25.496143,-187.8471254,1790.971266,-5217.064292,2136.682982,LG
0.734893588,-25.91146994,-190.6093537,1941.266,-5244.644536,2010.553603,LG
1.396487292,-26.33227103,-193.1172944,2097.960589,-5265.169721,1875.876266,LG
2.131746088,-26.69657534,-195.492746,2244.565834,-5282.384499,1745.67662,LG
2.792499604,-27.06439881,-197.6133404,2396.68178,-5292.493949,1607.70914,LG
3.520399493,-27.37617528,-199.5929119,2538.996759,-5299.278714,1473.970723,LG
4.177502777,-27.68964384,-201.317735,2685.955247,-5298.929155,1333.239578,LG
4.895359694,-27.947597,-202.8938746,2823.397393,-5295.260559,1196.506729,LG
5.546028372,-28.20554528,-204.2160705,2964.638694,-5284.449959,1053.550429,LG
6.251186945,-28.40859443,-205.3828076,3096.645927,-5270.34594,914.3782106,LG
6.892673054,-28.61007364,-206.2971164,3231.631636,-5249.11352,769.7451473,LG
7.582517324,-28.75735712,-207.0500856,3357.664551,-5224.633233,628.697175,LG
8.21211991,-28.90163881,-207.5528639,3485.879741,-5193.059311,482.9434332,LG
8.884083897,-28.99251729,-207.8893226,3605.423707,-5158.302891,340.5896787,LG
9.499159434,-29.07909632,-207.9785578,3726.378986,-5116.508567,194.2768171,LG
10.1507375,-29.11315534,-207.8973969,3838.946155,-5071.616735,51.19138158,LG
10.74871009,-29.1417519,-207.5727151,3952.179627,-5019.763417,-95.1158072,LG
11.37746704,-29.11880341,-207.0744639,4057.310827,-4964.916919,-238.3569357,LG
11.95583835,-29.08936416,-206.3371309,4162.389938,-4903.205684,-384.092677,LG
12.55941929,-29.00944723,-205.4239551,4259.656466,-4838.62458,-526.9138739,LG
13.1157782,-28.9221456,-204.2768714,4356.179736,-4767.295384,-671.513667,LG
13.69191804,-28.78552625,-202.9525648,4445.185021,-4693.238176,-813.3419208,LG
14.22394989,-28.64076174,-201.4002543,4532.783656,-4612.56891,-956.2447886,LG
14.77048249,-28.44793181,-199.670224,4613.1648,-4529.331521,-1096.51194,LG
15.27597806,-28.24632852,-197.7188155,4691.504171,-4439.636911,-1237.162666,LG
15.79084501,-27.99800371,-195.5900606,4762.933356,-4347.551516,-1375.30763,LG
16.267709,-27.74040789,-193.247264,4831.714342,-4249.181887,-1513.158967,LG
16.74896791,-27.43752489,-190.7283486,4893.900104,-4148.615601,-1648.629925,LG
17.19522699,-27.12500163,-188.0034237,4952.860296,-4041.955491,-1783.144783,LG
17.64105942,-26.76871439,-185.1044429,5005.548648,-3933.30892,-1915.40134,LG
18.05486984,-26.40254348,-182.0081635,5054.46341,-3818.775568,-2046.054919,LG
18.46358861,-25.99421859,-178.7407037,5097.438824,-3702.481222,-2174.570219,LG
18.84324325,-25.57588953,-175.2853142,5136.122198,-3580.522921,-2300.852102,LG
19.21329935,-25.11710082,-171.6624082,5169.208433,-3457.043513,-2425.114884,LG
19.55723428,-24.64830695,-167.8615755,5197.513899,-3328.137839,-2546.531076,LG
19.88722311,-24.14082921,-163.8976504,5220.574673,-3197.964454,-2666.047674,LG
20.1940236,-23.62346108,-159.7664101,5238.395746,-3062.616387,-2782.122564,LG
20.48269074,-23.06926305,-155.4772309,5251.335256,-2926.266542,-2896.418838,LG
20.75109659,-22.50540099,-151.0319273,5258.605928,-2785.00647,-3006.697098,LG
20.99734294,-21.90663753,-146.4345351,5261.369205,-2643.022073,-3115.320285,LG
21.22625332,-21.2985435,-141.6927569,5258.064225,-2496.403703,-3219.368686,LG
21.4291396,-20.65754707,-136.8054016,5250.63733,-2349.34891,-3321.889168,LG
21.6176172,-20.00765574,-131.7859122,5236.772326,-2197.947084,-3419.298307,LG
21.77636783,-19.32692714,-126.6279804,5219.182388,-2046.406076,-3515.311292,LG
21.92364239,-18.63783636,-121.3506441,5194.813824,-1890.814498,-3605.697225,LG
22.03764871,-17.92003483,-115.9425832,5167.12891,-1735.389171,-3694.824324,LG
22.14311988,-17.19449538,-110.4282862,5132.353882,-1576.218072,-3777.830099,LG
22.21194274,-16.44242807,-104.7915235,5094.68271,-1417.525663,-3859.720805,LG
22.27518231,-15.68333286,-99.06209164,5049.638582,-1255.399389,-3935.017888,LG
22.29855395,-14.89994374,-93.21895023,5002.130076,-1094.070036,-4009.350941,LG
22.31930732,-14.11031641,-87.29706268,4946.993957,-929.6245866,-4076.640527,LG
22.29713263,-13.29867459,-81.27067328,4889.836637,-766.2988448,-4143.125166,LG
22.27531968,-12.48165763,-75.17977295,4824.8247,-600.1793629,-4202.139379,LG
22.20767667,-11.64494522,-68.99398285,4758.245922,-435.5056738,-4260.516474,LG
22.14339196,-10.8037876,-62.75818377,4683.612568,-268.3639015,-4311.019435,LG
22.03053163,-9.945287151,-56.43746286,4607.87761,-102.9960331,-4361.062494,LG
21.92404381,-9.083331505,-50.08145489,4523.914482,64.51226048,-4402.851271,LG
21.76638934,-8.206412988,-43.65079923,4439.325476,229.9177942,-4444.36732,LG
21.61813996,-7.327082498,-37.1997505,4346.360327,397.1353995,-4477.272742,LG
21.41628515,-6.435189983,-30.68458381,4253.255055,561.9219306,-4510.103068,LG
21.22688679,-5.541974877,-24.16404137,4151.650465,728.1927911,-4533.99041,LG
20.98159386,-4.638612916,-17.59011484,4050.401006,891.7060896,-4558.011176,LG
20.75182753,-3.735056728,-11.02590367,3940.552976,1056.37789,-4572.780702,LG
20.46402429,-2.823776497,-4.41919446,3831.564222,1217.968747,-4587.903422,LG
20.19483624,-1.913462115,2.162684511,3713.900619,1380.395487,-4593.490795,LG
19.86561252,-0.997847363,8.77607566,3597.608661,1539.422277,-4599.662667,LG
19.55811036,-0.084382919,15.34954826,3472.587553,1698.96682,-4596.039218,LG
19.18871388,0.831964196,21.9434999,3349.457944,1854.798034,-4593.243318,LG
18.84416205,1.744959535,28.48252171,3217.5658,2010.834622,-4580.41617,LG
18.43599362,2.658432695,35.03099463,3088.091706,2162.851359,-4568.671508,LG
18.05580826,3.56734298,41.50965388,2949.841497,2314.768079,-4546.683563,LG
17.61041637,4.474345962,47.98679378,2814.54173,2462.366493,-4526.044996,LG
17.19615967,5.375572708,54.37941364,2670.470915,2609.567695,-4494.974779,LG
16.71523451,6.272533607,60.75965303,2529.887875,2752.161375,-4465.532775,LG
16.26860833,7.162509958,67.04089308,2380.556298,2894.070017,-4425.494137,LG
15.75397526,8.045895307,73.29905204,2235.253818,3031.092302,-4387.374413,LG
15.27681433,8.921100093,79.44400834,2081.24151,3167.152233,-4338.516093,LG
14.73042678,9.787428836,85.55539382,1931.802614,3298.058452,-4291.879103,LG
14.22469134,10.64440044,91.53969727,1773.707519,3427.736601,-4234.384154,LG
13.64862323,11.49025769,97.4802004,1620.732111,3552.006219,-4179.424443,LG
13.11639117,12.32560768,103.280113,1459.16774,3674.794703,-4113.509523,LG
12.51282882,13.14765822,109.0263041,1303.270219,3791.933378,-4050.454949,LG
11.95628735,13.9580847,114.6188127,1138.86324,3907.351501,-3976.369475,LG
11.327521,14.75308619,120.1480337,980.6700667,4016.893036,-3905.480299,LG
10.74895791,15.53538679,125.510941,814.0578474,4124.489189,-3823.505478,LG
10.09737278,16.30020256,130.8013947,654.2050553,4225.997372,-3745.073322,LG
9.499167295,17.05128708,135.9134066,486.033158,4325.350814,-3655.521048,LG
8.82723428,17.78289853,140.9442427,325.1638323,4418.421137,-3569.867738,LG
8.211847565,18.49980107,145.7850529,156.08348,4509.143654,-3473.079375,LG
7.522113579,19.19531964,150.5364498,-5.154792838,4593.404917,-3380.555655,LG
6.892078922,19.87521034,155.0868196,-174.4892749,4675.142355,-3276.900701,LG
6.187156968,20.53188888,159.5400631,-335.4469753,4750.258122,-3177.884843,LG
5.545069665,21.17208499,163.7818977,-504.3807298,4822.691783,-3067.759482,LG
4.827628623,21.78732869,167.9194544,-664.40898,4888.361718,-2962.655777,LG
4.176135636,22.38530518,171.8358739,-832.2891902,4951.20962,-2846.481324,LG
3.448889826,22.95668177,175.6414604,-990.7423269,5007.170667,-2735.718483,LG
2.790679237,23.51008127,179.2168671,-1156.920782,5060.188653,-2613.939734,LG
2.05637781,24.03533067,182.675514,-1313.158915,5106.21608,-2497.969181,LG
1.39416811,24.54197276,185.8956538,-1476.994557,5149.198783,-2371.052666,LG
0.655584293,25.01901602,188.9937648,-1630.386107,5185.107065,-2250.346749,LG
-0.007886442,25.47690576,191.8457832,-1791.247548,5217.888717,-2118.778901,LG
-0.747966197,25.90385327,194.571189,-1941.17175,5243.53227,-1993.829017,LG
-1.409951207,26.31118912,197.0436822,-2098.439757,5265.987359,-1858.114262,LG
-2.148738124,26.68634811,199.3856877,-2244.289118,5281.261115,-1729.42891,LG
-2.8064929,27.04152898,201.4687477,-2397.359042,5293.304875,-1590.087685,LG
-3.541206798,27.36341019,203.418175,-2538.541753,5298.144696,-1458.190449,LG
-4.192000007,27.66504174,205.1034286,-2686.825909,5299.733447,-1315.757158,LG
-4.919880179,27.93236536,206.6526522,-2822.768187,5294.116381,-1181.184632,LG
-5.561004527,28.17926549,207.9332943,-2965.69816,5285.247695,-1036.205546,LG
-6.279320553,28.39096617,209.0762718,-3095.846527,5269.192064,-899.505207,LG
-6.908103562,28.58216968,209.947092,-3232.875405,5249.904779,-752.5363167,LG
-7.614165997,28.73740081,210.6793878,-3356.698877,5223.470107,-614.2643559,LG
-8.227980635,28.87216314,211.1367913,-3487.303405,5193.844173,-465.8691847,LG
-8.919151538,28.97030017,211.4555938,-3604.295601,5157.130954,-326.588305,LG
-9.515426675,29.04810037,211.4976154,-3727.978229,5117.287114,-177.3356952,LG
-10.18912994,29.08874333,211.4017479,-3837.659376,5070.436414,-37.61288089,LG
-10.76536057,29.10928609,211.0280603,-3953.950221,5020.535729,111.9252437,LG
-11.41909202,29.09226114,210.5179859,-4055.869059,4963.728629,251.520972,LG
-11.97284924,29.05547789,209.7299004,-4164.327744,4903.971843,400.7718551,LG
-12.60418641,28.98083805,208.80772,-4258.063314,4837.428726,539.6716939,LG
-13.13312706,28.8868873,207.6081818,-4358.2807,4768.055474,688.0639993,LG
-13.73973871,28.75491226,206.2776256,-4443.444016,4692.035154,825.7016152,LG
-14.24161474,28.60417885,204.6712019,-4535.043809,4613.323012,972.6676737,LG
-14.82126996,28.41537388,202.9376149,-4611.2794,4528.121714,1108.481445,LG
-15.29393733,28.20846754,200.9304774,-4693.919625,4440.385109,1253.459488,LG
-15.84451427,27.96356148,198.8007976,-4760.906948,4346.335299,1386.89473,LG
-16.28594152,27.70131435,196.4006978,-4834.281292,4249.924263,1529.331097,LG
-16.8054357,27.40125681,193.8834296,-4891.736002,4147.393338,1659.842258,LG
-17.21371202,27.08472014,191.0996683,-4955.575015,4042.69213,1799.193576,LG
-17.70024419,26.73067773,188.2048483,-5003.2501,3932.080965,1926.246395,LG
-18.07358704,26.36111775,185.0482391,-5057.322247,3819.506553,2061.981718,LG
-18.52541048,25.95446947,181.7873965,-5095.009009,3701.247923,2185.055343,LG
-18.8621727,25.53336234,178.270223,-5139.121581,3581.248335,2316.658237,LG
-19.27768009,25.0756942,174.6563342,-5166.650464,3455.805205,2435.247286,LG
-19.57635646,24.6047202,170.7923018,-5200.650329,3328.857767,2562.21786,LG
-19.95408612,24.09781895,166.8397389,-5217.891599,3196.721465,2675.834423,LG
-20.21331936,23.5788558,162.6439205,-5241.665797,3063.330912,2797.691298,LG
-20.55196101,23.02470189,158.3683948,-5248.530063,2925.019189,2905.866869,LG
-20.77054722,22.45981734,153.8571713,-5262.006245,2785.715676,3022.14907,LG
-21.06894701,21.86057714,149.275671,-5258.444815,2641.770668,3124.436401,LG
-21.24584048,21.25202081,144.466667,-5261.591523,2497.107673,3234.70517,LG
-21.50300556,20.61003803,139.5973902,-5247.596606,2348.093755,3330.680042,LG
-21.63732294,19.96023249,134.5094043,-5240.423391,2198.6459,3434.520563,LG
-21.85242527,19.278019,129.3716871,-5216.028133,2045.147463,3523.783469,LG
-21.94344914,18.5895502,124.0246179,-5198.585506,1891.508245,3620.8065,LG
-22.1158287,17.86977609,118.6388578,-5163.863868,1734.127387,3702.984225,LG
-22.16301046,17.14538316,113.0536251,-5136.243098,1576.906832,3792.827627,LG
-22.29217782,16.39086622,107.441201,-5091.30957,1416.260985,3867.574728,LG
-22.2951399,15.63343065,101.6396636,-5053.642315,1256.083243,3949.904889,LG
-22.38077807,14.84712527,95.82285083,-4998.651469,1092.802735,4016.905063,LG
-22.33931549,14.05965947,89.82771996,-4951.109252,930.3036172,4091.418208,LG
-22.38128114,13.24464501,83.82960267,-4886.25514,765.0291833,4150.385549,LG
-22.29536237,12.43028046,77.66435279,-4829.048665,600.8536517,4216.808934,LG
-22.29368633,11.58974907,71.50873249,-4754.564059,434.2339074,4267.489062,LG
-22.16345345,10.75172395,65.19750845,-4687.94237,269.0335294,4325.582046,LG
-22.11834052,9.888968011,58.90881025,-4604.097851,101.7224102,4367.753118,LG
-21.94410877,9.030614371,52.47633203,-4528.347349,-63.84721272,4417.308107,LG
-21.85593689,8.149013515,46.07950813,-4435.450242,-231.1930321,4450.781699,LG
-21.6381934,7.273744148,39.55097337,-4350.893544,-396.474852,4491.624958,LG
-21.50751207,6.376751914,33.07140451,-4249.286713,-563.1985488,4516.246814,LG
-21.24691406,5.488046855,26.47238911,-4156.281377,-727.5366642,4548.239148,LG
-21.07444216,4.579177085,19.93578439,-4046.341878,-892.98386,4563.889793,LG
-20.77181435,3.680569871,13.29214156,-3945.27898,-1055.726105,4586.927093,LG
-20.55843724,2.763382846,6.724436882,-3827.416578,-1219.247448,4593.522308,LG
-20.21476866,1.85844656,0.062195171,-3718.719169,-1379.747965,4607.535957,LG
-19.96153463,0.936534966,-6.510549099,-3593.374727,-1540.701693,4605.027118,LG
-19.57797476,0.02886812,-13.1652885,-3477.496156,-1698.323484,4609.984256,LG
-19.28609084,-0.894157126,-19.71699049,-3345.139897,-1856.077956,4598.358528,LG
-18.86394516,-1.800944798,-26.33815673,-3222.562018,-2010.195394,4594.262177,LG
-18.53477233,-2.721468784,-32.84281599,-3083.691678,-2164.131585,4573.542574,LG
-18.07549714,-3.62377059,-39.40447143,-2954.92294,-2314.132884,4560.43162,LG
-17.71054491,-4.538188667,-45.83627163,-2810.06181,-2463.646825,4530.676915,LG
-17.21574169,-5.432415199,-52.31271414,-2675.635245,-2608.936456,4508.625954,LG
-16.81666209,-6.337147197,-58.64612497,-2525.330108,-2753.441621,4469.93045,LG
-16.2880712,-7.219740504,-65.0119894,-2385.801228,-2893.44266,4439.049487,LG
-15.85665221,-8.111244852,-71.22186738,-2230.620205,-3032.372278,4391.542654,LG
-15.29614606,-8.978692498,-77.45222557,-2086.564799,-3166.528684,4351.976662,LG
-14.83430454,-9.853480189,-83.51391333,-1927.095116,-3299.337976,4295.822628,LG
-14.24388027,-10.70232912,-89.58437249,-1779.106975,-3427.116786,4247.750975,LG
-13.75365433,-11.55697748,-95.47379611,-1615.952647,-3553.285117,4183.147879,LG
-13.13542592,-12.38384767,-101.3605951,-1464.641217,-3674.178548,4126.783617,LG
-12.61896685,-13.21501383,-107.0543591,-1298.420669,-3793.21148,4053.962836,LG
-11.97515687,-14.01661162,-112.7344621,-1144.408639,-3906.738935,3989.551852,LG
-11.43472059,-14.82104574,-118.2099421,-975.7522712,-4018.170177,3908.777089,LG
-10.76765143,-15.59417686,-123.6611295,-819.6731115,-4123.880141,3836.597135,LG
-10.20558959,-16.36873492,-128.896561,-649.2208156,-4227.273393,3748.163383,LG
-9.517674362,-17.11031707,-134.0975173,-491.716276,-4324.745213,3668.522971,LG
-8.936424965,-17.85197327,-139.0720821,-320.1149128,-4419.695884,3572.755354,LG
-8.230157998,-18.55904836,-144.0024796,-161.8324831,-4508.541432,3485.99254,LG
-7.632235788,-19.26490705,-148.6963878,10.2666649,-4594.678239,3383.245029,LG
-6.91018283,-19.93465281,-153.3369671,168.6763136,-4674.543441,3289.726071,LG
-6.298169314,-20.60195993,-157.7315353,340.6201086,-4751.529874,3180.380097,LG
-5.562957442,-21.23170111,-162.0641812,498.5056959,-4822.096111,3080.498009,LG
-4.939490668,-21.85785503,-166.1419062,669.6417186,-4889.631759,2964.960955,LG
-4.19379795,-22.44507393,-170.1497192,826.3539292,-4950.617121,2859.133951,LG
-3.561562063,-23.02763573,-173.8943472,996.0330493,-5008.438862,2737.837551,LG
-2.808107032,-23.56998218,-177.5617101,1150.9271,-5059.599262,2626.50739,LG
-2.169821645,-24.10668523,-180.9583007,1318.506034,-5107.482296,2499.90603,LG
-1.411352599,-24.60198585,-184.2709403,1470.94422,-5148.612434,2383.536271,LG
-0.769762028,-25.09074479,-187.3059257,1635.788068,-5186.371173,2252.105195,LG
-0.009046216,-25.53701157,-190.250969,1785.142287,-5217.305346,2131.179364,LG
0.633091381,-25.97593052,-192.9122076,1946.627031,-5244.794148,1995.412803,LG
1.393278641,-26.3713687,-195.4782327,2092.281262,-5265.406902,1870.43248,LG
2.033202186,-26.75874871,-197.7550568,2249.796229,-5282.520643,1730.841708,LG
2.790088435,-27.10176384,-199.9321379,2391.148971,-5292.727269,1602.324547,LG
3.42504485,-27.43610962,-201.8153961,2544.099236,-5299.401759,1459.435861,LG
4.175871396,-27.7253139,-203.5951427,2680.565881,-5299.15863,1327.913541,LG
4.803126504,-28.00533969,-205.0772357,2828.374614,-5295.370866,1182.266191,LG
5.545159277,-28.23955742,-206.4528256,2959.38976,-5284.675606,1048.282316,LG
6.162008623,-28.46419208,-207.5277368,3101.500499,-5270.443863,900.4263791,LG
6.892548935,-28.64246432,-208.4939431,3226.520185,-5249.335358,764.5343297,LG
7.496328483,-28.81085553,-209.1572616,3362.399025,-5224.719116,615.0285397,LG
8.212723654,-28.93244388,-209.7104733,3480.902882,-5193.277361,477.7892875,LG
8.800820334,-29.04396152,-209.9594122,3610.040585,-5158.377072,327.1988347,LG
9.500474126,-29.10835106,-210.0976483,3721.533887,-5116.722852,189.1787239,LG
10.07033617,-29.16258966,-209.931055,3843.447884,-5071.679543,38.07302699,LG
10.75071901,-29.16949099,-209.6539724,3947.463513,-5019.973959,-100.1584629,LG
11.29986606,-29.16627134,-209.0723336,4061.699805,-4964.968676,-251.2080016,LG
11.95852499,-29.11562172,-208.3812286,4157.800091,-4903.412509,-389.080506,LG
12.48455789,-29.05499158,-207.3866682,4263.935042,-4838.665599,-539.5027527,LG
13.11912624,-28.94695516,-206.284471,4351.713493,-4767.498519,-676.4472754,LG
13.61973655,-28.82918906,-204.8807418,4449.355494,-4693.268766,-825.6736167,LG
14.22794322,-28.66415629,-203.3720054,4528.438407,-4612.768383,-961.1247782,LG
14.70092236,-28.48975443,-201.5644743,4617.229423,-4529.351981,-1108.591362,LG
15.28060078,-28.26834049,-199.6553561,4687.277359,-4439.83275,-1241.989634,LG
15.72384874,-28.03802676,-197.4509831,4766.894335,-4347.562139,-1387.139593,LG
16.27294539,-27.76106915,-195.1492206,4827.603462,-4249.374122,-1517.933506,LG
16.68447908,-27.47578828,-192.5565311,4897.759599,-4148.616673,-1660.219154,LG
17.20106157,-27.14434352,-189.8714117,4948.862895,-4042.144154,-1787.867481,LG
17.57902263,-26.80525734,-186.9004631,5009.308776,-3933.30072,-1926.752468,LG
18.06128731,-26.42059681,-183.842787,5050.577083,-3818.960691,-2050.726359,LG
18.4039495,-26.02907966,-180.5051289,5101.101656,-3702.464024,-2185.687791,LG
18.85022853,-25.59268456,-177.0871669,5132.34459,-3580.704536,-2305.472864,LG
19.15600455,-25.15031786,-173.3957955,5172.775998,-3457.017583,-2436.003359,LG
19.56477249,-24.66387342,-169.6312403,5193.842702,-3328.315982,-2551.101733,LG
19.83222026,-24.17243942,-165.6005473,5224.04896,-3197.930053,-2676.711427,LG
20.20210005,-23.63782823,-161.5044592,5234.8287,-3062.791091,-2786.643686,LG
20.42992845,-23.09930298,-157.150175,5254.718212,-2926.223923,-2906.862158,LG
20.75969683,-22.51859754,-152.7389231,5255.140816,-2785.177771,-3011.169249,LG
20.94677078,-21.93514307,-148.0780546,5264.662735,-2642.971485,-3125.547382,LG
21.23536308,-21.31059767,-143.3692516,5254.698878,-2496.571637,-3223.792426,LG
21.38070808,-20.68455348,-138.4200151,5253.843302,-2349.290596,-3331.904172,LG
21.62722243,-20.01859525,-133.4324481,5233.504619,-2198.111688,-3423.674192,LG
21.73002839,-19.35246904,-128.2141976,5222.302631,-2046.340271,-3525.118253,LG
21.93372923,-18.64768844,-122.9677537,5191.641673,-1890.97581,-3610.025806,LG
21.99335371,-17.94414623,-117.5009044,5170.165214,-1735.316108,-3704.427215,LG
22.15367469,-17.20328678,-112.0164926,5129.275246,-1576.37613,-3782.111921,LG
22.16964543,-16.46514237,-106.3224405,5097.636831,-1417.445566,-3869.123524,LG
22.28619164,-15.69108985,-100.6219086,5046.651463,-1255.55423,-3939.253491,LG
22.25820848,-14.92129372,-94.7229459,5005.003731,-1093.983126,-4018.557312,LG
22.33075794,-14.11706478,-88.82899471,4944.096397,-929.77625,-4080.830448,LG
22.25869399,-13.31869245,-82.74822199,4892.631508,-766.2053372,-4152.13894,LG
22.28719856,-12.48742271,-76.68431566,4822.01478,-600.3278882,-4206.284149,LG
22.17110073,-11.66366259,-70.44555058,4760.963658,-435.4057781,-4269.341331,LG
22.15568625,-10.80859427,-64.23582386,4680.888409,-268.5093282,-4315.119581,LG
21.9957751,-9.96273504,-57.86350733,4610.519825,-102.8899539,-4369.702044,LG
21.93674089,-9.087204194,-51.53267038,4521.274243,64.36989234,-4406.907315,LG
21.73340974,-8.222621869,-45.05177003,4441.893752,230.0298568,-4452.825104,LG
21.6312274,-7.330045176,-38.6250109,4343.802203,396.9960498,-4481.285201,LG
21.38504083,-6.450189761,-32.06092261,4255.750939,562.0397815,-4518.382561,LG
21.24035234,-5.544051078,-25.56380779,4149.172691,728.0564193,-4537.959796,LG
20.95204395,-4.652432946,-18.94225548,4052.826015,891.8295384,-4566.115786,LG
20.76565917,-3.736269554,-12.40062901,3938.15382,1056.244455,-4576.707523,LG
20.43612873,-2.836445586,-5.747563095,3833.91984,1218.097608,-4595.836492,LG
20.20902212,-1.913834239,0.812555434,3711.578386,1380.264949,-4597.375554,LG
19.83933202,-1.009393784,7.471060401,3599.896345,1539.556368,-4607.427477,LG
19.57263884,-0.083936593,14.02357856,3470.340581,1698.839137,-4599.882412,LG
19.16400989,0.821512696,20.66142679,3351.679118,1854.937179,-4600.843085,LG
18.85902168,1.746202476,27.18028228,3215.392464,2010.709753,-4584.218292,LG
18.41282834,2.649048891,33.77145974,3090.247765,2162.995386,-4576.10939,LG
18.07098779,3.56936111,40.23072325,2947.7402,2314.645984,-4550.445103,LG
17.58875275,4.46600314,46.74940029,2816.63404,2462.515233,-4533.324088,LG
17.21164802,5.378345003,53.12337788,2668.440098,2609.448331,-4498.69622,LG
16.69503622,6.265205555,59.54401114,2531.917776,2752.314663,-4472.656117,LG
16.28439463,7.166015797,65.8073456,2378.59443,2893.953344,-4429.175957,LG
15.73520666,8.039556312,72.10477885,2237.222621,3031.249979,-4394.344984,LG
15.2928879,8.925319244,78.23254982,2079.347094,3167.038209,-4342.158767,LG
14.71305295,9.782053672,84.38211319,1933.711604,3298.22036,-4298.699827,LG
14.24104168,10.64931306,90.34993549,1771.879087,3427.625186,-4237.988152,LG
13.63260992,11.48582161,96.32754282,1622.582545,3552.172207,-4186.098189,LG
13.13300795,12.3311943,102.1116627,1457.403853,3674.685854,-4117.075309,LG
12.49814247,13.14413696,107.8939066,1305.063329,3792.103297,-4056.984531,LG
11.97316045,13.96432623,113.4712956,1137.162491,3907.245178,-3979.89751,LG
11.31412869,14.75045594,119.0355398,982.4070596,4017.066741,-3911.868478,LG
10.76607738,15.54226452,124.3839853,812.4188565,4124.385351,-3826.996217,LG
10.08524226,16.29843997,129.708454,655.8871129,4226.174721,-3751.322805,LG
9.516523363,17.05878264,134.8066474,484.4545741,4325.249419,-3658.974942,LG
8.816333924,17.78198071,139.8705112,326.7921124,4418.601993,-3575.981183,LG
8.229430644,18.50789648,144.6981315,154.5639796,4509.044663,-3476.49687,LG
7.512412401,19.19522414,149.4815895,-3.579156426,4593.589145,-3386.535668,LG
6.909879599,19.88388794,154.0193839,-175.9509884,4675.045726,-3280.28224,LG
6.178624595,20.53259369,158.503742,-333.922872,4750.445591,-3183.733982,LG
5.563078702,21.1813275,162.7336018,-505.7859262,4822.597476,-3071.1055,LG
4.820235287,21.78881221,166.9013462,-662.9353219,4888.5523,-2968.376551,LG
4.194343968,22.39509564,170.8063781,-833.6391135,4951.117594,-2849.792255,LG
3.442606358,22.95892286,174.6412447,-989.3180486,5007.364238,-2741.313353,LG
2.809077973,23.52040307,178.2058377,-1158.21665,5060.098869,-2617.216006,LG
2.051175624,24.03830858,181.692876,-1311.782973,5106.412519,-2503.440562,LG
1.412748527,24.5528096,184.9027629,-1478.237564,5149.111201,-2374.294702,LG
0.65143538,25.02271041,188.0283954,-1629.057479,5185.306252,-2255.697009,LG
0.010867102,25.48824168,190.870709,-1792.438862,5217.803297,-2121.987119,LG
-0.751089281,25.90824422,193.6227843,-1939.889434,5243.734091,-1999.060481,LG
-1.391032924,26.3230085,196.0861084,-2099.580523,5265.904061,-1861.289078,LG
-2.150862269,26.69141608,198.4539494,-2243.052134,5281.465457,-1734.543858,LG
-2.787418103,27.05381649,200.5283638,-2398.450382,5293.223661,-1593.229508,LG
-3.542358348,27.36913605,202.5028098,-2537.349141,5298.35145,-1463.191119,LG
-4.172776756,27.67778237,204.1799293,-2687.868921,5299.654278,-1318.866394,LG
-4.920084942,27.93873034,205.7533722,-2821.619006,5294.32544,-1186.073218,LG
-5.541640723,28.19244454,207.02638,-2966.69392,5285.170532,-1039.282597,LG
-6.278603811,28.39795189,208.1927941,-3094.739855,5269.403324,-904.2838617,LG
-6.888606946,28.59577274,209.0564684,-3233.824967,5249.829584,-755.5815781,LG
-7.612552514,28.74498926,209.8114344,-3355.633812,5223.683467,-618.9351921,LG
-8.208358792,28.88617611,210.2621692,-3488.2078,5193.770908,-468.8830496,LG
-8.916665574,28.97847371,210.6028916,-3603.271257,5157.346316,-331.1533952,LG
-9.495687035,29.06250944,210.6387109,-3728.838468,5117.215741,-180.3185519,LG
-10.18579525,29.09748467,210.5640289,-3836.674889,5070.653681,-42.07425835,LG
-10.74551041,29.12407773,210.1845943,-3954.767294,5020.466211,108.9730114,LG
-11.41493188,29.10155333,209.6949865,-4054.923579,4963.947707,247.1613125,LG
-11.95289568,29.07063886,208.901599,-4165.10262,4903.904143,397.8498676,LG
-12.5992236,28.99066453,207.9991813,-4257.156011,4837.649525,535.4117953,LG
-13.11307709,28.90240463,206.7947758,-4359.014329,4767.989555,685.1718813,LG
-13.73399556,28.76525677,205.4832932,-4442.574076,4692.257585,821.5395573,LG
-14.22147518,28.62003985,203.872427,-4535.737121,4613.258838,969.8050539,LG
-14.81476831,28.4262205,202.1572391,-4610.446026,4528.34569,1104.415345,LG
-15.27371486,28.22465978,200.1460738,-4694.573531,4440.322644,1250.625999,LG
-15.83727552,27.97489465,198.034133,-4760.109358,4346.560737,1382.922738,LG
-16.26564268,27.71782568,195.6304106,-4834.896683,4249.863471,1526.526377,LG
-16.7974808,27.41306127,193.130235,-4890.973433,4147.620156,1655.962561,LG
-17.19334322,27.10153866,190.3432469,-4956.152765,4042.632976,1796.417266,LG
-17.69159365,26.74293853,187.4648869,-5002.521801,3932.309083,1922.457215,LG
-18.05315453,26.3782318,184.3054374,-5057.863212,3819.449002,2059.233463,LG
-18.51608439,25.96717199,181.0604356,-5094.314247,3701.477264,2181.354935,LG
-18.84168259,25.55076054,177.5407993,-5139.626599,3581.192353,2313.937686,LG
-19.2676981,25.08882414,173.9421452,-5165.98852,3456.035693,2431.633936,LG
-19.55581474,24.6223914,170.0760185,-5201.120219,3328.803319,2559.524667,LG
-19.94346747,24.11136228,166.1380972,-5217.261769,3196.953027,2672.306452,LG
-20.19273189,23.5967891,161.9405444,-5242.101363,3063.277965,2795.025121,LG
-20.54072453,23.03864489,157.6790797,-5247.931656,2925.251754,2902.422629,LG
-20.74991971,22.47800207,153.1664734,-5262.408274,2785.664196,3019.50957,LG
-21.05711115,21.87490639,148.5984659,-5257.877156,2642.004166,3121.074274,LG
-21.22517852,21.27044654,143.7884222,-5261.960787,2497.057627,3232.092012,LG
-21.49058835,20.62474039,138.9320821,-5247.059034,2348.328119,3327.398441,LG
-21.61663199,19.97888902,133.8433916,-5240.760643,2198.597257,3431.933416,LG
-21.83944436,19.29308161,128.7180668,-5215.519999,2045.382627,3520.580839,LG
-21.92273453,18.60842756,123.37062,-5198.891485,1891.460971,3618.245038,LG
-22.10230138,17.88518638,117.9967198,-5163.384537,1734.363287,3699.859038,LG
-22.14227739,17.16447159,112.4114289,-5136.518529,1576.860895,3790.291527,LG
-22.27812098,16.40661188,106.8103434,-5090.858419,1416.49756,3864.525486,LG
-22.27439347,15.65272062,101.0090594,-5053.887906,1256.038613,3947.393831,LG
-22.36620827,14.86319425,95.20307526,-4998.22789,1093.039924,4013.930295,LG
-22.31856066,14.07914166,89.20850213,-4951.325697,930.2602629,4088.931877,LG
-22.36621456,13.26102554,83.22071427,-4885.858536,765.2669275,4147.483813,LG
-22.27460398,12.44994577,77.0563191,-4829.236642,600.8115423,4214.347019,LG
-22.27813878,11.60642963,70.91053985,-4754.193845,434.4721501,4264.658943,LG
-22.14269623,10.77156347,64.60046032,-4688.102546,268.9926347,4323.144238,LG
-22.10232751,9.905937332,58.32112529,-4603.753454,101.961096,4364.993228,LG
-21.92335732,9.050619417,51.89007441,-4528.480375,-63.88692261,4414.894102,LG
-21.83947355,8.166260581,45.50214608,-4435.131101,-230.9539568,4448.090675,LG
-21.61745222,7.293906218,38.97531466,-4351.000058,-396.5134063,4489.234455,LG
-21.49061323,6.394265952,32.50418386,-4248.99228,-562.9591363,4513.62332,LG
-21.22618754,5.50835765,25.90714109,-4156.362003,-727.5740921,4545.871851,LG
-21.05712231,4.596947559,19.37852679,-4046.071613,-892.744161,4561.332518,LG
-20.75110677,3.701021285,12.73711934,-3945.33433,-1055.762435,4584.582709,LG
-20.54071055,2.781399461,6.176967154,-3827.169954,-1219.007512,4591.029965,LG
-20.19408418,1.879030676,-0.482782835,-3718.749843,-1379.783225,4605.214195,LG
-19.94341495,0.954787653,-7.048403079,-3593.151227,-1540.461567,4602.598445,LG
-19.55731745,0.049577208,-13.70040069,-3477.50274,-1698.357702,4607.684829,LG
-19.26759173,-0.875678205,-20.24539781,-3344.939016,-1855.837687,4595.992287,LG
-18.84331896,-1.780118287,-26.86357834,-3222.545085,-2010.228598,4591.984803,LG
-18.51590703,-2.702773247,-33.36194278,-3083.51292,-2163.891218,4571.237549,LG
-18.05490591,-3.602834024,-39.92037459,-2954.883053,-2314.1651,4558.17602,LG
-17.69132638,-4.519285912,-46.3462811,-2809.904689,-2463.406404,4528.431914,LG
-17.19518917,-5.411375769,-52.81926794,-2675.572955,-2608.967711,4506.391852,LG
-16.79710299,-6.318046407,-59.14717746,-2525.194148,-2753.201187,4467.744305,LG
-16.26756103,-7.198605231,-65.50935993,-2385.717073,-2893.472979,4436.83661,LG
-15.83676491,-8.091954998,-71.7141204,-2230.504942,-3032.131873,4389.414216,LG
-15.27568181,-8.957468231,-77.94057598,-2086.459307,-3166.558094,4349.784741,LG
-14.81410115,-9.834010037,-83.99752164,-1927.000092,-3299.09764,4293.75077,LG
-14.22346538,-10.68102254,-90.06386305,-1778.980663,-3427.145312,4245.579744,LG
-13.73314667,-11.53733559,-95.94891175,-1615.877415,-3553.044888,4181.131498,LG
-13.11506375,-12.3624653,-101.8313832,-1464.49459,-3674.206215,4124.632813,LG
-12.59816647,-13.19520857,-107.5211315,-1298.364791,-3792.971396,4052.000848,LG
-11.95485068,-13.99515982,-113.1967025,-1144.242192,-3906.765768,3987.421217,LG
-11.41363879,-14.80108527,-118.6685179,-975.7153185,-4017.930275,3906.868431,LG
-10.74740441,-15.57266182,-124.114974,-819.4873299,-4123.906163,3834.486411,LG
-10.1842374,-16.34862721,-129.3470844,-649.2023678,-4227.033707,3746.307011,LG
-9.497489577,-17.08874485,-134.5431151,-491.5116341,-4324.770449,3666.431907,LG
-8.914813158,-17.83172612,-139.5146947,-320.114558,-4419.456448,3570.950245,LG
-8.210038445,-18.53742485,-144.4399774,-161.6094456,-4508.565904,3483.920884,LG
-7.610374898,-19.24452805,-149.1312288,10.24932986,-4594.439086,3381.490178,LG
-6.890131416,-19.91298375,-153.7665088,168.9172918,-4674.567173,3287.673579,LG
-6.276069629,-20.58145651,-158.1587415,340.5854789,-4751.291036,3178.674519,LG
-5.542976985,-21.20999211,-162.4859083,498.7641696,-4822.119125,3078.464436,LG
-4.917162234,-21.83723443,-166.5616118,669.5901811,-4889.393267,2963.303683,LG
-4.173891188,-22.42333045,-170.5637706,826.6294625,-4950.63944,2857.119056,LG
-3.539014693,-23.00690501,-174.3066841,995.9649833,-5008.200746,2736.227636,LG
-2.788276616,-23.54820952,-177.9682223,1151.219266,-5059.620907,2624.510937,LG
-2.147064923,-24.0858513,-181.3633987,1318.421811,-5107.244585,2498.342542,LG
-1.391601101,-24.5801892,-184.6700473,1471.252601,-5148.633427,2381.558025,LG
-0.746805311,-25.06981436,-187.7039121,1635.688052,-5186.133895,2250.58722,LG
0.010623872,-25.51519597,-190.6428027,1785.466474,-5217.325708,2129.219093,LG
0.656238957,-25.95491016,-193.3032074,1946.511578,-5244.55733,1993.939446,LG
1.412864907,-26.34953906,-195.8629223,2092.620856,-5265.426654,1868.489957,LG
2.056531699,-26.73764482,-198.1391931,2249.665688,-5282.28431,1729.41209,LG
2.809588541,-27.07992495,-200.3098106,2391.503579,-5292.746431,1600.399545,LG
3.448547594,-27.41492844,-202.1927895,2543.95395,-5299.165937,1458.04912,LG
4.195283082,-27.7034704,-203.9659231,2680.935119,-5299.177223,1326.005838,LG
4.82679398,-27.98408732,-205.448005,2828.214917,-5295.13558,1180.92148,LG
5.564480356,-28.21771384,-206.8168366,2959.773254,-5284.693649,1046.391692,LG
6.185832534,-28.44287444,-207.8919985,3101.326719,-5270.209136,899.1228679,LG
6.911777293,-28.62062507,-208.851305,3226.917567,-5249.35287,762.6605682,LG
7.520300735,-28.78947841,-209.5151303,3362.211485,-5224.484971,613.765414,LG
8.231857249,-28.91061324,-210.0613045,3481.313791,-5193.29436,475.932174,LG
8.824933026,-29.02253056,-210.3110003,3609.839598,-5158.143531,325.9752953,LG
9.519510986,-29.0865332,-210.4420649,3721.957973,-5116.739357,187.338047,LG
10.0945816,-29.14111035,-210.2764731,3843.23376,-5071.446626,36.88828984,LG
10.76965723,-29.14768997,-209.9920888,3947.900431,-5019.989989,-101.9829119,LG
11.3242367,-29.14474905,-209.4116903,4061.472847,-4964.736404,-252.3547058,LG
11.97736274,-29.09384146,-208.7131568,4158.249503,-4903.428082,-390.888933,LG
12.50904641,-29.03343151,-207.7200701,4263.695545,-4838.433992,-540.6121788,LG
13.13786174,-28.92519951,-206.6103213,4352.175069,-4767.513653,-678.2398839,LG
13.6443358,-28.80759629,-205.2082939,4449.103748,-4693.037842,-826.7465052,LG
14.24657477,-28.64242896,-203.6918859,4528.911825,-4612.783093,-962.9017687,LG
14.72562536,-28.46813391,-201.8862795,4616.965713,-4529.121759,-1109.62844,LG
15.29912673,-28.24664508,-199.9693732,4687.762302,-4439.847055,-1243.751204,LG
15.74864869,-28.01638331,-197.7671425,4766.618939,-4347.332636,-1388.141573,LG
16.29136417,-27.73940918,-195.4574787,4828.099622,-4249.388038,-1519.679852,LG
16.70936935,-27.45412659,-192.8671441,4897.472789,-4148.387906,-1661.186735,LG
17.21937166,-27.1227224,-190.1740134,4949.369967,-4042.157697,-1789.598796,LG
17.60399675,-26.78358197,-187.2056274,5009.010819,-3933.072706,-1927.686336,LG
18.07948725,-26.39901783,-184.1398332,5051.094772,-3818.973876,-2052.442833,LG
18.42900117,-26.00739505,-180.8049405,5100.792815,-3702.236778,-2186.58862,LG
18.86831692,-25.57115094,-177.3787565,5132.872606,-3580.71738,-2307.174684,LG
19.18112763,-25.12862834,-173.6903486,5172.456529,-3456.79112,-2436.87181,LG
19.58274798,-24.64238827,-169.9174705,5194.380761,-3328.328499,-2552.789085,LG
19.85740876,-24.1507492,-165.8899345,5223.719114,-3197.704386,-2677.548146,LG
20.21996137,-23.61639455,-161.7854257,5235.376524,-3062.803297,-2788.316753,LG
20.45517655,-23.07761613,-157.4344874,5254.378235,-2925.999067,-2907.667784,LG
20.77744273,-22.49721827,-153.0147196,5255.698134,-2785.189681,-3012.828213,LG
20.97207279,-21.91346358,-148.3573814,5264.312868,-2642.747452,-3126.322537,LG
21.2529924,-21.28927564,-143.6399702,5255.265424,-2496.583265,-3225.437464,LG
21.40605847,-20.66288521,-138.6944442,5253.483782,-2349.0674,-3332.649468,LG
21.64473404,-19.99733322,-133.6981795,5234.080132,-2198.123047,-3425.305479,LG
21.75542176,-19.33081575,-128.4838152,5221.933688,-2046.117924,-3525.834291,LG
21.95112206,-18.62648905,-123.2285868,5192.2259,-1890.986914,-3611.643516,LG
22.01878481,-17.92251157,-117.7657954,5169.787076,-1735.09462,-3705.114584,LG
22.17094772,-17.18215261,-112.2725148,5129.867937,-1576.386993,-3783.716225,LG
22.19510917,-16.44352988,-106.5826881,5097.249718,-1417.224949,-3869.782803,LG
22.30334389,-15.67002339,-100.8732057,5047.252375,-1255.564865,-3940.844559,LG
22.28369987,-14.89970686,-94.97863192,5004.607862,-1093.763391,-4019.189067,LG
22.3477885,-14.09606844,-89.07565108,4944.70529,-929.7866699,-4082.408446,LG
22.2842082,-13.29713456,-82.99942681,4892.227097,-765.986493,-4152.743728,LG
22.30410654,-12.46649882,-76.9264141,4822.631422,-600.3381055,-4207.849241,LG
22.19663304,-11.6421369,-70.69235315,4760.550912,-435.1878346,-4269.919698,LG
22.17247083,-10.78774508,-64.47344573,4681.512571,-268.5193552,-4316.67193,LG
22.02132093,-9.941244725,-58.10598523,4610.098949,-102.6729203,-4370.254526,LG
21.95340129,-9.06643188,-51.76589561,4521.905702,64.36004364,-4408.447081,LG
21.75896463,-8.201169979,-45.2899995,4441.464946,230.245972,-4453.352226,LG
21.64776287,-7.309351839,-38.853918,4344.440742,396.9863676,-4482.812541,LG
21.41060044,-6.428779264,-32.29497852,4255.314399,562.2549701,-4518.884839,LG
21.25676219,-5.523438747,-25.78847388,4149.818094,728.0468922,-4539.474866,LG
20.97760407,-4.631066717,-19.17221139,4052.381934,892.0437927,-4566.593725,LG
20.78194275,-3.715740186,-12.62112985,3938.805879,1056.235072,-4578.210477,LG
20.46168526,-2.815126415,-5.973491296,3833.468406,1218.310921,-4596.290589,LG
20.22517883,-1.893389719,0.596145419,3712.236897,1380.255698,-4598.866544,LG
19.86488096,-0.988124375,7.249088906,3599.437742,1539.768733,-4607.858219,LG
19.58866809,-0.06357874,13.81118626,3471.005343,1698.830009,-4601.361587,LG
19.18954738,0.842729726,20.44334224,3351.213527,1855.148589,-4601.25095,LG
18.87492295,1.766471911,26.97183589,3216.063281,2010.700737,-4585.6858,LG
18.43835061,2.670211004,33.55719359,3089.775363,2163.205834,-4576.494846,LG
18.08676058,3.589540441,40.02615224,2948.416882,2314.637069,-4551.90109,LG
17.61425615,4.487107881,46.53888521,2816.155001,2462.724715,-4533.687596,LG
17.22729189,5.398432609,52.92261293,2669.122456,2609.439508,-4500.140828,LG
16.72051718,6.286250547,59.33718098,2531.43227,2752.523172,-4472.998127,LG
16.29990917,7.186010118,65.61031866,2379.282283,2893.944602,-4430.609329,LG
15.76066175,8.060539256,71.90156862,2236.730813,3031.457511,-4394.665939,LG
15.30827271,8.945218783,78.03919402,2080.040261,3167.02954,-4343.581043,LG
14.73847881,9.802972343,84.18245903,1933.213658,3298.42691,-4299.000161,LG
14.25629643,10.66911637,90.16018514,1772.577393,3427.61658,-4239.399468,LG
13.65800331,11.50667386,96.13138201,1622.07862,3552.377771,-4186.378329,LG
13.14813233,12.35090002,101.9254533,1458.107128,3674.677302,-4118.475803,LG
12.52350022,13.16492071,107.7011775,1304.553582,3792.30787,-4057.244894,LG
11.98815418,13.98393303,113.2885637,1137.870566,3907.236671,-3981.287316,LG
11.33944776,14.77116918,118.8461819,981.8916445,4017.270321,-3912.109474,LG
10.78094022,15.56177113,124.2046687,813.1315688,4124.376881,-3828.375466,LG
10.11051966,16.31908076,129.5224078,655.3661792,4226.377304,-3751.544838,LG
9.531255111,17.07818785,134.6306849,485.171763,4325.240978,-3660.343765,LG
8.841566795,17.80254718,139.6877182,326.2658072,4418.803575,-3576.184645,LG
8.244031115,18.52719913,144.5254631,155.2854883,4509.036242,-3477.855396,LG
7.537597949,19.21571449,149.3019923,-4.110689065,4593.789724,-3386.720949,LG
6.924348644,19.90308692,153.8499506,-175.2253129,4675.037317,-3281.630595,LG
6.203760117,20.55300618,158.3272842,-334.4594909,4750.645164,-3183.90146,LG
5.577416205,21.20042176,162.5673455,-505.0562339,4822.589072,-3072.443811,LG
4.845318166,21.80914517,166.7279724,-663.476889,4888.750865,-2968.526599,LG
4.20854984,22.41408417,170.643242,-832.9055508,4951.109187,-2851.120644,LG
3.467634058,22.97917467,174.4709005,-989.8644282,5007.561794,-2741.446338,LG
2.823152154,23.53928491,178.0457657,-1157.47936,5060.090452,-2618.534595,LG
2.076145691,24.05847769,181.5255079,-1312.334033,5106.609062,-2503.556841,LG
1.426690985,24.57158385,184.7457002,-1477.496687,5149.102766,-2375.603611,LG
0.676345437,25.04279532,187.8639508,-1629.613089,5185.501783,-2255.796935,LG
0.024677832,25.50690748,190.7166015,-1791.694536,5217.794838,-2123.286468,LG
-0.726241532,25.92824349,193.4612115,-1940.449467,5243.928607,-1999.144399,LG
-1.377353901,26.34156502,195.9349031,-2098.83288,5265.895572,-1862.578981,LG
-2.126079051,26.71132834,198.2951978,-2243.616465,5281.658958,-1734.612107,LG
-2.77387074,27.07226296,200.3800086,-2397.699554,5293.215134,-1594.510083,LG
-3.517641811,27.38895996,202.3468296,-2537.917647,5298.543935,-1463.24403,LG
-4.15936098,27.69611806,204.0343732,-2687.115035,5299.645707,-1320.137754,LG
-4.895437163,27.95846463,205.6001144,-2822.191569,5294.516908,-1186.111118,LG
-5.528356438,28.21066876,206.8835726,-2965.937101,5285.161912,-1040.544853,LG
-6.254026797,28.41759536,208.0422106,-3095.316356,5269.593775,-904.3070707,LG
-6.875454032,28.61388485,208.9163604,-3233.065338,5249.820908,-756.8348409,LG
-7.588048203,28.76454072,209.663478,-3356.214137,5223.872902,-618.9440236,LG
-8.195337105,28.90417549,210.1247121,-3487.44548,5193.76217,-470.1274286,LG
-8.892235834,28.99793206,210.4575158,-3603.855294,5157.534733,-331.1481569,LG
-9.482796409,29.08039554,210.503857,-3728.073574,5117.206936,-181.5541544,LG
-10.16144189,29.11684883,210.4211881,-3837.262528,5070.841081,-42.05525228,LG
-10.73275066,29.14185001,210.0522969,-3953.99994,5020.457333,107.7460793,LG
-11.39065663,29.12082229,209.5546359,-4055.514712,4964.134092,247.1937901,LG
-11.94026659,29.08829683,208.7718121,-4164.332918,4903.895188,396.6315014,LG
-12.57502815,29.00983731,207.861277,-4257.750531,4837.834894,535.4574539,LG
-13.10057844,28.91994783,206.6674542,-4358.242388,4767.980516,683.9619778,LG
-13.70988152,28.78433244,205.3477919,-4443.171881,4692.441939,821.5981119,LG
-14.20910671,28.63746786,203.7475264,-4534.963047,4613.249712,968.6035117,LG
-14.79073723,28.4451982,202.0240982,-4611.047014,4528.529031,1104.486515,LG
-15.26147631,28.24197221,200.0235507,-4693.797429,4440.313425,1249.432718,LG
-15.81332891,27.99377352,197.9033109,-4760.71343,4346.743065,1383.006251,LG
-16.25353375,27.73502218,195.5102221,-4834.118654,4249.854155,1525.341258,LG
-16.7736201,27.43184051,193.0016907,-4891.58049,4147.801473,1656.058147,LG
-17.18136361,27.11861891,190.225351,-4955.372908,4042.623558,1795.240211,LG
-17.66782024,26.76161739,187.3385801,-5003.13175,3932.489391,1922.564609,LG
-18.04130391,26.39519552,184.1897928,-5057.081625,3819.439477,2058.064377,LG
-18.49239959,25.98574976,180.9363267,-5094.926993,3701.656563,2181.473879,LG
-18.82996063,25.56760746,177.4273654,-5138.843376,3581.182718,2312.776473,LG
-19.24410319,25.10730014,173.8201953,-5166.603972,3456.213986,2431.764176,LG
-19.54422107,24.6391213,169.9647556,-5200.335454,3328.79357,2558.371235,LG
-19.91996368,24.12973588,166.0182682,-5217.879838,3197.130315,2672.447739,LG
-20.18126613,23.61340178,161.8314133,-5241.315146,3063.268097,2793.879377,LG
-20.51731303,23.05691549,157.5613341,-5248.552254,2925.428041,2902.574717,LG
-20.73858148,22.49449737,153.0594356,-5261.620693,2785.654206,3018.371423,LG
-21.03379306,21.89307342,148.4827667,-5258.500197,2642.179452,3121.236924,LG
-21.2139674,21.28682431,143.68344,-5261.171928,2497.047512,3230.961373,LG
-21.46736475,20.64280333,138.8183931,-5247.684434,2348.502407,3327.571419,LG
-21.60554757,19.99514915,133.7404279,-5239.970591,2198.587012,3430.810197,LG
-21.81631627,19.31103997,128.6063525,-5216.147675,2045.55592,3520.763913,LG
-21.91177637,18.62456996,123.2696384,-5198.100324,1891.450594,3617.129151,LG
-22.07926978,17.9030397,117.8869452,-5164.014409,1734.535588,3700.051982,LG
-22.13144504,17.18049622,112.3123935,-5135.726337,1576.850383,3789.182886,LG
-22.25518682,16.42435974,106.7024742,-5091.490408,1416.668871,3864.728078,LG
-22.26368646,15.66862742,100.9119352,-5053.094763,1256.027962,3946.292351,LG
-22.34337243,14.88083626,95.09707773,-4998.861918,1093.210247,4014.142318,LG
-22.30797852,14.09493063,89.11325452,-4950.531679,930.2494697,4087.837476,LG
-22.34347789,13.27856133,83.11655527,-4886.494527,765.4362669,4147.705052,LG
-22.26414621,12.46561692,76.96291418,-4828.441825,600.8006045,4213.259614,LG
-22.2555021,11.62385887,70.80818681,-4754.831725,434.6405082,4264.889188,LG
-22.13236234,10.78711684,64.50886476,-4687.307002,268.9815495,4322.063748,LG
-22.07979157,9.923259733,58.22054622,-4604.39315,102.128476,4365.232275,LG
-21.9131468,9.066055064,51.80025549,-4527.684176,-63.89815776,4413.820446,LG
-21.81703909,8.183475869,45.40330957,-4435.772543,-230.7875517,4448.338322,LG
-21.60736453,7.309224223,38.88724024,-4350.203275,-396.524794,4488.167555,LG
-21.46828093,6.411373884,32.40705905,-4249.635397,-562.7937028,4513.879369,LG
-21.21622215,5.523558114,25.8207796,-4155.564702,-727.5856346,4544.811629,LG
-21.03489282,4.613947922,19.28308335,-4046.716337,-892.5796957,4561.596775,LG
-20.74126313,3.716104331,12.65243977,-3944.536579,-1055.774134,4583.529087,LG
-20.51858448,2.798292066,6.083175295,-3827.816218,-1218.844011,4591.30224,LG
-20.18436174,1.893996447,-0.565810959,-3717.951707,-1379.795084,4604.167099,LG
-19.92139288,0.97157234,-7.14057262,-3593.798965,-1540.299028,4602.87855,LG
-19.54771563,0.064425865,-13.78180729,-3476.704281,-1698.369723,4606.644185,LG
-19.2456742,-0.859001572,-20.33597379,-3345.588164,-1855.676106,4596.28004,LG
-18.83383719,-1.765386562,-26.9433928,-3221.746366,-2010.240781,4590.950536,LG
-18.49409455,-2.686204778,-33.45095343,-3084.163416,-2163.73059,4571.532771,LG
-18.0455436,-3.588219032,-39.99862578,-2954.084133,-2314.177449,4557.148058,LG
-17.66961942,-4.502825694,-46.43375417,-2810.556471,-2463.246726,4528.734429,LG
-17.18594573,-5.396877294,-52.89598421,-2674.773894,-2608.980227,4505.370123,LG
-16.77550199,-6.301694501,-59.23314021,-2525.847156,-2753.042456,4468.053939,LG
-16.25843586,-7.184223038,-65.58456914,-2384.917928,-2893.485664,4435.821044,LG
-15.8152703,-8.075711446,-71.79859961,-2231.159116,-3031.974084,4389.7308,LG
-15.26667429,-8.943202068,-78.01430548,-2085.660135,-3166.570948,4348.775269,LG
-14.79271329,-9.817874857,-84.08054361,-1927.655375,-3298.940789,4294.074139,LG
-14.21457489,-10.66687215,-90.13613973,-1778.181518,-3427.158338,4244.576297,LG
-13.71186591,-11.52130878,-96.03050232,-1616.533751,-3552.888972,4181.461488,LG
-13.10628967,-12.34843038,-101.9022335,-1463.695525,-3674.219415,4123.635324,LG
-12.57699313,-13.1792901,-107.601316,-1299.022124,-3792.81641,4052.3373,LG
-11.94619237,-13.98124008,-113.2661522,-1143.443259,-3906.779142,3986.429618,LG
-11.39257316,-14.7852751,-118.7473213,-976.3735932,-4017.776215,3907.211187,LG
-10.73886123,-15.55885696,-124.1830487,-818.6885804,-4123.919713,3833.500638,LG
-10.16327974,-16.33292527,-129.4245313,-649.8615319,-4226.880569,3746.655918,LG
-9.489060883,-17.07505453,-134.6098398,-490.7131172,-4324.784175,3665.451894,LG
-8.893963714,-17.81613233,-139.5908091,-320.7745597,-4419.304227,3571.305152,LG
-8.201723582,-18.52384872,-144.5053765,-160.8112096,-4508.579808,3482.946568,LG
-7.589633875,-19.22904231,-149.2060344,9.588541705,-4594.287779,3381.850937,LG
-6.881929723,-19.89952147,-153.8306067,169.7152,-4674.581256,3286.704897,LG
-6.25543721,-20.56607869,-158.2322614,339.923954,-4751.140638,3179.040985,LG
-5.534887797,-21.1966433,-162.5487285,499.561704,-4822.133387,3077.501326,LG
-4.896638579,-21.82196439,-166.6338689,668.9279684,-4889.243774,2963.675714,LG
-4.165913833,-22.41009474,-170.6253365,827.4265784,-4950.653883,2856.161457,LG
-3.518599937,-22.9917426,-174.3777008,995.3021305,-5008.052153,2736.605093,LG
-2.78041042,-23.53508652,-178.0285567,1152.015919,-5059.635532,2623.558788,LG
-2.126759176,-24.07079634,-181.433197,1317.758365,-5107.096887,2498.725288,LG
-1.38384538,-24.5671785,-184.7291727,1472.048751,-5148.648233,2380.611267,LG
-0.726608662,-25.05486667,-187.7725136,1635.024058,-5185.987089,2250.975121,LG
0.018269801,-25.50229716,-190.7007411,1786.262078,-5217.340697,2128.277668,LG
0.676326441,-25.94006953,-193.3706335,1945.847082,-5244.411411,1994.33237,LG
1.420401735,-26.33675171,-195.9196954,2093.415873,-5265.441825,1867.553806,LG
2.076509975,-26.72291103,-198.2054645,2249.000733,-5282.139273,1729.809908,LG
2.817016962,-27.06724862,-200.3654396,2392.29797,-5292.761786,1599.468612,LG
3.468416639,-27.40030126,-202.2579268,2543.288579,-5299.021778,1458.451705,LG
4.202603794,-27.69090465,-204.0204291,2681.728846,-5299.192762,1325.080066,LG
4.84655379,-27.96956649,-205.5120283,2827.549173,-5294.992293,1181.328709,LG
5.57169406,-28.20525822,-206.87024,2960.56628,-5284.709372,1045.471027,LG
6.205483127,-28.42845971,-207.9549276,3100.660642,-5270.066717,899.5346187,LG
6.918884695,-28.6082791,-208.9036259,3227.709855,-5249.368777,761.7449544,LG
7.539842148,-28.7751695,-209.5769847,3361.545116,-5224.343416,614.1815675,LG
8.238859057,-28.89837645,-210.1125628,3482.105306,-5193.310452,475.021558,LG
8.844365315,-29.00832718,-210.371799,3609.172977,-5158.002835,326.3957345,LG
9.526407911,-29.07440511,-210.4922801,3722.748681,-5116.755634,186.4323757,LG
10.11390483,-29.12701221,-210.3362349,3842.566924,-5071.306785,37.31290005,LG
10.77644999,-29.13567008,-210.0412799,3948.690297,-5020.006451,-102.8836908,LG
11.34345098,-29.13075581,-209.4704336,4060.805835,-4964.597412,-251.926037,LG
11.98405204,-29.08192928,-208.7613426,4159.038495,-4903.444729,-391.7848711,LG
12.52815184,-29.01954287,-207.7778131,4263.028393,-4838.295845,-540.1795617,LG
13.14444831,-28.91339452,-206.6575203,4352.963156,-4767.530485,-679.1310319,LG
13.6633325,-28.79381191,-205.2650542,4448.436493,-4692.900535,-826.310048,LG
14.25305932,-28.63073065,-203.7381162,4529.698975,-4612.80011,-963.7881769,LG
14.74451348,-28.45445343,-201.9420747,4616.29839,-4528.985286,-1109.188248,LG
15.30551,-28.23505294,-200.0146525,4688.548485,-4439.864256,-1244.632922,LG
15.76742838,-28.00280638,-197.8219897,4765.951583,-4347.196994,-1387.697751,LG
16.29764688,-27.72792267,-195.5018245,4828.884809,-4249.405424,-1520.556928,LG
16.72804078,-27.44065284,-192.9210603,4896.805434,-4148.25309,-1660.739385,LG
17.22555453,-27.11134098,-190.2174428,4950.15413,-4042.175267,-1790.471278,LG
17.62256012,-26.77021103,-187.258629,5008.343499,-3932.93871,-1927.235558,LG
18.085571,-26.38774097,-184.1823631,5051.877883,-3818.99163,-2053.310769,LG
18.44745667,-25.99412652,-180.8570438,5100.125561,-3702.103598,-2186.134511,LG
18.87430229,-25.55997808,-177.4204034,5133.654638,-3580.735318,-2308.03812,LG
19.19947548,-25.11546183,-173.7415696,5171.789374,-3456.658751,-2436.414467,LG
19.5886357,-24.63131886,-169.9582507,5195.161687,-3328.34662,-2553.648068,LG
19.87564919,-24.1376843,-165.9402889,5223.052088,-3197.572823,-2677.087663,LG
20.22575216,-23.60542805,-161.8253551,5236.156319,-3062.821601,-2789.171328,LG
20.47330979,-23.06465243,-157.4839906,5253.711368,-2925.868306,-2907.204253,LG
20.78313734,-22.4863541,-153.0538139,5256.476773,-2785.208167,-3013.678423,LG
20.99009911,-21.90060066,-148.4060485,5263.646191,-2642.617487,-3125.856049,LG
21.25859155,-21.27851323,-143.6782449,5256.042883,-2496.601933,-3226.283355,LG
21.42397813,-20.65012264,-138.7422902,5252.817324,-2348.938227,-3332.180111,LG
21.65023846,-19.986672,-133.7356496,5234.856388,-2198.141897,-3426.147095,LG
21.77323504,-19.31815309,-128.5308546,5221.267477,-2045.989537,-3525.362152,LG
21.95653249,-18.61592844,-123.2652672,5193.000929,-1891.005944,-3612.480898,LG
22.036492,-17.90994838,-117.8120426,5169.12114,-1734.967015,-3704.63975,LG
22.17626489,-17.17169203,-112.30842,5130.641718,-1576.406203,-3784.549417,LG
22.21271057,-16.43106571,-106.6281572,5096.584085,-1417.098122,-3869.305355,LG
22.30856853,-15.65966225,-100.9083501,5048.024886,-1255.584255,-3941.673602,LG
22.30119579,-14.88734124,-95.02333675,5003.942558,-1093.637335,-4018.709088,LG
22.35292134,-14.08580616,-89.11004876,4945.476511,-929.8062384,-4083.233381,LG
22.30159895,-13.28486703,-83.04338098,4891.562148,-765.8612045,-4152.261299,LG
22.30914832,-12.45633481,-76.96007885,4823.401332,-600.357852,-4208.670109,LG
22.21391898,-11.629967,-70.73557004,4759.886344,-435.0633086,-4269.434897,LG
22.17742228,-10.77767874,-64.50639112,4682.281152,-268.5392789,-4317.488771,LG
22.03850238,-9.929171966,-58.14847796,4609.434786,-102.5491519,-4369.767431,LG
21.95826313,-9.056462602,-51.79813496,4522.672933,64.33994352,-4409.259933,LG
21.77604194,-8.189193883,-45.33178096,4440.801214,230.3689877,-4452.862912,LG
21.65253584,-7.299479028,-38.88546439,4345.206605,396.9660919,-4483.621445,LG
21.42757398,-6.416899344,-32.33606138,4254.651121,562.3772379,-4518.39338,LG
21.26144702,-5.513661798,-25.81934018,4150.582572,728.0264417,-4540.279859,LG
20.9944742,-4.61928248,-19.2126081,4051.719133,892.1653175,-4566.100194,LG
20.78654017,-3.706058491,-12.65132868,3939.568953,1056.214448,-4579.011598,LG
20.47845235,-2.803437364,-6.013214062,3832.806105,1218.431707,-4595.795057,LG
20.22968956,-1.883802669,0.566601673,3712.998551,1380.234901,-4599.663829,LG
19.88154541,-0.976530007,7.210028072,3598.775964,1539.888786,-4607.360756,LG
19.59309286,-0.054085724,13.78228542,3471.765561,1698.80904,-4602.155073,LG
19.20610957,0.854229916,20.40493155,3350.552293,1855.267913,-4600.751624,LG
18.87926248,1.775871505,26.943566,3216.822047,2010.679596,-4586.475523,LG
18.45481094,2.681617527,33.51942146,3089.114695,2163.324435,-4575.993725,LG
18.09101561,3.598847229,39.99850155,2949.174181,2314.615759,-4552.687086,LG
17.63061503,4.498421251,46.50174025,2815.494919,2462.842596,-4533.184745,LG
17.23146313,5.407647208,52.89556992,2669.878273,2609.418029,-4500.923132,LG
16.73677503,6.297471282,59.30065202,2530.772795,2752.64034,-4472.49361,LG
16.30399733,7.195133145,65.583872,2380.036603,2893.922955,-4431.387976,LG
15.77681897,8.071667878,71.86564469,2236.071965,3031.573969,-4394.15982,LG
15.31227853,8.954250857,78.01333258,2080.793071,3167.007726,-4344.356067,LG
14.75453584,9.814009377,84.14712934,1932.555456,3298.542664,-4298.492502,LG
14.26022061,10.67805812,90.134898,1773.32868,3427.5946,-4240.170904,LG
13.67396057,11.51761983,96.09663598,1621.421083,3552.492824,-4185.869189,LG
13.1519756,12.35975204,101.9007297,1458.856878,3674.655158,-4119.243682,LG
12.53935816,13.17577616,107.6670047,1303.89673,3792.422229,-4056.734334,LG
11.99191724,13.99269597,113.2643932,1138.618767,3907.214364,-3982.051672,LG
11.35520682,14.78193463,118.8125721,981.2354936,4017.383988,-3911.597552,LG
10.78462379,15.5704456,124.1810409,813.8782086,4124.354411,-3829.136332,LG
10.12618029,16.32975675,129.489351,654.7107481,4226.490285,-3751.03161,LG
9.534859888,17.08677448,134.6075896,485.9168298,4325.218347,-3661.101172,LG
8.857129444,17.81313426,139.6552045,325.6111132,4418.915876,-3575.670169,LG
8.247557812,18.53569854,144.5028904,156.028971,4509.013451,-3478.609376,LG
7.553063075,19.22621319,149.2700121,-4.76462906,4593.901348,-3386.205278,LG
6.927797966,19.91149973,153.8278906,-174.4834253,4675.014367,-3282.38118,LG
6.219128184,20.56341704,158.295828,-335.1126603,4750.756116,-3183.384648,LG
5.580788853,21.20874859,162.5457887,-504.3159518,4822.565965,-3073.19103,LG
4.860589639,21.81946874,166.6970308,-664.1292716,4888.86115,-2968.008699,LG
4.211846515,22.42232565,170.6221789,-832.1668844,4951.085924,-2851.864528,LG
3.482809408,22.98941149,174.4404643,-990.5160083,5007.671416,-2740.9274,LG
2.826373551,23.54744167,178.0251871,-1156.742319,5060.067034,-2619.275174,LG
2.091225393,24.06862831,181.4955681,-1312.984795,5106.718027,-2503.036917,LG
1.429837799,24.5796565,184.7255968,-1476.76128,5149.079194,-2376.340914,LG
0.691329969,25.05286029,187.8344986,-1630.263018,5185.610094,-2255.276074,LG
0.027750754,25.51489665,190.6969645,-1790.960773,5217.771114,-2124.020523,LG
-0.711351688,25.93822337,193.4322382,-1941.098548,5244.036269,-1998.622649,LG
-1.374354181,26.34947133,195.9157237,-2098.10077,5265.871697,-1863.309819,LG
-2.11128341,26.72122367,198.2666948,-2244.264684,5281.765976,-1734.089515,LG
-2.770943537,27.08008703,200.3612782,-2396.969104,5293.19111,-1595.23773,LG
-3.502939884,27.3987713,202.3187885,-2538.56499,5298.650313,-1462.720644,LG
-4.15650561,27.70386052,204.0160832,-2686.386254,5299.621535,-1320.862239,LG
-4.880828459,27.96819254,205.572527,-2822.838022,5294.622651,-1185.586982,LG
-5.525572222,28.21833022,206.8657148,-2965.209997,5285.137592,-1041.266202,LG
-6.239510822,28.42724038,208.0150688,-3095.961906,5269.698887,-903.7822302,LG
-6.872740292,28.62146592,208.8989266,-3232.339917,5249.796443,-757.553083,LG
-7.57362446,28.77410342,209.6367738,-3356.858771,5223.977387,-618.4185219,LG
-8.192693167,28.91167681,210.1076942,-3486.72175,5193.737561,-470.8425894,LG
-8.877903825,29.00741297,210.4312415,-3604.498999,5157.638597,-330.6220367,LG
-9.480221601,29.08781771,210.4872472,-3727.351542,5117.182184,-182.2662603,LG
-10.14720111,29.12624853,210.395336,-3837.905291,5070.944327,-41.52855547,LG
-10.73024431,29.14919364,210.0360875,-3953.279612,5020.43244,107.0370024,LG
-11.37650659,29.13014133,209.5291985,-4056.156522,4964.236725,247.7210226,LG
-11.93782805,29.09556255,208.7559955,-4163.6143,4903.870154,395.9254278,LG
-12.56096833,29.01907624,207.8362467,-4258.391376,4837.936919,535.9851819,LG
-13.09820702,28.92713625,206.6520229,-4357.525486,4767.955344,683.2588823,LG
-13.69591141,28.79349182,205.3231617,-4443.811749,4692.543359,822.1262961,LG
-14.20680177,28.64457959,203.7324731,-4534.247867,4613.224402,967.9033693,LG
-14.77685633,28.45427858,201.9998609,-4611.685894,4528.629851,1105.015117,LG
-15.25923719,28.24900786,200.0088681,-4693.083975,4440.287979,1248.735504,LG
-15.79953671,28.00277546,197.8794594,-4761.351311,4346.843289,1383.535233,LG
-16.25135981,27.74198235,195.4959032,-4833.406933,4249.828575,1524.646948,LG
-16.75991608,27.44076456,192.9782181,-4892.217362,4147.901105,1656.587472,LG
-17.17925418,27.12550422,190.2113889,-4954.662924,4042.597845,1794.548782,LG
-17.65420389,26.77046412,187.3154797,-5003.767602,3932.588436,1923.094242,LG
-18.03925836,26.40200656,184.1761807,-5056.373383,3819.413633,2057.375805,LG
-18.47887041,25.99451971,180.9135918,-5095.561815,3701.755026,2182.003783,LG
-18.82797832,25.57434485,177.4140967,-5138.136879,3581.156744,2312.090735,LG
-19.23066065,25.11599387,173.7978195,-5167.237754,3456.31187,2432.294317,LG
-19.54230135,24.64578563,169.9518236,-5199.630707,3328.767467,2557.688307,LG
-19.90660727,24.13835393,165.9962451,-5218.51257,3197.227625,2672.978083,LG
-20.17940838,23.61999364,161.8188115,-5240.612153,3063.241867,2793.199237,LG
-20.50404224,23.06545843,157.5396573,-5249.183927,2925.52478,2903.105231,LG
-20.73678505,22.50101737,153.0471578,-5260.919458,2785.62785,3017.694048,LG
-21.02060737,21.90154179,148.46143,-5259.130802,2642.275625,3121.767576,LG
-21.21223168,21.29327304,143.67148,-5260.472453,2497.021032,3230.286742,LG
-21.45426364,20.65119769,138.7973906,-5248.313962,2348.598018,3328.102177,LG
-21.60387193,20.0015272,133.7287795,-5239.272881,2198.56041,3430.138288,LG
-21.80329923,19.31936086,128.5856781,-5216.776118,2045.650974,3521.294745,LG
-21.91016018,18.63087793,123.2582956,-5197.40438,1891.42387,3616.459942,LG
-22.06633628,17.91128766,117.8665931,-5164.641757,1734.630087,3700.582858,LG
-22.1298877,17.18673468,112.3013505,-5135.032163,1576.823539,3788.516356,LG
-22.24233635,16.43253532,106.6824386,-5092.116654,1416.76282,3865.258968,LG
-22.26218735,15.67479697,100.9011862,-5052.402361,1256.001,3945.62848,LG
-22.33060447,14.88894001,95.07735303,-4999.487054,1093.303651,4014.673193,LG
-22.30653703,14.10103185,89.10279383,-4949.841052,930.2223907,4087.176242,LG
-22.33079192,13.2865938,83.09713591,-4887.118545,765.5291288,4148.235884,LG
-22.26276174,12.47165039,76.95273624,-4827.752975,600.7734102,4212.600997,LG
-22.2428976,11.6318206,70.78906736,-4755.454617,434.7328324,4265.419949,LG
-22.13103427,10.79308314,64.49896411,-4686.619931,268.9542413,4321.407728,LG
-22.06726804,9.931151257,58.20172132,-4605.01491,102.2202663,4365.762937,LG
-21.91187454,9.071954771,51.79062676,-4526.998886,-63.92557831,4413.167003,LG
-21.80459599,8.191297728,45.38477397,-4436.393162,-230.6962913,4448.86886,LG
-21.6061475,7.315057907,38.87787816,-4349.519766,-396.5523254,4487.51667,LG
-21.45591776,6.419126616,32.38880759,-4250.254869,-562.7029684,4514.409755,LG
-21.21505975,5.529326346,25.811679,-4154.882978,-727.6132754,4544.163282,LG
-21.02260906,4.621632063,19.26511097,-4047.334655,-892.4894835,4562.126984,LG
-20.74015477,3.721807678,12.64359556,-3943.85664,-1055.801883,4582.88326,LG
-20.50637961,2.80590815,6.065477013,-3828.433376,-1218.754317,4591.832247,LG
-20.18330683,1.899635474,-0.57440376,-3717.273554,-1379.82294,4603.523773,LG
-19.9092664,0.9791209,-7.158001689,-3594.414957,-1540.209848,4603.408331,LG
-19.5467136,0.070001134,-13.79015358,-3476.027915,-1698.397683,4606.00334,LG
-19.23362559,-0.851520006,-20.35313844,-3346.202983,-1855.587437,4596.809571,LG
-18.83288747,-1.759874491,-26.95149738,-3221.071788,-2010.268845,4590.312155,LG
-18.48212329,-2.678789679,-33.46785838,-3084.777056,-2163.642428,4572.062028,LG
-18.04464561,-3.582769603,-40.00649338,-2953.411344,-2314.205615,4556.512123,LG
-17.65772501,-4.495476534,-46.45040404,-2811.168926,-2463.159067,4529.263389,LG
-17.18509891,-5.391489953,-52.90361946,-2674.102894,-2609.008493,4504.736616,LG
-16.76368391,-6.294410757,-59.24953955,-2526.458421,-2752.955296,4468.58258,LG
-16.25763964,-7.178897233,-65.59197658,-2384.248718,-2893.514029,4435.189947,LG
-15.80352803,-8.068492595,-71.81475289,-2231.769185,-3031.88742,4390.259101,LG
-15.26592811,-8.937937253,-78.02148959,-2084.992714,-3166.599411,4348.146565,LG
-14.78104634,-9.810720378,-84.0964552,-1928.264243,-3298.854617,4294.602077,LG
-14.2138782,-10.66166777,-90.14310488,-1777.515887,-3427.186897,4243.949968,LG
-13.70027376,-11.51421815,-96.04617654,-1617.141412,-3552.803288,4181.989043,LG
-13.10564191,-12.34328591,-101.908984,-1463.031684,-3674.248068,4123.011354,LG
-12.56547529,-13.17226281,-107.6167571,-1299.628574,-3792.731211,4052.864451,LG
-11.945593,-13.97615497,-113.2726923,-1142.781208,-3906.807889,3985.80799,LG
-11.38112912,-14.77831064,-118.7625334,-976.9788276,-4017.691497,3907.737915,LG
-10.7383097,-15.55383067,-124.1893825,-818.0283188,-4123.948552,3832.881335,LG
-10.15190899,-16.32602313,-129.4395185,-650.4655457,-4226.796328,3747.182203,LG
-9.488556649,-17.07008654,-134.6159714,-490.0546446,-4324.813104,3664.834901,LG
-8.882665753,-17.80929199,-139.6055754,-321.3773482,-4419.220461,3571.830974,LG
-8.201266111,-18.5189385,-144.51131,-160.1545253,-4508.608826,3482.331868,LG
-7.578408206,-19.22226327,-149.2205836,8.986982739,-4594.204482,3382.376279,LG
-6.881518483,-19.89466849,-153.8363458,170.3700965,-4674.610361,3286.092474,LG
-6.244283334,-20.55936044,-158.2465975,339.3236288,-4751.057808,3179.565828,LG
-5.534522259,-21.19184703,-162.5542772,500.2148136,-4822.162579,3076.891164,LG
-4.885556,-21.81530644,-166.6479957,668.3288811,-4889.161408,2964.20004,LG
-4.165593472,-22.40535466,-170.6306986,828.077902,-4950.683159,2855.553542,LG
-3.507588159,-22.98514444,-174.391622,994.704285,-5007.970247,2737.128885,LG
-2.780134714,-23.53040212,-178.0337358,1152.665458,-5059.664891,2622.953104,LG
-2.115817707,-24.06425747,-181.4469162,1317.161765,-5107.015438,2499.248528,LG
-1.383613813,-24.56254925,-184.7341726,1472.696505,-5148.677674,2380.007798,LG
-0.715737009,-25.04838661,-187.7860345,1634.428707,-5185.906093,2251.497794,LG
0.018457743,-25.49772256,-190.7055652,1786.90805,-5217.370218,2127.676399,LG
0.687128768,-25.93364778,-193.3839595,1945.252984,-5244.330864,1994.854459,LG
1.420546561,-26.33223125,-195.9243474,2094.060064,-5265.471425,1866.954724,LG
2.087243463,-26.7165471,-198.2185992,2248.407892,-5282.059173,1730.331397,LG
2.817119179,-27.0627818,-200.3699229,2392.940381,-5292.791464,1598.871701,LG
3.479081774,-27.39399467,-202.2708735,2542.696997,-5298.94212,1458.972579,LG
4.202663901,-27.68649096,-204.024747,2682.369479,-5299.222515,1324.485313,LG
4.857151057,-27.96331675,-205.5247904,2826.958853,-5294.913075,1181.848953,LG
5.571712557,-28.20089716,-206.8743958,2961.205135,-5284.7392,1044.878416,LG
6.216013008,-28.42226634,-207.9675083,3100.071588,-5269.987936,900.0542173,LG
6.918862075,-28.60397018,-208.907623,3228.346935,-5249.398679,761.1544728,LG
7.550305122,-28.76903203,-209.5893872,3360.957331,-5224.265068,614.7005066,LG
8.23879581,-28.89411919,-210.1164043,3482.740614,-5193.340425,474.4331915,LG
8.854761861,-29.00224512,-210.3840266,3608.586463,-5157.924916,326.9140002,LG
9.526304523,-29.07019901,-210.4959692,3723.382217,-5116.785678,185.8461107,LG
10.12423543,-29.12098508,-210.3482906,3841.981684,-5071.229293,37.83047862,LG
10.77630694,-29.13151465,-210.0448196,3949.322064,-5020.036564,-103.4678678,LG
11.35371609,-29.12478316,-209.4823205,4060.221871,-4964.520343,-251.409159,LG
11.98386981,-29.07782404,-208.764736,4159.668494,-4903.47491,-392.3669734,LG
12.53835195,-29.01362422,-207.7895342,4262.445708,-4838.219197,-539.6633972,LG
13.14422738,-28.90933899,-206.6607703,4353.59139,-4767.560731,-679.7110727,LG
13.67346807,-28.7879468,-205.2766125,4447.85509,-4692.824304,-825.7946096,LG
14.25280016,-28.62672436,-203.7412258,4530.325446,-4612.830422,-964.3661692,LG
14.75458498,-28.4486414,-201.953473,4615.718271,-4528.90947,-1108.673549,LG
15.30521307,-28.23109542,-200.0176245,4689.173195,-4439.894632,-1245.208879,LG
15.77743628,-27.99704697,-197.8332308,4765.372749,-4347.121588,-1387.183802,LG
16.29731264,-27.72401344,-195.5046617,4829.50776,-4249.435862,-1521.130862,LG
16.73798554,-27.43494559,-192.932147,4896.227888,-4148.178092,-1660.226198,LG
17.22518345,-27.10747958,-190.2201481,4950.775325,-4042.205766,-1791.043201,LG
17.63244219,-26.76455548,-187.2695641,5007.767242,-3932.864117,-1926.723145,LG
18.08516353,-26.38392693,-184.184939,5052.497325,-3819.022189,-2053.880694,LG
18.45727652,-25.98852223,-180.8678299,5099.550596,-3702.029406,-2185.622884,LG
18.87385888,-25.55621096,-177.4228527,5134.272328,-3580.765935,-2308.60606,LG
19.20923355,-25.10990835,-173.7522095,5171.215702,-3456.584958,-2435.903635,LG
19.58815681,-24.62759819,-169.960576,5195.777629,-3328.377294,-2554.214034,LG
19.88534595,-24.13218118,-165.950785,5222.479711,-3197.499427,-2676.577639,LG
20.22523822,-23.60175337,-161.827559,5236.770515,-3062.85233,-2789.735332,LG
20.48294569,-23.05919923,-157.4943455,5253.140288,-2925.795302,-2906.695045,LG
20.7825888,-22.48272497,-153.0558988,5257.089227,-2785.238951,-3014.240478,LG
20.99967459,-21.89519694,-148.4162648,5263.076409,-2642.544874,-3125.347669,LG
21.25800884,-21.27492921,-143.6802133,5256.653596,-2496.63277,-3226.843471,LG
21.43349364,-20.64476796,-138.7523701,5252.248841,-2348.866,-3331.672568,LG
21.64962202,-19.98313263,-133.7375039,5235.465364,-2198.172785,-3426.705284,LG
21.78269103,-19.31284702,-128.5408008,5220.700295,-2045.917694,-3524.855456,LG
21.95588274,-18.6124333,-123.2670098,5193.608171,-1891.036884,-3613.037172,LG
22.04588891,-17.90469049,-117.8218573,5168.55526,-1734.895554,-3704.133909,LG
22.17558226,-17.16824067,-112.3100533,5131.247228,-1576.437192,-3785.103787,LG
22.22204883,-16.42585557,-106.6378427,5096.019508,-1417.027039,-3868.80038,LG
22.30785345,-15.65625424,-100.9098763,5048.628668,-1255.615292,-3942.226079,LG
22.31047584,-14.88217842,-95.03289538,5003.379284,-1093.566628,-4018.204987,LG
22.35217422,-14.08244107,-89.11147011,4946.078567,-929.837322,-4083.783976,LG
22.31082123,-13.27975111,-83.05281497,4891.000179,-765.7908701,-4151.75808,LG
22.30836958,-12.45301221,-76.96139756,4824.001666,-600.3889812,-4209.218833,LG
22.22308391,-11.62489756,-70.74488159,4759.325681,-434.9933442,-4268.932569,LG
22.17661233,-10.77439821,-64.50760936,4682.879766,-268.5704524,-4318.035634,LG
22.0476104,-9.924148596,-58.15766922,4608.87543,-102.4795548,-4369.266001,LG
21.95742238,-9.053223723,-51.79925485,4523.269832,64.30872683,-4409.804947,LG
21.78509348,-8.184216165,-45.34085405,4440.243164,230.4382202,-4452.362389,LG
21.65166469,-7.296281381,-38.88648802,4345.801791,396.9348333,-4484.164619,LG
21.43656944,-6.411966866,-32.34501838,4254.094379,562.4461085,-4517.893772,LG
21.26054587,-5.51050497,-25.82026958,4151.176049,727.9951424,-4540.821205,LG
21.00341403,-4.614394835,-19.22145105,4051.1637,892.233829,-4565.601508,LG
20.78560942,-3.702942071,-12.65216586,3940.160724,1056.183109,-4579.551125,LG
20.48733695,-2.798594146,-6.021944965,3832.251981,1218.499862,-4595.297301,LG
20.2287296,-1.880726251,0.565854744,3713.588619,1380.203524,-4600.201547,LG
19.8903752,-0.971730815,7.201407247,3598.223149,1539.956587,-4606.863936,LG
19.59210409,-0.051048902,13.78162681,3472.35393,1698.777626,-4602.690993,LG
19.21488497,0.858985482,20.39641887,3350.000788,1855.335363,-4600.255747,LG
18.87824528,1.778869131,26.94299382,3217.40872,2010.648146,-4587.009655,LG
18.46353235,2.686329863,33.51101502,3088.5645,2163.391536,-4575.498798,LG
18.08997036,3.601806057,39.99801394,2949.759162,2314.584274,-4553.219439,LG
17.63928287,4.503090752,46.49343821,2814.946034,2462.909351,-4532.690774,LG
17.23039021,5.410567632,52.89516505,2670.461565,2609.38651,-4501.453716,LG
16.7453897,6.302098338,59.29245254,2530.22522,2752.706751,-4472.000602,LG
16.30289712,7.198015557,65.58354809,2380.61821,2893.891404,-4431.916801,LG
15.78538088,8.076252877,71.85754596,2235.525701,3031.640039,-4393.667781,LG
15.3111514,8.957095645,78.01308787,2081.372996,3166.976144,-4344.883142,LG
14.76304538,9.818552704,84.13912962,1932.010502,3298.608396,-4298.001437,LG
14.25906693,10.68086567,90.13473077,1773.906927,3427.562988,-4240.696238,LG
13.68241815,11.52212187,96.08873352,1620.877441,3552.55822,-4185.379104,LG
13.15079573,12.36252274,101.9006383,1459.433451,3674.623516,-4119.767286,LG
12.54776416,13.18023728,107.6591979,1303.354397,3792.487291,-4056.245235,LG
11.99071155,13.99543018,113.2643759,1139.19367,3907.182694,-3982.573553,LG
11.36356164,14.78635522,118.8048591,980.6944715,4017.44872,-3911.109444,LG
10.78339263,15.57314371,124.1810961,814.451444,4124.322715,-3829.6565,LG
10.13448433,16.33413718,129.4817303,654.1710361,4226.554688,-3750.544499,LG
9.533603629,17.08943686,134.6077157,486.4884021,4325.186624,-3661.619637,LG
8.865383074,17.8174749,139.6476745,325.0727111,4418.979953,-3575.184058,LG
8.246276798,18.53832556,144.5030858,156.5988839,4508.981704,-3479.126146,LG
7.561266689,19.23051441,149.2625711,-5.301721596,4593.965101,-3385.720174,LG
6.926492547,19.91409176,153.8281539,-173.915168,4674.982597,-3282.896263,LG
6.227282164,20.5676792,158.2884745,-335.6484436,4750.819548,-3182.900555,LG
5.579459374,21.21130599,162.5461182,-503.7493463,4822.534172,-3073.704435,LG
4.868694366,21.8236922,166.6897633,-664.6637461,4888.924263,-2967.525621,LG
4.210493318,22.42484878,170.6225732,-831.6019268,4951.054109,-2852.376265,LG
3.490865258,22.99359662,174.4332813,-991.0491745,5007.734212,-2740.445342,LG
2.824996977,23.54993089,178.0256447,-1156.179006,5060.035199,-2619.78525,LG
2.099232741,24.07277546,181.4884682,-1313.516653,5106.780508,-2502.555883,LG
1.428438183,24.58211216,184.7261164,-1476.199607,5149.04734,-2376.849338,LG
0.699289187,25.05696982,187.8274802,-1630.793569,5185.672263,-2254.796068,LG
0.02632843,25.5173191,190.6975447,-1790.400736,5217.739242,-2124.527303,LG
-0.70344023,25.94229562,193.4253001,-1941.627793,5244.098129,-1998.143675,LG
-1.375798884,26.35186093,195.916363,-2097.542365,5265.839807,-1863.814963,LG
-2.103419345,26.725259,198.2598355,-2244.792622,5281.827527,-1733.611577,LG
-2.772410292,27.08244411,200.3619753,-2396.412328,5293.159203,-1595.741247,LG
-3.495122849,27.40277005,202.3120066,-2539.091624,5298.71156,-1462.243745,LG
-4.157994095,27.70618543,204.0168368,-2685.831102,5299.589613,-1321.364137,LG
-4.873058091,27.97215505,205.5658212,-2823.363351,5294.683594,-1185.111127,LG
-5.527082115,28.2206233,206.8665236,-2964.656465,5285.105656,-1041.766489,LG
-6.231786762,28.43116699,208.0084378,-3096.485931,5269.759529,-903.3074213,LG
-6.874271276,28.62372751,208.8997893,-3231.788002,5249.764493,-758.0517664,LG
-7.565946352,28.77799446,209.6302163,-3357.381493,5224.037731,-617.9447627,LG
-8.194244929,28.91390724,210.1086097,-3486.171448,5193.705599,-471.3396773,LG
-8.870271315,29.0112688,210.4247562,-3605.020419,5157.698644,-330.1493305,LG
-9.481793829,29.09001731,210.4882142,-3726.802848,5117.150211,-182.7617604,LG
-10.13961385,29.13006946,210.3889217,-3838.42541,5071.00408,-41.05690505,LG
-10.7318367,29.15136274,210.0371047,-3952.732522,5020.400456,106.5430824,LG
-11.36896422,29.13392769,209.5228539,-4056.675341,4964.296185,248.1916142,LG
-11.93944029,29.09770147,208.7570618,-4163.068811,4903.838161,395.4330803,LG
-12.55347051,29.02282837,207.8299708,-4258.908896,4837.996089,536.454712,LG
-13.09983881,28.92924531,206.6531371,-4356.981593,4767.923342,682.7680998,LG
-13.6884578,28.79721003,205.3169531,-4444.327971,4692.602241,822.594762,LG
-14.20845282,28.64665912,203.7336342,-4533.705566,4613.192393,967.4141444,LG
-14.76944659,28.45796319,201.9937185,-4612.200819,4528.688447,1105.482517,LG
-15.26090719,28.25105817,200.0100749,-4692.543263,4440.255963,1248.24783,LG
-15.79217049,28.0064268,197.8733821,-4761.86494,4346.901601,1384.001563,LG
-16.25304847,27.74400376,195.4971546,-4832.867804,4249.796553,1524.160816,LG
-16.75259306,27.44438294,192.9722049,-4892.729697,4147.959136,1657.05273,LG
-17.18096122,27.12749702,190.2126839,-4954.125375,4042.565819,1794.064186,LG
-17.64692373,26.77404985,187.3095293,-5004.278643,3932.646187,1923.558427,LG
-18.04098348,26.40397108,184.1775181,-5055.837409,3819.381603,2056.892737,LG
-18.47163277,25.99807311,180.9077033,-5096.071563,3701.812498,2182.466892,LG
-18.82972124,25.57628139,177.4154756,-5137.602478,3581.12471,2311.609189,LG
-19.22346521,25.11951523,173.7919918,-5167.746212,3456.369067,2432.756349,LG
-19.5440618,24.64769449,169.953243,-5199.097873,3328.735431,2557.208275,LG
-19.8994537,24.14184358,165.990477,-5219.019738,3197.284548,2673.439035,LG
-20.18118606,23.62187512,161.8202704,-5240.080882,3063.20983,2792.720712,LG
-20.49693021,23.06891665,157.5339479,-5249.689807,2925.581431,2903.565102,LG
-20.7385797,22.50287177,153.0486552,-5260.389746,2785.595813,3017.217025,LG
-21.01353657,21.9049689,148.4557784,-5259.635395,2642.332006,3122.226364,LG
-21.21404303,21.29510065,143.6730149,-5259.944297,2496.988995,3229.811212,LG
-21.44723374,20.65459397,138.7917957,-5248.817268,2348.654131,3328.55988,LG
-21.60569969,20.00332831,133.7303511,-5238.746275,2198.528374,3429.664245,LG
-21.79630992,19.32272661,128.580139,-5217.27814,2045.70682,3521.751362,LG
-21.9120041,18.63265283,123.259903,-5196.87932,1891.391836,3615.987379,LG
-22.05938726,17.91462318,117.8611089,-5165.142497,1734.685669,3701.038388,LG
-22.13174751,17.18848366,112.3029927,-5134.508646,1576.791508,3788.045267,LG
-22.23542729,16.4358409,106.6770084,-5092.616113,1416.818139,3865.713409,LG
-22.26406278,15.67652031,100.9028623,-5051.880382,1255.968973,3945.158858,LG
-22.32373506,14.89221593,95.07197578,-4999.985232,1093.35871,4015.126544,LG
-22.30842783,14.10272984,89.10450304,-4949.320607,930.1903687,4086.708081,LG
-22.32396186,13.28984034,83.09181078,-4887.615445,765.5839286,4148.688144,LG
-22.26466765,12.4733233,76.95447769,-4827.23406,600.7413935,4212.13429,LG
-22.23610659,11.63503805,70.78379347,-4755.950241,434.7873752,4265.871117,LG
-22.13295505,10.79473125,64.50073699,-4686.102542,268.9222309,4320.942469,LG
-22.06051577,9.934339898,58.19649783,-4605.509258,102.274554,4366.213012,LG
-21.91380992,9.073578347,51.79243024,-4526.483019,-63.95758178,4412.703186,LG
-21.79788217,8.194457837,45.37960002,-4436.886237,-230.6422571,4449.31784,LG
-21.60809724,7.316657224,38.87971145,-4349.005416,-396.5843211,4487.054288,LG
-21.44924208,6.422258468,32.38368236,-4250.746672,-562.6491857,4514.857641,LG
-21.2170236,5.530901673,25.81354132,-4154.370141,-727.6452626,4543.702329,LG
-21.01597123,4.62473593,19.26003365,-4047.825188,-892.4359506,4562.573773,LG
-20.74213249,3.723359281,12.64548615,-3943.345312,-1055.833861,4582.42373,LG
-20.49977934,2.808984302,6.060446799,-3828.922641,-1218.701032,4592.27794,LG
-20.18529818,1.901163615,-0.572485649,-3716.76373,-1379.854907,4603.065659,LG
-19.90270339,0.982169605,-7.162985577,-3594.902955,-1540.15681,4603.852928,LG
-19.54871834,0.071506076,-13.78820868,-3475.519592,-1698.42964,4605.546637,LG
-19.22709957,-0.848498482,-20.35807677,-3346.689716,-1855.534643,4597.25307,LG
-18.83490536,-1.758392492,-26.94952643,-3220.564962,-2010.30079,4589.856857,LG
-18.47563397,-2.675795072,-33.47275191,-3085.262526,-2163.589877,4572.504429,LG
-18.04667642,-3.58131029,-40.00449706,-2952.90601,-2314.237548,4556.058224,LG
-17.65127209,-4.492508584,-46.45525351,-2811.653135,-2463.106757,4529.704692,LG
-17.1871424,-5.390053073,-52.90159849,-2673.599048,-2609.040413,4504.284109,LG
-16.75726712,-6.291469205,-59.25434568,-2526.94137,-2752.903226,4469.022785,LG
-16.2596956,-7.177482535,-65.58993162,-2383.746355,-2893.545935,4434.738828,LG
-15.7971471,-8.065577185,-71.8195164,-2232.250876,-3031.835588,4390.698207,LG
-15.2679963,-8.936544487,-78.01942132,-2084.491831,-3166.631303,4347.696826,LG
-14.77470098,-9.807830856,-84.10117679,-1928.744678,-3298.803021,4295.040085,LG
-14.2159584,-10.6602967,-90.14101394,-1777.016479,-3427.218774,4243.501606,LG
-13.69396371,-11.51135427,-96.05085689,-1617.620594,-3552.751927,4182.425952,LG
-13.1077339,-12.34193627,-101.906871,-1462.533747,-3674.279929,4122.564361,LG
-12.55920026,-13.16942431,-107.6213969,-1300.106504,-3792.680083,4053.300261,LG
-11.94769656,-13.97482654,-113.2705579,-1142.284738,-3906.839733,3985.362362,LG
-11.37488885,-14.77549728,-118.7671333,-977.455507,-4017.6406,3908.172626,LG
-10.74042461,-15.5525232,-124.1872274,-817.5333111,-4123.980379,3832.437065,LG
-10.14570321,-16.32323466,-129.4440791,-650.9409768,-4226.745661,3747.615815,LG
-9.490682703,-17.06879979,-134.6137961,-489.5610953,-4324.844913,3664.391984,LG
-8.876494199,-17.80652818,-139.6100974,-321.851533,-4419.170022,3572.263487,LG
-8.203403093,-18.51767224,-144.509115,-159.6624303,-4508.640617,3481.890299,LG
-7.572270614,-19.21952387,-149.2250677,8.514042197,-4594.154271,3382.807694,LG
-6.883666183,-19.89342249,-153.8341318,170.8607415,-4674.642133,3285.652247,LG
-6.238179444,-20.55664521,-158.2510442,338.8519306,-4751.007822,3179.996144,LG
-5.53668047,-21.19062106,-162.5520448,500.7040127,-4822.19433,3076.452274,LG
-4.879485551,-21.81261515,-166.6524056,667.8584232,-4889.111645,2964.629259,LG
-4.167761989,-22.40414849,-170.6284483,828.5656594,-4950.71489,2855.115983,LG
-3.501550897,-22.98247686,-174.3959958,994.2350654,-5007.920706,2737.557006,LG
-2.782313335,-23.52921552,-178.0314682,1153.151778,-5059.696601,2622.516871,LG
-2.109813374,-24.06161336,-181.4512544,1316.693781,-5106.966118,2499.675552,LG
-1.385802337,-24.56138201,-184.7318881,1473.181392,-5148.709362,2379.572886,LG
-0.709765355,-25.04576574,-187.7903376,1633.961958,-5185.856992,2251.923721,LG
0.016259514,-25.49657445,-190.7032645,1787.391507,-5217.401884,2127.242803,LG
0.693067994,-25.93104992,-193.3882282,1944.787467,-5244.28198,1995.27929,LG
1.418338823,-26.33110205,-195.9220308,2094.542096,-5265.503068,1866.522438,LG
2.09315051,-26.71397203,-198.2228339,2247.943605,-5282.010505,1730.755133,LG
2.814902126,-27.06167129,-200.367591,2393.420992,-5292.823083,1598.44072,LG
3.484956888,-27.39144217,-202.2750749,2542.233937,-5298.893668,1459.39522,LG
4.200437725,-27.68539893,-204.0224004,2682.848674,-5299.25411,1324.055632,LG
4.862994482,-27.9607866,-205.528959,2826.49702,-5294.864836,1182.270499,LG
5.569477447,-28.1998234,-206.8720349,2961.682917,-5284.77077,1044.450031,LG
6.221824986,-28.41975831,-207.9716446,3099.610978,-5269.939909,900.4746703,LG
6.91661822,-28.60291448,-208.9052482,3228.823309,-5249.430224,760.7273771,LG
7.556085895,-28.7665459,-209.5934917,3360.497942,-5224.217251,615.1198668,LG
8.236543394,-28.89308133,-210.1140162,3483.215583,-5193.371945,474.0073808,LG
8.860511665,-28.99978069,-210.3880998,3608.128294,-5157.877309,327.3322685,LG
9.524043729,-29.06917879,-210.4935681,3723.855786,-5116.817171,185.4215801,LG
10.1299545,-29.11854214,-210.352333,3841.524733,-5071.181893,38.24765574,LG
10.77403795,-29.13051186,-210.0424061,3949.794237,-5020.06803,-103.8911233,LG
11.35940467,-29.12236148,-209.4863325,4059.766134,-4964.47315,-250.9930721,LG
11.98159281,-29.07683849,-208.7623105,4160.139276,-4903.506348,-392.7889586,LG
12.54401025,-29.0112236,-207.7935163,4261.991184,-4838.172208,-539.2483995,LG
13.14194253,-28.90837048,-206.6583332,4354.060783,-4767.592141,-680.1317925,LG
13.67909635,-28.78556703,-205.2805652,4447.401777,-4692.777519,-825.3807004,LG
14.25050765,-28.62577269,-203.7387774,4530.793456,-4612.861803,-964.7856284,LG
14.76018344,-28.44628228,-201.9573968,4615.266165,-4528.862887,-1108.260727,LG
15.30291306,-28.23016038,-200.0151654,4689.639826,-4439.925984,-1245.627082,LG
15.78300516,-27.99470829,-197.8371261,4764.92185,-4347.075206,-1386.772066,LG
16.29500532,-27.72309485,-195.5021922,4829.973015,-4249.467184,-1521.547814,LG
16.74352507,-27.43262716,-192.9360143,4895.778193,-4148.131909,-1659.815548,LG
17.22286897,-27.10657724,-190.2176686,4951.239209,-4042.237058,-1791.458907,LG
17.63795259,-26.76225709,-187.2734037,5007.318749,-3932.818132,-1926.313579,LG
18.08284207,-26.38304066,-184.1824499,5052.959841,-3819.05345,-2054.295158,LG
18.462758,-25.98624369,-180.8716424,5099.103302,-3701.983619,-2185.2144,LG
18.87153061,-25.55534055,-177.4203544,5134.733481,-3580.797165,-2309.019287,LG
19.21468634,-25.10764946,-173.7559951,5170.769605,-3456.539366,-2435.496234,LG
19.58582188,-24.62674348,-169.9580688,5196.237423,-3328.408493,-2554.626028,LG
19.89077027,-24.12994174,-165.9545443,5222.034809,-3197.454029,-2676.171318,LG
20.2228968,-23.60091416,-161.8250432,5237.228954,-3062.883497,-2790.146098,LG
20.48834174,-23.05697906,-157.4980788,5252.696578,-2925.750098,-2906.289803,LG
20.78024104,-22.48190108,-153.053375,5257.546314,-2785.270084,-3014.650021,LG
21.00504259,-21.89299585,-148.4199725,5262.633889,-2642.499861,-3124.943504,LG
21.25565491,-21.27412046,-143.6776816,5257.109337,-2496.66387,-3227.251795,LG
21.4388338,-20.64258575,-138.7560527,5251.807509,-2348.821178,-3331.26948,LG
21.64726207,-19.98233884,-133.7349647,5235.919761,-2198.203852,-3427.112394,LG
21.78800356,-19.31068351,-128.5444585,5220.260148,-2045.873062,-3524.453443,LG
21.95351692,-18.61165429,-123.2644635,5194.061229,-1891.067916,-3613.443072,LG
22.05117402,-17.90254549,-117.8254906,5168.116296,-1734.85111,-3703.732971,LG
22.17321073,-17.16747627,-112.3075002,5131.698952,-1576.46819,-3785.508481,LG
22.22730673,-16.4237289,-106.6414519,5095.581725,-1416.982782,-3868.400514,LG
22.30547636,-15.65550427,-100.9073167,5049.07906,-1255.646254,-3942.629571,LG
22.31570673,-14.88006991,-95.03648088,5002.94268,-1093.522557,-4017.806192,LG
22.34979171,-14.08170536,-89.10890432,4946.527633,-929.8682494,-4084.186272,LG
22.31602531,-13.27766057,-83.05637711,4890.564751,-765.7469835,-4151.360354,LG
22.30598181,-12.4522906,-76.9588259,4824.449409,-600.4198726,-4209.619936,LG
22.22826138,-11.62282482,-70.7484207,4758.891427,-434.949641,-4268.535911,LG
22.17421944,-10.77369052,-64.50503211,4683.32619,-268.6013075,-4318.435549,LG
22.05276146,-9.922093468,-58.16118565,4608.442347,-102.4360339,-4368.87041,LG
21.95502451,-9.052529788,-51.79667231,4523.714941,64.2779086,-4410.203678,LG
21.79021833,-8.182178481,-45.34434813,4439.81125,230.48156,-4451.967863,LG
21.64926199,-7.295601038,-38.88390048,4346.245588,396.9040523,-4484.56217,LG
21.44166828,-6.409946453,-32.34849043,4253.663632,562.4892685,-4517.500309,LG
21.25813847,-5.509838055,-25.81767731,4151.618539,727.964399,-4541.21758,LG
21.00848704,-4.612391523,-19.2249014,4050.734117,892.2768101,-4565.209107,LG
20.78319746,-3.702288424,-12.64956914,3940.601911,1056.152404,-4579.946328,LG
20.49238433,-2.796607765,-6.025373925,3831.82356,1218.542665,-4594.90596,LG
20.22631322,-1.88008571,0.568455649,3714.028507,1380.172857,-4600.595584,LG
19.89539714,-0.969761198,7.197999369,3597.795887,1539.999214,-4606.473653,LG
19.58968343,-0.050421311,13.78423164,3472.792523,1698.746998,-4603.083866,LG
19.21988166,0.860938502,20.39303177,3349.574683,1855.377814,-4599.866522,LG
18.87582047,1.77948393,26.94560231,3217.846021,2010.617557,-4587.401369,LG
18.46850398,2.68826645,33.50764841,3088.139549,2163.433813,-4575.110627,LG
18.08754153,3.602408218,40.00062585,2950.195175,2314.553725,-4553.609998,LG
17.64422962,4.505011067,46.49009178,2814.522236,2462.951455,-4532.303657,LG
17.22795749,5.411157309,52.89778013,2670.896295,2609.356001,-4501.843124,LG
16.75031175,6.304002544,59.28912602,2529.802572,2752.748683,-4471.614537,LG
16.30046064,7.198592901,65.58616609,2381.051661,2893.860935,-4432.305062,LG
15.79027842,8.078141132,71.85423907,2235.1042,3031.6818,-4393.282765,LG
15.30871129,8.957660807,78.01570857,2081.805171,3166.945716,-4345.27026,LG
14.76791859,9.820425167,84.13584207,1931.590146,3298.649986,-4297.61747,LG
14.25662332,10.68141879,90.13735394,1774.33783,3427.532601,-4241.082217,LG
13.6872672,11.5239787,96.08546505,1620.458226,3552.599642,-4184.996184,LG
13.14834874,12.36306398,101.9032637,1459.863085,3674.593171,-4120.15213,LG
12.55258924,13.18207863,107.6559482,1302.936323,3792.528545,-4055.863359,LG
11.9882613,13.99595968,113.2670033,1139.62204,3907.15239,-3982.957266,LG
11.36836292,14.78818124,118.801628,980.2775346,4017.489807,-3910.72861,LG
10.78093924,15.57366161,124.1837253,814.8785537,4124.292453,-3830.039086,LG
10.13926198,16.33594803,129.4785175,653.7552342,4226.595609,-3750.164706,LG
9.531147221,17.08994331,134.6103466,486.9142552,4325.156405,-3662.001099,LG
8.870137279,17.81927071,139.6444797,324.6580417,4419.020709,-3574.805305,LG
8.243817491,18.53882069,144.505718,157.0234842,4508.951528,-3479.506488,LG
7.565997614,19.23229535,149.2593942,-5.715260887,4594.005693,-3385.342457,LG
6.924030457,19.91457572,153.8307873,-173.4918167,4674.952464,-3283.275489,LG
6.231989978,20.56944541,158.2853151,-336.0608553,4750.859977,-3182.523873,LG
5.576994617,21.21177891,162.5487526,-503.3272402,4822.504082,-3074.08255,LG
4.873379237,21.82544383,166.6866212,-665.0750327,4888.96453,-2967.149973,LG
4.208026009,22.4253108,170.6252084,-831.1810621,4951.024064,-2852.753271,LG
3.495527354,22.9953338,174.4301563,-991.4593384,5007.774318,-2740.070725,LG
2.822527226,23.55038214,178.0282806,-1155.759379,5060.005197,-2620.161152,LG
2.103872226,24.07449835,181.48536,-1313.925697,5106.820455,-2502.182295,LG
1.425966103,24.58255278,184.7287527,-1475.781214,5149.017383,-2377.224139,LG
0.703906226,25.05867855,187.8243887,-1631.201495,5185.712051,-2254.423508,LG
0.02385413,25.51774922,190.7001812,-1789.983573,5217.709329,-2124.901008,LG
-0.698845475,25.94399034,193.4222249,-1942.034603,5244.137759,-1997.772141,LG
-1.378275296,26.35228067,195.9189996,-2097.126428,5265.80994,-1864.187574,LG
-2.098846713,26.72693984,198.2567765,-2245.198321,5281.867,-1733.241066,LG
-2.774888708,27.08285362,200.3646118,-2395.997614,5293.129382,-1596.112768,LG
-3.490572179,27.40443716,202.3089636,-2539.496212,5298.750876,-1461.874255,LG
-4.16047441,27.70658483,204.0194731,-2685.417607,5299.559837,-1321.734572,LG
-4.868529227,27.97380855,205.562794,-2823.766831,5294.722756,-1184.742656,LG
-5.529564224,28.22101271,206.8691594,-2964.244186,5285.075926,-1042.135842,LG
-6.227279546,28.43280703,208.0054262,-3096.888306,5269.798537,-902.9399684,LG
-6.876755077,28.62410706,208.9024245,-3231.376934,5249.734809,-758.4200401,LG
-7.561460628,28.77962117,209.6272201,-3357.782766,5224.076585,-617.5783252,LG
-8.19673032,28.91427705,210.1112442,-3485.761587,5193.675962,-471.7068758,LG
-8.86580693,29.0128823,210.4217752,-3605.420592,5157.737345,-329.7839062,LG
-9.48428071,29.09037751,210.4908478,-3726.394192,5117.12062,-183.1278872,LG
-10.13517065,29.13166989,210.3859556,-3838.824485,5071.04263,-40.692492,LG
-10.73432497,29.15171344,210.0397373,-3952.325067,5020.370912,106.1780237,LG
-11.36454205,29.13551518,209.5199026,-4057.07332,4964.334585,248.5550181,LG
-11.94192985,29.0980428,208.7596931,-4162.662552,4903.808664,395.0690863,LG
-12.54906923,29.02440303,207.8270341,-4259.305783,4838.034338,536.8171089,LG
-13.10232957,28.92957739,206.6557671,-4356.576527,4767.893893,682.405167,LG
-13.68407726,28.79877201,205.3140308,-4444.723767,4692.640342,822.9561539,LG
-14.21094468,28.64698206,203.7362627,-4533.30169,4613.162992,967.0522692,LG
-14.76508664,28.45951261,201.9908105,-4612.595528,4528.7264,1105.842906,LG
-15.26340006,28.25137208,200.0127018,-4692.140572,4440.22661,1247.887008,LG
-15.78783098,28.00796378,197.8704881,-4762.258564,4346.939407,1384.360951,LG
-16.25554225,27.74430876,195.4997798,-4832.466296,4249.767249,1523.801046,LG
-16.74827384,27.44590761,192.9693248,-4893.122237,4147.996795,1657.41112,LG
-17.18345582,27.12779324,190.2153072,-4953.725045,4042.536563,1793.705463,LG
-17.64262467,26.77556232,187.306663,-5004.670103,3932.683701,1923.91582,LG
-18.04347882,26.40425862,184.1801395,-5055.438255,3819.352395,2056.535058,LG
-18.46735372,25.99957351,180.9048505,-5096.461946,3701.849868,2182.823291,LG
-18.83221722,25.57656035,177.4180948,-5137.204495,3581.095552,2311.25255,LG
-19.21920603,25.12100368,173.7891524,-5168.13552,3456.406293,2433.111755,LG
-19.54655833,24.64796499,169.9558599,-5198.701058,3328.706322,2556.852673,LG
-19.89521425,24.14332019,165.9876508,-5219.407973,3197.32163,2673.793452,LG
-20.18368306,23.62213727,161.8228851,-5239.685231,3063.18077,2792.366145,LG
-20.49271036,23.07038154,157.5311348,-5250.076972,2925.618371,2903.918531,LG
-20.74107708,22.50312567,153.0512674,-5259.995256,2785.566803,3016.863488,LG
-21.00933617,21.90642218,148.4529782,-5260.021492,2642.368805,3122.578807,LG
-21.2165407,21.29534642,143.6756245,-5259.550964,2496.960035,3229.458702,LG
-21.44305266,20.65603576,138.7890083,-5249.202301,2348.69079,3328.91134,LG
-21.60819758,20.00356605,133.732958,-5238.354096,2198.499464,3429.312758,LG
-21.79214803,19.32415703,128.5773642,-5217.66211,2045.743339,3522.101841,LG
-21.91450212,18.63288264,123.2625071,-5196.488292,1891.362977,3615.636914,LG
-22.05524441,17.91604233,117.8583465,-5165.525407,1734.72205,3701.387887,LG
-22.13424558,17.18870565,112.3055939,-5134.118764,1576.762699,3787.695819,LG
-22.23130336,16.4372489,106.6742583,-5092.997965,1416.854382,3866.061931,LG
-22.26656083,15.67673457,100.9054605,-5051.491643,1255.940215,3944.810424,LG
-22.31962992,14.89361289,95.06923793,-5000.36603,1093.394815,4015.474092,LG
-22.31092576,14.10293648,89.10709813,-4948.933008,930.1616613,4086.360657,LG
-22.31987538,13.29122636,83.08908498,-4887.99519,765.6198976,4149.034719,LG
-22.26716539,12.47352241,76.95706959,-4826.847597,600.7127372,4211.787874,LG
-22.23203864,11.63641325,70.78107957,-4756.328936,434.8232084,4266.216722,LG
-22.13545253,10.79492293,64.50332559,-4685.717212,268.8936259,4320.597057,LG
-22.05646621,9.935704377,58.1937957,-4605.886906,102.3102523,4366.557649,LG
-21.91630706,9.073762703,51.79501548,-4526.098818,-63.98613531,4412.358776,LG
-21.79385089,8.195811701,45.37690954,-4437.26284,-230.6066929,4449.661511,LG
-21.61059396,7.316834348,38.88229322,-4348.622341,-396.612823,4486.710875,LG
-21.44522895,6.423601821,32.38100339,-4251.122233,-562.613755,4515.200348,LG
-21.21951983,5.53107166,25.81611953,-4153.988189,-727.6737126,4543.359912,LG
-21.01197612,4.626068876,19.25736606,-4048.199709,-892.4006526,4562.91552,LG
-20.74462815,3.723522224,12.64806072,-3942.964478,-1055.862259,4582.082304,LG
-20.49580214,2.810306944,6.05779048,-3829.296124,-1218.665866,4592.618728,LG
-20.18779321,1.901319609,-0.569914798,-3716.384012,-1379.883253,4602.725222,LG
-19.89874396,0.983482043,-7.165630754,-3595.275403,-1540.121775,4604.192758,LG
-19.55121266,0.071655211,-13.78564163,-3475.140987,-1698.457933,4605.207186,LG
-19.22315779,-0.847196147,-20.36071092,-3347.061132,-1855.499739,4597.591946,LG
-18.83739891,-1.758250124,-26.94696325,-3220.187464,-2010.329032,4589.518388,LG
-18.47170973,-2.674502741,-33.47537516,-3085.632912,-2163.555103,4572.842353,LG
-18.04916912,-3.5811746,-40.00193785,-2952.529618,-2314.265736,4555.720734,LG
-17.64736527,-4.49122616,-46.45786597,-2812.022493,-2463.072112,4530.041666,LG
-17.18963419,-5.38992397,-52.8990433,-2673.223758,-2609.068549,4503.947596,LG
-16.7533776,-6.29019659,-59.25694747,-2527.309704,-2752.868709,4469.358811,LG
-16.26218641,-7.177359933,-65.58738053,-2383.372164,-2893.574018,4434.403287,LG
-15.79327476,-8.064314283,-71.82210762,-2232.618187,-3031.801198,4391.033288,LG
-15.27048606,-8.936428299,-78.01687439,-2084.118735,-3166.659333,4347.362256,LG
-14.77084571,-9.806577572,-84.10375756,-1929.11097,-3298.768759,4295.374222,LG
-14.21844705,-10.66018683,-90.13847125,-1776.644475,-3427.24675,4243.168002,LG
-13.69012539,-11.51011051,-96.05342731,-1617.985868,-3552.717791,4182.759148,LG
-13.11022138,-12.34183265,-101.9043326,-1462.162832,-3674.307852,4122.231722,LG
-12.55537878,-13.16818999,-107.6239571,-1300.470763,-3792.646072,4053.632518,LG
-11.9501828,-13.97472908,-113.2680239,-1141.914908,-3906.867602,3985.030684,LG
-11.3710841,-14.77427229,-118.7696833,-977.8187539,-4017.606714,3908.503947,LG
-10.74290955,-15.55243182,-124.1846978,-817.1645634,-4124.008195,3832.106346,LG
-10.14191507,-16.32201892,-129.4466191,-651.3032138,-4226.7119,3747.946202,LG
-9.493166275,-17.0687144,-134.611271,-489.1934264,-4324.872675,3664.062219,LG
-8.872722566,-17.80532159,-139.6126275,-322.2127627,-4419.136384,3572.592943,LG
-8.20588524,-18.51759276,-144.5065945,-159.2958368,-4508.668325,3481.561487,LG
-7.568515374,-19.21832635,-149.2275879,8.153817365,-4594.120756,3383.13622,LG
-6.886146846,-19.89334884,-153.8316159,171.2262628,-4674.669787,3285.324384,LG
-6.234440488,-20.55545667,-158.2535547,338.4927082,-4750.974429,3180.323743,LG
-5.53915959,-21.19055316,-162.5495336,501.0684651,-4822.221931,3076.125357,LG
-4.875762772,-21.8114355,-166.6549065,667.5002006,-4889.078374,2964.955932,LG
-4.170239508,-22.40408627,-170.6259417,828.9290461,-4950.742436,2854.790009,LG
-3.497844187,-22.98130601,-174.3984871,993.8778402,-5007.887556,2737.882757,LG
-2.784789195,-23.52915889,-178.0289664,1153.514102,-5059.724092,2622.191838,LG
-2.106122628,-24.06045124,-181.4537362,1316.337551,-5106.933088,2500.000383,LG
-1.388276482,-24.5613309,-184.7293911,1473.542657,-5148.736799,2379.248791,LG
-0.706090467,-25.04461225,-187.7928101,1633.60672,-5185.824081,2252.247633,LG
0.01378714,-25.49652878,-190.7007723,1787.751716,-5217.429266,2126.919642,LG
0.696727128,-25.92990498,-193.3906914,1944.433219,-5244.249189,1995.602287,LG
1.415868275,-26.33106175,-195.9195436,2094.901252,-5265.530396,1866.200209,LG
2.096793993,-26.71283556,-198.2252879,2247.590344,-5281.977833,1731.077216,LG
2.812433457,-27.06163628,-200.3651088,2393.779099,-5292.850356,1598.119421,LG
3.488584822,-27.39031408,-202.2775198,2541.881662,-5298.861113,1459.716392,LG
4.19797099,-27.68536915,-204.0199232,2683.205734,-5299.281328,1323.735258,LG
4.86660697,-27.95966681,-205.5313948,2826.145727,-5294.832398,1182.590762,LG
5.567012698,-28.19979876,-206.8695627,2962.038935,-5284.797933,1044.13058,LG
6.225422127,-28.41864675,-207.9740714,3099.260666,-5269.907587,900.7940267,LG
6.914155507,-28.60289491,-208.9027812,3229.178286,-5249.457332,760.4088473,LG
7.559667788,-28.76544249,-209.5959097,3360.148607,-5224.185046,615.438319,LG
8.234082769,-28.89306677,-210.1115542,3483.569524,-5193.398998,473.6897687,LG
8.864078411,-28.99868534,-210.390509,3607.779933,-5157.845219,327.6498186,LG
9.521585243,-29.06916917,-210.4911114,3724.208693,-5116.844168,185.1048829,LG
10.1335062,-29.11745477,-210.3547334,3841.177345,-5071.149918,38.56430609,LG
10.77158165,-29.13050711,-210.0399545,3950.146113,-5020.094972,-104.2069083,LG
11.36294141,-29.12128203,-209.4887244,4059.419717,-4964.441288,-250.6773191,LG
11.97913875,-29.07683853,-208.7598642,4160.490125,-4903.533235,-393.1038343,LG
12.54753214,-29.01015198,-207.7958996,4261.645735,-4838.14046,-538.9335418,LG
13.13949075,-28.90837525,-206.6558921,4354.410608,-4767.618973,-680.4457615,LG
13.68260347,-28.78450317,-205.28294,4447.057293,-4692.745884,-825.0667355,LG
14.2480582,-28.62578212,-203.7363417,4531.142259,-4612.888579,-965.0986935,LG
14.7636759,-28.4452261,-201.9597631,4614.922644,-4528.831364,-1107.947652,LG
15.300466,-28.23017441,-200.012735,4689.987611,-4439.952704,-1245.939246,LG
15.78648305,-27.99365972,-197.8394842,4764.579289,-4347.043796,-1386.45988,LG
16.29256067,-27.72311341,-195.4997672,4830.319786,-4249.493849,-1521.85908,LG
16.74698847,-27.43158612,-192.938364,4895.43659,-4148.10061,-1659.504248,LG
17.2204268,-27.10660027,-190.215249,4951.584968,-4042.263667,-1791.769277,LG
17.6414016,-26.76122352,-187.2757453,5006.978101,-3932.786944,-1926.003163,LG
18.08040241,-26.38306809,-184.1800358,5053.304591,-3819.080003,-2054.604635,LG
18.46619272,-25.9852175,-180.8739758,5098.763607,-3701.952541,-2184.904865,LG
18.8690935,-25.55537233,-177.4179457,5135.077225,-3580.823662,-2309.327873,LG
19.21810685,-25.10663059,-173.7583205,5170.430861,-3456.508397,-2435.187578,LG
19.58338737,-24.62677953,-169.9556656,5196.580164,-3328.434934,-2554.933727,LG
19.89417666,-24.12893013,-165.9568616,5221.697013,-3197.423169,-2675.863538,LG
20.22046494,-23.60095443,-161.8226456,5237.570695,-3062.909882,-2790.452912,LG
20.49173411,-23.05597463,-157.5003882,5252.359728,-2925.719346,-2905.982899,LG
20.77781186,-22.4819455,-153.0509829,5257.887059,-2785.296413,-3014.955952,LG
21.00842102,-21.89199852,-148.422274,5262.297982,-2642.469218,-3124.637472,LG
21.25322845,-21.27416897,-143.6752951,5257.449088,-2496.690143,-3227.556847,LG
21.44219838,-20.64159547,-138.7583463,5251.472543,-2348.790642,-3330.964318,LG
21.64483838,-19.98239139,-133.7325838,5236.258522,-2198.230069,-3427.416569,LG
21.79135437,-19.30970021,-128.5467444,5219.926121,-2045.842633,-3524.149149,LG
21.95109604,-18.61171081,-123.2620882,5194.399002,-1891.094077,-3613.746372,LG
22.05451115,-17.90156909,-117.8277688,5167.783205,-1734.820787,-3703.429541,LG
22.17079269,-17.16753671,-112.3051305,5132.03574,-1576.494294,-3785.81091,LG
22.23063026,-16.42275935,-106.6437225,5095.249567,-1416.952564,-3868.097948,LG
22.3030612,-15.65556858,-100.9049527,5049.414867,-1255.672302,-3942.931131,LG
22.31901675,-14.87910713,-95.03874387,5002.611454,-1093.492445,-4017.504486,LG
22.34737948,-14.08177347,-89.10654602,4946.862461,-929.8942409,-4084.486965,LG
22.31932191,-13.27670451,-83.05863257,4890.234453,-765.7169761,-4151.059508,LG
22.30357253,-12.45236245,-76.9564733,4824.783261,-600.4458077,-4209.919765,LG
22.23154463,-11.6218754,-70.75066869,4758.562055,-434.9197379,-4268.235921,LG
22.17181315,-10.77376606,-64.50268524,4683.65907,-268.6271862,-4318.734517,LG
22.05603145,-9.921150639,-58.16342622,4608.1139,-102.4062345,-4368.571274,LG
21.95262125,-9.052608971,-51.79433118,4524.046851,64.25208637,-4410.501787,LG
21.79347513,-8.181242175,-45.34658134,4439.483725,230.5112563,-4451.669579,LG
21.64686179,-7.295683803,-38.8815651,4346.576531,396.8782865,-4484.859423,LG
21.44491199,-6.409016609,-32.35071634,4253.337026,562.518862,-4517.202874,LG
21.25574138,-5.509924349,-25.81534771,4151.948518,727.9386898,-4541.513979,LG
21.01171773,-4.611468078,-19.22712004,4050.408427,892.3063014,-4564.91252,LG
20.7808035,-3.702378194,-12.64724532,3940.93093,1056.126751,-4580.241876,LG
20.49560208,-2.79569066,-6.027585366,3831.498785,1218.572055,-4594.610217,LG
20.22392243,-1.880178904,0.570773668,3714.356567,1380.147261,-4600.890283,LG
19.89860203,-0.968850372,7.195795083,3597.472024,1540.028502,-4606.178753,LG
19.58729584,-0.050517877,13.78654385,3473.119627,1698.721458,-4603.377719,LG
19.22307376,0.861843108,20.39083459,3349.25173,1855.407002,-4599.572462,LG
18.87343611,1.779384043,26.94790869,3218.172174,2010.592075,-4587.694379,LG
18.47168338,2.689164894,33.50545829,3087.817503,2163.462901,-4574.817406,LG
18.08516044,3.602305061,40.00292639,2950.520378,2314.528298,-4553.902166,LG
17.64739638,4.505903409,46.48790867,2814.201095,2462.980443,-4532.011272,LG
17.2255797,5.411050932,52.90007482,2671.220551,2609.330631,-4502.134454,LG
16.75346596,6.30488884,59.28694986,2529.482333,2752.777571,-4471.322985,LG
16.29808618,7.198483353,65.58845492,2381.374973,2893.835623,-4432.595556,LG
15.79342015,8.07902144,71.85206983,2234.784862,3031.71059,-4392.992045,LG
15.30634018,8.957548136,78.01799153,2082.127542,3166.92046,-4345.55992,LG
14.77104792,9.821299542,84.1336797,1931.271706,3298.678678,-4297.327579,LG
14.2542556,10.68130305,90.13963102,1774.659263,3427.507401,-4241.371046,LG
13.6903842,11.5248472,96.08330951,1620.140682,3552.628236,-4184.70712,LG
13.14598443,12.36294521,101.9055349,1460.183583,3674.568028,-4120.44013,LG
12.55569399,13.1829413,107.6537994,1302.619671,3792.557041,-4055.57512,LG
11.98590044,13.99583793,113.2692686,1139.941606,3907.127304,-3983.24444,LG
11.37145548,14.78903815,118.799486,979.961774,4017.518206,-3910.441194,LG
10.77858186,15.57353693,124.1859847,815.1971899,4124.267424,-3830.325435,LG
10.14234243,16.33679923,129.4763822,653.4403621,4226.623912,-3749.87811,LG
9.528793342,17.08981573,134.6126,487.2319646,4325.131433,-3662.286627,LG
8.873205691,17.82011625,139.642351,324.3440558,4419.048916,-3574.519527,LG
8.241467142,18.53869028,144.5079656,157.3402696,4508.926612,-3479.791198,LG
7.569054057,19.23313528,149.2572721,-6.028363021,4594.033804,-3385.057495,LG
6.921683664,19.91444251,153.8330289,-173.1759526,4674.927605,-3283.559382,LG
6.235034523,20.57027979,158.2831996,-336.373076,4750.887993,-3182.239725,LG
5.574651406,21.21164295,162.5509884,-503.0122945,4822.47928,-3074.365628,LG
4.876411954,21.82627271,166.6845122,-665.3863742,4888.992452,-2966.866636,LG
4.205686406,22.42517213,170.6274382,-830.8670322,4950.999318,-2853.035538,LG
3.498548312,22.99615723,174.4280538,-991.7698031,5007.802146,-2739.788197,LG
2.820191257,23.5502408,178.0305044,-1155.446262,5059.980508,-2620.442609,LG
2.106881494,24.07531638,181.483264,-1314.235287,5106.848188,-2501.900575,LG
1.423633792,24.58240882,184.7309706,-1475.469007,5148.992751,-2377.504789,LG
0.706903871,25.05949123,187.8222991,-1631.510213,5185.739691,-2254.142592,LG
0.021525502,25.51760268,190.7023931,-1789.672274,5217.684754,-2125.180853,LG
-0.695859385,25.94479772,193.4201417,-1942.342452,5244.165306,-1997.492027,LG
-1.380600218,26.35213159,195.9212056,-2096.816034,5265.785421,-1864.466618,LG
-2.095872111,26.72774197,198.2546996,-2245.505301,5281.894455,-1732.961753,LG
-2.7772099,27.08270204,200.3668119,-2395.688121,5293.10492,-1596.391012,LG
-3.487608999,27.40523408,202.306893,-2539.802327,5298.778239,-1461.595741,LG
-4.162791848,27.70643079,204.0216672,-2685.109014,5299.535431,-1322.012017,LG
-4.865577403,27.97460032,205.5607297,-2824.072083,5294.750027,-1184.464938,LG
-5.531877887,28.22085626,206.8713476,-2963.936489,5285.051577,-1042.412492,LG
-6.224339013,28.43359369,208.0033681,-3097.192698,5269.825716,-902.6630439,LG
-6.879064942,28.62394823,208.9046068,-3231.070131,5249.710517,-758.6958976,LG
-7.558531321,28.78040276,209.6251682,-3358.086299,5224.103674,-617.3021923,LG
-8.199036365,28.91411588,210.1134204,-3485.455676,5193.651726,-471.9819426,LG
-8.862888785,29.01365888,210.4197294,-3605.723269,5157.764344,-329.5085629,LG
-9.486582914,29.09021404,210.4930181,-3726.089169,5117.096441,-183.4021657,LG
-10.1322636,29.1324415,210.383916,-3839.126308,5071.069539,-40.41793603,LG
-10.73662331,29.15154772,210.0419016,-3952.020929,5020.34679,105.9045313,LG
-11.36164604,29.13628187,209.5178691,-4057.374292,4964.361404,248.8287889,LG
-11.94422431,29.09787485,208.7618515,-4162.359298,4903.784599,394.7963775,LG
-12.54618419,29.02516486,207.8250066,-4259.605905,4838.061068,537.0900966,LG
-13.10462013,28.92940725,206.6579196,-4356.274154,4767.869884,682.1332397,LG
-13.68120313,28.799529,205.3120094,-4445.023043,4692.666983,823.2283608,LG
-14.21323131,28.64680977,203.7384092,-4533.000194,4613.139039,966.781121,LG
-14.76222336,28.46026481,201.9887951,-4612.893958,4528.752952,1106.114334,LG
-15.26568275,28.25119769,200.0148424,-4691.839952,4440.202714,1247.616637,LG
-15.78497849,28.00871124,197.8684787,-4762.556152,4346.965872,1384.631603,LG
-16.25782099,27.74413229,195.5019145,-4832.166548,4249.743409,1523.531449,LG
-16.74543208,27.44665037,192.9673213,-4893.418985,4148.023172,1657.680997,LG
-17.18573058,27.12761473,190.2174359,-4953.426168,4042.512779,1793.436639,LG
-17.63979357,26.77630042,187.3046654,-5004.966013,3932.709991,1924.184925,LG
-18.04574958,26.4040781,184.1822623,-5055.140245,3819.328669,2056.267004,LG
-18.46453323,26.00030699,180.9028588,-5096.75702,3701.876071,2183.091626,LG
-18.83448396,25.57637786,177.4202117,-5136.90735,3581.071882,2310.985264,LG
-19.21639609,25.12173259,173.7871665,-5168.42976,3456.432409,2433.379322,LG
-19.54882104,24.64778056,169.9579709,-5198.404775,3328.682708,2556.586153,LG
-19.89241481,24.14404456,165.9856708,-5219.701382,3197.347661,2674.060253,LG
-20.18594173,23.62195095,161.8249901,-5239.389808,3063.157213,2792.100387,LG
-20.48992135,23.07110143,157.5291605,-5250.369552,2925.644316,2904.184568,LG
-20.74333168,22.50293748,153.0533665,-5259.70069,2785.543302,3016.598492,LG
-21.00655753,21.90713762,148.4510097,-5260.313246,2642.394665,3122.844083,LG
-21.21879122,21.29515638,143.6777177,-5259.257253,2496.93659,3229.194465,LG
-21.44028435,20.65674679,138.7870455,-5249.49323,2348.716565,3329.175856,LG
-21.61044401,20.00337421,133.7350453,-5238.061236,2198.476075,3429.049278,LG
-21.78938997,19.32486369,128.5754071,-5217.952216,2045.769029,3522.365599,LG
-21.91674444,18.63268904,123.2645885,-5196.196282,1891.339644,3615.374188,LG
-22.05249656,17.91674466,117.8563951,-5165.814693,1734.747656,3701.650891,LG
-22.13648377,17.1885103,112.3076694,-5133.827601,1576.739423,3787.433845,LG
-22.22856566,16.43794693,106.6723126,-5093.286433,1416.879904,3866.324182,LG
-22.26879487,15.67653752,100.9075301,-5051.201325,1255.916994,3944.549201,LG
-22.31690232,14.89430667,95.0672978,-5000.653682,1093.420254,4015.735591,LG
-22.31315565,14.10273775,89.10916187,-4948.643531,930.1384969,4086.100182,LG
-22.31715782,13.29191593,83.08715045,-4888.282029,765.6452533,4149.29547,LG
-22.26939111,12.47332204,76.95912745,-4826.55896,600.6896288,4211.528145,LG
-22.22933106,11.63709864,70.77915062,-4756.614963,434.8484815,4266.476726,LG
-22.13767406,10.79472094,64.50537759,-4685.429412,268.8705734,4320.338072,LG
-22.05376857,9.936385622,58.1918723,-4606.172125,102.335443,4366.816908,LG
-21.91852439,9.073559128,51.79706161,-4525.811851,-64.00913187,4412.100532,LG
-21.79116312,8.196488842,45.37499166,-4437.547252,-230.5815843,4449.920027,LG
-21.61280708,7.316629217,38.8843335,-4348.336207,-396.6357637,4486.453371,LG
-21.44255101,6.424274895,32.379091,-4251.405839,-562.588728,4515.458124,LG
-21.22172873,5.530865002,25.81815397,-4153.702884,-727.6965975,4543.103144,LG
-21.00930796,4.62673792,19.25545915,-4048.482513,-892.3757069,4563.172557,LG
-20.74683282,3.723314069,12.65008933,-3942.68,-1055.885088,4581.826272,LG
-20.49314369,2.810971993,6.055889017,-3829.578127,-1218.641002,4592.875028,LG
-20.18999362,1.901109984,-0.567892018,-3716.100359,-1379.906027,4602.469923,LG
-19.89609519,0.984143132,-7.167526792,-3595.556608,-1540.096991,4604.448324,LG
-19.55340882,0.071444145,-13.78362467,-3474.858155,-1698.480651,4604.952617,LG
-19.22051863,-0.846538983,-20.36260156,-3347.341541,-1855.475035,4597.84678,LG
-18.83959079,-1.758462603,-26.9449521,-3219.905452,-2010.351694,4589.264548,LG
-18.46908014,-2.673849467,-33.47726042,-3085.912527,-2163.530479,4573.096456,LG
-18.05135672,-3.581388465,-39.99993249,-2952.248423,-2314.288343,4555.467621,LG
-17.6447452,-4.490576741,-46.45974587,-2812.301316,-2463.047568,4530.295041,LG
-17.1918175,-5.390139194,-52.89704374,-2672.943378,-2609.0911,4503.695207,LG
-16.75076699,-6.289550993,-59.25882203,-2527.587737,-2752.844244,4469.61146,LG
-16.26436541,-7.177576489,-65.58538675,-2383.092596,-2893.596514,4434.151621,LG
-15.79067357,-8.063672474,-71.82397687,-2232.895434,-3031.776812,4391.285212,LG
-15.27266075,-8.936646161,-78.01488639,-2083.839977,-3166.681773,4347.111311,LG
-14.76825389,-9.805939518,-84.10562152,-1929.387431,-3298.744451,4295.625425,LG
-14.22061741,-10.66040598,-90.13648901,-1776.366524,-3427.269135,4242.917775,LG
-13.68754288,-11.50947617,-96.05528601,-1618.261546,-3552.693561,4183.009631,LG
-13.1123874,-12.34205305,-101.9023561,-1461.885686,-3674.330182,4121.982211,LG
-12.55280555,-13.16755934,-107.6258105,-1300.745659,-3792.621921,4053.882283,LG
-11.95234448,-13.9749507,-113.2660532,-1141.638565,-3906.889877,3984.781887,LG
-11.36852008,-14.77364531,-118.7715316,-978.0928715,-4017.582641,3908.752996,LG
-10.74506687,-15.55265464,-124.1827328,-816.8890203,-4124.030414,3831.858261,LG
-10.13936023,-16.32139556,-129.4484621,-651.5765546,-4226.687903,3748.194537,LG
-9.495319241,-17.06893841,-134.6093117,-488.9186811,-4324.89484,3663.814845,LG
-8.87017685,-17.80470182,-139.6144653,-322.4853287,-4419.112465,3572.840565,LG
-8.208033835,-18.51781792,-144.5046409,-159.0218869,-4508.690434,3481.31482,LG
-7.565978738,-19.21771014,-149.2294206,7.882023987,-4594.096913,3383.383132,LG
-6.888291062,-19.89357513,-153.829668,171.4994196,-4674.691841,3285.078423,LG
-6.231912885,-20.554844,-158.2553822,338.2216853,-4750.950663,3180.569948,LG
-5.541299418,-21.19078056,-162.5475914,501.3408311,-4822.24393,3075.8801,LG
-4.873244156,-21.81082633,-166.6567289,667.2299462,-4889.054683,2965.201431,LG
-4.172374941,-22.40431474,-170.6240052,829.2006238,-4950.764381,2854.545454,LG
-3.495334512,-22.98070031,-174.4003044,993.6083521,-5007.863941,2738.127552,LG
-2.786920224,-23.52938843,-178.0270355,1153.784894,-5059.745982,2621.947983,LG
-2.103621848,-24.05984898,-181.4555484,1316.068827,-5106.909548,2500.244475,LG
-1.390403101,-24.56156147,-184.7274659,1473.812665,-5148.758635,2379.005634,LG
-0.703598537,-25.0440134,-187.7946172,1633.338759,-5185.800617,2252.491026,LG
0.011664939,-25.49676037,-190.6988528,1788.020943,-5217.451047,2126.677181,LG
0.699210252,-25.92930952,-193.3924935,1944.166017,-5244.225799,1995.844981,LG
1.413750498,-26.33129433,-195.9176297,2095.1697,-5265.552122,1865.958442,LG
2.099268357,-26.71224345,-198.227085,2247.323901,-5281.954517,1731.319214,LG
2.810320111,-27.06186983,-200.3632005,2394.04677,-5292.872027,1597.878345,LG
3.491050469,-27.38972529,-202.2793118,2541.615974,-5298.837872,1459.957696,LG
4.195862081,-27.68560364,-204.0180205,2683.47263,-5299.302945,1323.494873,LG
4.869063944,-27.95908132,-205.5331818,2825.880793,-5294.809231,1182.831374,LG
5.564908232,-28.20003418,-206.8676656,2962.305059,-5284.819496,1043.890882,LG
6.227870472,-28.41806453,-207.9758535,3098.996483,-5269.884494,901.0339487,LG
6.912055491,-28.60313124,-208.9008897,3229.443641,-5249.47884,760.1698354,LG
7.562107547,-28.7648635,-209.5976868,3359.885175,-5224.162025,615.6775527,LG
8.231987209,-28.89330398,-210.1096683,3483.83411,-5193.420452,473.4514408,LG
8.866509626,-28.99810956,-210.3922812,3607.517249,-5157.822271,327.888366,LG
9.519494143,-29.06940724,-210.489231,3724.472514,-5116.865568,184.8672369,LG
10.13592891,-29.11688218,-210.3565007,3840.915406,-5071.127043,38.80216921,LG
10.76949502,-29.13074602,-210.0380797,3950.409172,-5020.116318,-104.4438743,LG
11.36535566,-29.1207126,-209.4904868,4059.158521,-4964.418486,-250.4401384,LG
11.97705658,-29.07707827,-208.7579949,4160.752422,-4903.554527,-393.3401222,LG
12.54993798,-29.00958568,-207.7976571,4261.385281,-4838.11773,-538.6970415,LG
13.13741306,-28.90861579,-206.6540284,4354.672147,-4767.640211,-680.6813734,LG
13.68500093,-28.78393998,-205.2846926,4446.797578,-4692.723226,-824.8309137,LG
14.24598499,-28.62602344,-203.7344835,4531.403042,-4612.909763,-965.3336313,LG
14.76606503,-28.44466599,-201.9615109,4614.663667,-4528.808777,-1107.712507,LG
15.29839727,-28.23041649,-200.0108822,4690.24764,-4439.973835,-1246.173511,LG
15.78886388,-27.99310266,-197.8412271,4764.321047,-4347.02128,-1386.22541,LG
16.29049644,-27.72335624,-195.49792,4830.579063,-4249.514925,-1522.092675,LG
16.74936105,-27.43103209,-192.9401022,4895.179082,-4148.078165,-1659.27045,LG
17.21836706,-27.10684382,-190.2134072,4951.843495,-4042.28469,-1792.002204,LG
17.64376597,-26.76067249,-187.2774786,5006.721324,-3932.76457,-1925.770036,LG
18.07834717,-26.38331235,-184.1781995,5053.56237,-3819.100973,-2054.836895,LG
18.46854891,-25.98466945,-180.8757044,5098.507559,-3701.930237,-2184.672407,LG
18.86704276,-25.55561727,-177.4161149,5135.33426,-3580.844578,-2309.559469,LG
19.22045492,-25.10608549,-173.7600443,5170.175541,-3456.486164,-2434.955787,LG
19.58134113,-24.62702514,-169.9538402,5196.836456,-3328.455797,-2555.16466,LG
19.89651663,-24.12838796,-165.9585807,5221.442418,-3197.401006,-2675.632413,LG
20.2184232,-23.60120069,-161.8208256,5237.826246,-3062.930691,-2790.683185,LG
20.49406602,-23.05543536,-157.5021025,5252.105857,-2925.697252,-2905.752436,LG
20.77577463,-22.4821924,-153.0491683,5258.141872,-2785.31717,-3015.185566,LG
21.01074491,-21.89146213,-148.4239836,5262.044832,-2642.447193,-3124.407671,LG
21.25119574,-21.27441649,-143.6734859,5257.703164,-2496.710846,-3227.785804,LG
21.4445143,-20.64106194,-138.7600512,5251.220112,-2348.768686,-3330.735176,LG
21.64281018,-19.9826395,-133.73078,5236.511864,-2198.250719,-3427.644871,LG
21.79366235,-19.30916951,-128.5484446,5219.674408,-2045.820746,-3523.920665,LG
21.94907236,-18.61195951,-123.2602898,5194.651612,-1891.114674,-3613.974021,LG
22.05681123,-17.9010412,-117.8294643,5167.532207,-1734.798968,-3703.201713,LG
22.16877353,-17.16778598,-112.3033374,5132.28762,-1576.514838,-3786.037907,LG
22.23292247,-16.42223424,-106.6454134,5094.999283,-1416.930814,-3867.870773,LG
22.30104656,-15.65581839,-100.9031649,5049.666019,-1255.692794,-3943.157479,LG
22.32130114,-14.87858479,-95.04043009,5002.361881,-1093.470762,-4017.277964,LG
22.34536936,-14.08202382,-89.10476358,4947.112888,-929.9146797,-4084.712665,LG
22.3215985,-13.27618491,-83.06031416,4889.98559,-765.6953613,-4150.833635,LG
22.30156694,-12.45261331,-76.95469617,4825.032964,-600.4661939,-4210.14482,LG
22.23381348,-11.62135852,-70.75234567,4758.313899,-434.8981905,-4268.010697,LG
22.16981209,-10.77401743,-64.50091341,4683.908051,-268.6475198,-4318.958927,LG
22.05829258,-9.920636454,-58.16509861,4607.866449,-102.3847542,-4368.346696,LG
21.95062472,-9.05286082,-51.79256464,4524.295113,64.23180517,-4410.725555,LG
21.79572858,-8.180730664,-45.34824913,4439.236978,230.5326696,-4451.445646,LG
21.64486979,-7.295936122,-38.87980383,4346.824077,396.8580577,-4485.082551,LG
21.44715779,-6.408507751,-32.35237956,4253.09098,562.5402087,-4516.979584,LG
21.25375391,-5.510177122,-25.81359169,4152.195348,727.9185133,-4541.736469,LG
21.01395592,-4.610961852,-19.22877871,4050.163082,892.3275817,-4564.68987,LG
20.77882056,-3.702631405,-12.64549455,3941.177047,1056.106627,-4580.46373,LG
20.49783271,-2.795187043,-6.029239493,3831.254137,1218.593269,-4594.388207,LG
20.22194402,-1.88043254,0.572519208,3714.601974,1380.127189,-4601.111502,LG
19.90082512,-0.968349345,7.194145485,3597.228072,1540.049651,-4605.95738,LG
19.58532196,-0.050771922,13.78828417,3473.364326,1698.701438,-4603.598305,LG
19.22528934,0.862341567,20.38918951,3349.008472,1855.428085,-4599.351725,LG
18.87146676,1.779129603,26.94964381,3218.416165,2010.572106,-4587.914333,LG
18.47389149,2.689660806,33.5038177,3087.574937,2163.483918,-4574.597302,LG
18.08319562,3.602050241,40.00465632,2950.763665,2314.508382,-4554.121492,LG
17.64959706,4.506396793,46.48627257,2813.959219,2463.001395,-4531.791799,LG
17.22361942,5.410795745,52.90179958,2671.463136,2609.310767,-4502.353152,LG
16.75565924,6.305379717,59.28531824,2529.241146,2752.798459,-4471.104143,LG
16.29613043,7.198227813,65.59017452,2381.616857,2893.81581,-4432.813628,LG
15.79560607,8.07950983,71.85044267,2234.54436,3031.731412,-4392.773831,LG
15.30438897,8.957292258,78.01970598,2082.368729,3166.900698,-4345.777368,LG
14.77322651,9.821785465,84.13205699,1931.031889,3298.699436,-4297.109991,LG
14.25230891,10.68104684,90.14134034,1774.899753,3427.487691,-4241.587872,LG
13.69255549,11.52533067,96.08169123,1619.901547,3552.648929,-4184.490157,LG
13.14404228,12.36268869,101.9072391,1460.423379,3674.54837,-4120.656336,LG
12.55785801,13.18342235,107.6521856,1302.381218,3792.577671,-4055.35878,LG
11.98396282,13.99558112,113.2709677,1140.180709,3907.107697,-3983.460027,LG
11.37361227,14.78951679,118.7978765,979.7239989,4017.538772,-3910.225475,LG
10.77664877,15.57327983,124.1876787,815.4356034,4124.247868,-3830.540406,LG
10.14449202,16.33727547,129.4747771,653.2032639,4226.644415,-3749.66301,LG
9.526864778,17.08955836,134.614289,487.46969,4325.111928,-3662.500983,LG
8.875348115,17.82059013,139.6407504,324.1076324,4419.069355,-3574.305044,LG
8.239543105,18.53843264,144.5096495,157.5773089,4508.907158,-3480.00494,LG
7.571189346,19.2336068,149.2556758,-6.264113305,4594.054181,-3384.843628,LG
6.919764154,19.91418463,153.8347077,-172.9395973,4674.908202,-3283.772513,LG
6.237162709,20.57074897,158.2816076,-336.6081551,4750.908307,-3182.026472,LG
5.572736422,21.21138483,162.5526622,-502.7766212,4822.459928,-3074.578149,LG
4.878533069,21.82673958,166.6829246,-665.620784,4889.012703,-2966.653995,LG
4.203775945,22.42491379,170.629107,-830.6320389,4950.980017,-2853.247451,LG
3.500662388,22.9966218,174.4264705,-992.0035454,5007.822335,-2739.576167,LG
2.818285319,23.54998225,178.0321682,-1155.211947,5059.961258,-2620.653916,LG
2.108988562,24.07577867,181.4816851,-1314.468364,5106.868315,-2501.689154,LG
1.421732374,24.58215007,184.7326294,-1475.235368,5148.973551,-2377.715492,LG
0.709003964,25.05995126,187.8207245,-1631.742626,5185.759756,-2253.931778,LG
0.019628602,25.51734374,190.704047,-1789.439308,5217.665604,-2125.390953,LG
-0.693766238,25.9452555,193.4185714,-1942.574203,5244.18531,-1997.281818,LG
-1.3824926,26.35187248,195.9228545,-2096.583741,5265.766322,-1864.676116,LG
-2.093785879,26.72819752,198.2531336,-2245.736392,5281.914397,-1732.752148,LG
-2.779097768,27.08244276,200.3684558,-2395.456498,5293.085871,-1596.599911,LG
-3.485529652,27.40568742,202.3053312,-2540.03276,5298.79812,-1461.386737,LG
-4.164675204,27.70617135,204.0233062,-2684.878059,5299.516433,-1322.220319,LG
-4.863504909,27.97505147,205.5591721,-2824.30186,5294.769847,-1184.256534,LG
-5.533756733,28.22059668,206.8729817,-2963.7062,5285.032629,-1042.620198,LG
-6.222273343,28.43404266,208.0018148,-3097.42182,5269.845476,-902.4552387,LG
-6.880939281,28.62368852,208.9062359,-3230.840507,5249.691619,-758.9030087,LG
-7.556472446,28.78084957,209.6236191,-3358.314768,5224.123373,-617.0949837,LG
-8.200906199,28.91385605,210.1150447,-3485.226713,5193.632877,-472.1884612,LG
-8.860836674,29.01410355,210.4181846,-3605.951087,5157.783983,-329.3019492,LG
-9.488448246,29.08995409,210.4946375,-3725.860867,5117.077642,-183.6080934,LG
-10.13021823,29.13288404,210.3823754,-3839.353477,5071.089118,-40.21191556,LG
-10.73848415,29.15128767,210.0435162,-3951.793286,5020.328041,105.6991927,LG
-11.35960737,29.1367223,209.5163327,-4057.600814,4964.380923,249.0342179,LG
-11.94608065,29.09761471,208.7634612,-4162.132311,4903.765899,394.5916265,LG
-12.5441522,29.02560318,207.8234744,-4259.831782,4838.080528,537.2949358,LG
-13.10647198,28.92914703,206.6595245,-4356.047821,4767.851234,681.9290744,LG
-13.67917778,28.79996525,205.3104813,-4445.248276,4692.686383,823.4326119,LG
-14.21507867,28.64654948,203.7400093,-4532.774514,4613.120438,966.5775399,LG
-14.76020463,28.460699,201.9872711,-4613.118549,4528.772294,1106.317998,LG
-15.26752562,28.25093734,200.0164377,-4691.614923,4440.184163,1247.413639,LG
-15.78296635,28.00914337,197.8669589,-4762.780103,4346.985154,1384.834683,LG
-16.25965937,27.74387189,195.5035049,-4831.942168,4249.724907,1523.329032,LG
-16.74342651,27.44708047,192.9658057,-4893.642298,4148.042396,1657.883494,LG
-17.18756448,27.12735429,190.2190216,-4953.202434,4042.494326,1793.2348,LG
-17.63779453,26.7767285,187.3031539,-5005.188689,3932.729155,1924.38684,LG
-18.04757901,26.40381762,184.1838432,-5054.917156,3819.310265,2056.065743,LG
-18.4625407,26.00073307,180.9013514,-5096.979062,3701.895177,2183.292961,LG
-18.83630892,25.57611737,177.4217878,-5136.684904,3581.053527,2310.784578,LG
-19.21441004,25.12215668,173.7856632,-5168.651169,3456.451458,2433.58008,LG
-19.55064153,24.64752006,169.9595423,-5198.182971,3328.664402,2556.386042,LG
-19.8904352,24.14446668,165.9841716,-5219.92216,3197.366652,2674.260434,LG
-20.18775775,23.62169043,161.8265568,-5239.168643,3063.138955,2791.900849,LG
-20.48794817,23.07152158,157.5276655,-5250.5897,2925.663249,2904.384175,LG
-20.74514324,22.50267697,153.0549285,-5259.480162,2785.525093,3016.399524,LG
-21.00459075,21.90755583,148.4495187,-5260.532766,2642.41354,3123.043116,LG
-21.22059832,21.29489589,143.679275,-5259.037361,2496.91843,3228.996066,LG
-21.43832393,20.65716307,138.7855585,-5249.712124,2348.735383,3329.374318,LG
-21.61224665,20.00311374,133.7365979,-5237.841978,2198.457963,3428.851447,LG
-21.7874359,19.32527804,128.5739242,-5218.170487,2045.78779,3522.563491,LG
-21.91854263,18.63242859,123.2661364,-5195.977656,1891.32158,3615.176923,LG
-22.0505488,17.91715711,117.8549163,-5166.032341,1734.76636,3701.848215,LG
-22.13827752,17.1882499,112.3092127,-5133.609605,1576.721408,3787.237145,LG
-22.22662419,16.4383575,106.6708377,-5093.503461,1416.898552,3866.520939,LG
-22.27058418,15.67627716,100.9090688,-5050.983957,1255.899027,3944.353063,LG
-22.31496711,14.89471536,95.06582699,-5000.870091,1093.438845,4015.931784,LG
-22.31494052,14.10247744,89.11069596,-4948.42679,930.1205776,4085.904606,LG
-22.31522885,13.29232276,83.08568365,-4888.49782,765.6637881,4149.491099,LG
-22.27117155,12.4730618,76.96065694,-4826.342843,600.6717574,4211.333128,LG
-22.2274083,11.63750362,70.77768781,-4756.830139,434.8669601,4266.671793,LG
-22.13945007,10.79446077,64.50690248,-4685.213917,268.8527499,4320.143613,LG
-22.051852,9.936788768,58.19041348,-4606.386687,102.3538658,4367.011415,LG
-21.92029599,9.073299036,51.79858193,-4525.596978,-64.02690765,4411.906629,LG
-21.78925271,8.196890167,45.37353682,-4437.761202,-230.5632172,4450.113976,LG
-21.61457426,7.316369211,38.88584926,-4348.121953,-396.6534918,4486.260024,LG
-21.44064673,6.424674411,32.37764013,-4251.619179,-562.5704164,4515.651516,LG
-21.22349149,5.53060509,25.81966518,-4153.489246,-727.7142782,4542.91035,LG
-21.00740978,4.627135639,19.25401223,-4048.695244,-892.3574506,4563.365394,LG
-20.74859117,3.723054257,12.651596,-3942.466979,-1055.902721,4581.63403,LG
-20.4912516,2.811367929,6.054446044,-3829.790252,-1218.6228,4593.067311,LG
-20.19174758,1.900850281,-0.566389871,-3715.887951,-1379.923613,4602.278231,LG
-19.89420916,0.984537298,-7.16896583,-3595.768128,-1540.078845,4604.640055,LG
-19.55515838,0.071184558,-13.78212703,-3474.646359,-1698.49819,4604.761473,LG
-19.21863864,-0.846146575,-20.36403667,-3347.552457,-1855.456943,4598.03796,LG
-18.84133595,-1.758722068,-26.94345896,-3219.694266,-2010.369185,4589.073951,LG
-18.46720615,-2.673458805,-33.47869162,-3086.122841,-2163.512441,4573.287088,LG
-18.0530975,-3.5816478,-39.99844383,-2952.037845,-2314.305787,4555.277569,LG
-17.64287719,-4.490187812,-46.46117316,-2812.51103,-2463.029585,4530.485125,LG
-17.1935539,-5.390398393,-52.89555954,-2672.733407,-2609.108497,4503.5057,LG
-16.74890495,-6.289163785,-59.26024544,-2527.796853,-2752.826315,4469.800998,LG
-16.26609743,-7.177835544,-65.58390701,-2382.88323,-2893.613865,4433.962656,LG
-15.78881746,-8.063286976,-71.82539639,-2233.103952,-3031.758937,4391.474207,LG
-15.2743884,-8.936905066,-78.01341108,-2083.631213,-3166.699077,4346.922886,LG
-14.76640369,-9.805555717,-84.10703717,-1929.595355,-3298.72663,4295.813876,LG
-14.2223407,-10.66066472,-90.13501813,-1776.158362,-3427.286393,4242.72989,LG
-13.68569858,-11.50909406,-96.05669779,-1618.468876,-3552.675794,4183.197542,LG
-13.11410633,-12.34231164,-101.9008897,-1461.678123,-3674.347393,4121.794863,LG
-12.5509671,-13.1671789,-107.6272185,-1300.952398,-3792.604207,4054.069654,LG
-11.95405905,-13.97520912,-113.2645911,-1141.4316,-3906.907041,3984.595075,LG
-11.36668748,-14.77326653,-118.7729357,-978.2990202,-4017.56498,3908.939829,LG
-10.7467771,-15.55291288,-124.1812751,-816.6826514,-4124.047532,3831.671984,LG
-10.13753345,-16.32101843,-129.4498624,-651.7821149,-4226.670295,3748.380833,LG
-9.497025121,-17.06919646,-134.6078584,-488.7129064,-4324.911911,3663.629101,LG
-8.868355859,-17.80432633,-139.6158617,-322.6903024,-4419.09491,3573.026327,LG
-8.209735378,-18.51807579,-144.5031919,-158.8167048,-4508.70746,3481.129607,LG
-7.564163518,-19.21733628,-149.2308132,7.677635411,-4594.079411,3383.568361,LG
-6.889988274,-19.8938328,-153.8282234,171.7040109,-4674.708821,3284.89374,LG
-6.230103413,-20.55447176,-158.256771,338.0178801,-4750.933213,3180.754644,LG
-5.542992306,-21.19103804,-162.5461511,501.5448334,-4822.260864,3075.695946,LG
-4.871440409,-21.81045569,-166.6581139,667.0267228,-4889.037286,2965.385597,LG
-4.174063509,-22.40457201,-170.6225692,829.4040386,-4950.781269,2854.361827,LG
-3.493536466,-22.98033127,-174.4016856,993.4057088,-5007.846595,2738.311189,LG
-2.78860448,-23.52964549,-178.0256039,1153.987723,-5059.762824,2621.764881,LG
-2.101829482,-24.05948152,-181.4569259,1315.866763,-5106.892255,2500.427586,LG
-1.39208305,-24.56181832,-184.7260386,1474.01491,-5148.775431,2378.823056,LG
-0.701811829,-25.04364751,-187.7959909,1633.137271,-5185.783375,2252.67361,LG
0.00998929,-25.49701699,-190.6974297,1788.222606,-5217.467798,2126.495126,LG
0.700991326,-25.92894519,-193.3938634,1943.965104,-5244.208609,1996.027042,LG
1.412079144,-26.33155072,-195.9162109,2095.370782,-5265.568828,1865.776908,LG
2.101043818,-26.71188067,-198.2284512,2247.123562,-5281.937379,1731.500752,LG
2.808653045,-27.06212599,-200.3617859,2394.247273,-5292.888688,1597.697331,LG
3.49282034,-27.38936406,-202.2806743,2541.416207,-5298.820784,1460.138713,LG
4.194199296,-27.68585956,-204.0166101,2683.672557,-5299.319561,1323.314376,LG
4.870828246,-27.95872162,-205.5345406,2825.681596,-5294.792195,1183.011871,LG
5.563249723,-28.20028986,-206.8662595,2962.50441,-5284.836066,1043.710903,LG
6.229629227,-28.41770635,-207.9772085,3098.797856,-5269.867508,901.2139273,LG
6.91040125,-28.60338667,-208.8994877,3229.642418,-5249.495365,759.9903707,LG
7.563860777,-28.76450683,-209.5990381,3359.687114,-5224.145091,615.8570146,LG
8.23033723,-28.89355915,-210.1082706,3484.032315,-5193.436932,473.2724897,LG
8.868257352,-28.9977544,-210.3936288,3607.319754,-5157.805387,328.0673127,LG
9.517848421,-29.06966215,-210.4878375,3724.670149,-5116.882004,184.688798,LG
10.13767115,-29.11652851,-210.3578447,3840.718475,-5071.110209,38.98060217,LG
10.76785355,-29.13100067,-210.0366904,3950.606237,-5020.132709,-104.6218025,LG
11.36709245,-29.12036041,-209.491827,4058.962153,-4964.401703,-250.2622177,LG
11.97541935,-29.07733265,-208.7566097,4160.948921,-4903.570873,-393.5175412,LG
12.55166932,-29.00923496,-207.7989937,4261.189473,-4838.100997,-538.5196316,LG
13.13578007,-28.9088699,-206.6526473,4354.86808,-4767.656513,-680.8582846,LG
13.68672686,-28.78359071,-205.2860255,4446.602329,-4692.706542,-824.6540131,LG
14.24435623,-28.62627727,-203.7331065,4531.598411,-4612.926021,-965.5100361,LG
14.76778555,-28.44431818,-201.9628402,4614.468976,-4528.792143,-1107.536115,LG
15.29677273,-28.23067004,-200.0095094,4690.442447,-4439.990048,-1246.349411,LG
15.79057903,-27.99275629,-197.8425528,4764.126912,-4347.004696,-1386.049523,LG
16.28887611,-27.7236095,-195.4965513,4830.773309,-4249.531094,-1522.268072,LG
16.75107084,-27.43068715,-192.9414242,4894.985501,-4148.06163,-1659.095068,LG
17.21675094,-27.1070968,-190.2120426,4952.037182,-4042.300815,-1792.177098,LG
17.64547043,-26.76032898,-187.278797,5006.528297,-3932.748084,-1925.595158,LG
18.07673525,-26.38356503,-184.1768389,5053.7555,-3819.117054,-2055.011289,LG
18.47024805,-25.98432736,-180.8770191,5098.315083,-3701.9138,-2184.498031,LG
18.86543503,-25.55586965,-177.4147584,5135.526834,-3580.860615,-2309.733364,LG
19.22214876,-25.1057448,-173.7613554,5169.983615,-3456.469776,-2434.781912,LG
19.57973759,-24.62727722,-169.9524878,5197.028476,-3328.47179,-2555.338057,LG
19.8982052,-24.12804866,-165.9598882,5221.25104,-3197.384667,-2675.459037,LG
20.21682385,-23.60145246,-161.8194772,5238.017714,-3062.946641,-2790.856085,LG
20.49574933,-23.05509745,-157.5034065,5251.915025,-2925.680961,-2905.579558,LG
20.77417945,-22.48244386,-153.0478239,5258.332789,-2785.333076,-3015.357972,LG
21.01242299,-21.89112561,-148.425284,5261.854546,-2642.430951,-3124.235289,LG
21.24960473,-21.27466763,-143.6721456,5257.893532,-2496.726709,-3227.957716,LG
21.44618716,-20.64072678,-138.7613481,5251.03037,-2348.752492,-3330.563289,LG
21.64122333,-19.98289032,-133.7294436,5236.701684,-2198.266538,-3427.816291,LG
21.79533002,-19.30883571,-128.5497379,5219.485208,-2045.8046,-3523.749271,LG
21.94748966,-18.61221001,-123.2589574,5194.840886,-1891.13045,-3614.144951,LG
22.05847372,-17.90070876,-117.830754,5167.343547,-1734.782871,-3703.030811,LG
22.16719497,-17.16803614,-112.302009,5132.476349,-1576.530571,-3786.208347,LG
22.23457981,-16.42190315,-106.6466995,5094.811162,-1416.914764,-3867.700362,LG
22.29947214,-15.65606823,-100.9018405,5049.854206,-1255.708484,-3943.327431,LG
22.32295334,-14.87825503,-95.04171274,5002.174298,-1093.45476,-4017.108042,LG
22.34379907,-14.08227332,-89.10344313,4947.300533,-929.9303266,-4084.882131,LG
22.32324559,-13.27585648,-83.06159329,4889.798543,-765.6794063,-4150.664201,LG
22.30000077,-12.45286248,-76.95337966,4825.22007,-600.481798,-4210.313801,LG
22.23545546,-11.62103141,-70.75362128,4758.127387,-434.8822828,-4267.841749,LG
22.16825004,-10.77426625,-64.49960083,4684.094619,-268.6630811,-4319.127424,LG
22.05992948,-9.92031065,-58.16637071,4607.68047,-102.3688937,-4368.178234,LG
21.94906677,-9.053109296,-51.79125597,4524.481143,64.21628651,-4410.89357,LG
21.79736043,-8.180406164,-45.34951775,4439.05153,230.5484832,-4451.277667,LG
21.64331595,-7.29618425,-38.87849906,4347.009572,396.8425816,-4485.250085,LG
21.44878459,-6.408184545,-32.35364469,4252.906062,562.5559754,-4516.812087,LG
21.25220416,-5.510424898,-25.81229082,4152.38031,727.9030796,-4541.903524,LG
21.0155777,-4.610639932,-19.23004036,4049.978692,892.3433018,-4564.522854,LG
20.7772749,-3.702878827,-12.64419755,3941.361477,1056.091235,-4580.630306,LG
20.49944948,-2.794866403,-6.030497671,3831.070275,1218.608943,-4594.22167,LG
20.22040244,-1.880679603,0.573812337,3714.785873,1380.11184,-4601.277601,LG
19.9024369,-0.968029975,7.192890768,3597.044735,1540.065278,-4605.791322,LG
19.58378445,-0.051018624,13.78957345,3473.547696,1698.686131,-4603.763929,LG
19.22689616,0.862659673,20.38793824,3348.825659,1855.443666,-4599.186143,LG
18.86993332,1.778883266,26.95092925,3218.599008,2010.556841,-4588.079483,LG
18.47549336,2.689977657,33.50256988,3087.392647,2163.499453,-4574.432195,LG
18.08166623,3.601804271,40.00593792,2950.945983,2314.493159,-4554.286169,LG
17.651194,4.506712396,46.48502818,2813.77745,2463.016884,-4531.627167,LG
17.22209407,5.410550146,52.90307737,2671.644929,2609.295586,-4502.517358,LG
16.75725127,6.30569408,59.28407728,2529.059896,2752.813902,-4470.939983,LG
16.29460913,7.197982587,65.5914485,2381.798128,2893.80067,-4432.977364,LG
15.7971932,8.07982296,71.84920512,2234.363629,3031.74681,-4392.610142,LG
15.3028717,8.957047408,78.02097617,2082.549477,3166.885601,-4345.940635,LG
14.77480876,9.822097369,84.13082285,1930.851673,3298.714788,-4296.946772,LG
14.25079567,10.68080237,90.14260674,1775.079982,3427.472635,-4241.750672,LG
13.69413289,11.52564136,96.08046048,1619.721847,3552.664236,-4184.327406,LG
13.14253305,12.3624446,101.9085017,1460.60309,3674.533355,-4120.818669,LG
12.55943057,13.18373183,107.6509582,1302.202031,3792.592933,-4055.196496,LG
11.9824576,13.99533741,113.2722266,1140.359903,3907.092724,-3983.621896,LG
11.37518,14.78982506,118.7966526,979.5453248,4017.553989,-3910.063657,LG
10.77514755,15.57303651,124.1889338,815.6142822,4124.232936,-3830.701811,LG
10.14605495,16.33758255,129.4735565,653.0251006,4226.659587,-3749.501657,LG
9.525367558,17.08931543,134.6155404,487.6478551,4325.097037,-3662.661926,LG
8.876906251,17.82089601,139.6395331,323.9299785,4419.084482,-3574.144154,LG
8.238049872,18.53819011,144.5108971,157.7549617,4508.892308,-3480.165422,LG
7.572742711,19.2339115,149.2544619,-6.441259347,4594.069263,-3384.6832,LG
6.918274899,19.91394249,153.8359517,-172.7624553,4674.893393,-3283.932536,LG
6.23871132,20.5710525,158.2803971,-336.7847947,4750.923345,-3181.866504,LG
5.571251138,21.21114309,162.5539024,-502.5999885,4822.44516,-3074.737714,LG
4.880076944,21.82704194,166.6817174,-665.7969185,4889.027697,-2966.494487,LG
4.202294624,22.42467244,170.6303435,-830.455914,4950.965289,-2853.406559,LG
3.502201542,22.996923,174.4252667,-992.1791764,5007.837284,-2739.417117,LG
2.816807953,23.54974131,178.0334011,-1155.036328,5059.946571,-2620.812568,LG
2.110523014,24.07607871,181.4804845,-1314.643493,5106.883221,-2501.530559,LG
1.420258956,24.58190953,184.7338586,-1475.060254,5148.958904,-2377.87369,LG
0.710533729,25.06025016,187.8195272,-1631.917254,5185.774618,-2253.773639,LG
0.018159123,25.51710361,190.7052725,-1789.264698,5217.650998,-2125.548698,LG
-0.692241142,25.94555326,193.4173774,-1942.748331,5244.200127,-1997.124133,LG
-1.383958148,26.35163275,195.9240764,-2096.409632,5265.751756,-1864.833409,LG
-2.092265435,26.72849414,198.2519429,-2245.910023,5281.929171,-1732.594915,LG
-2.780559392,27.08220345,200.3696741,-2395.282891,5293.071345,-1596.756754,LG
-3.484013844,27.40598291,202.3041439,-2540.205894,5298.812851,-1461.229956,LG
-4.166132913,27.70593245,204.0245209,-2684.70495,5299.501947,-1322.376713,LG
-4.86199372,27.97534584,205.5579881,-2824.474499,5294.784534,-1184.100203,LG
-5.535210534,28.22035819,206.8741927,-2963.533589,5285.018183,-1042.776144,LG
-6.220766757,28.43433591,208.000634,-3097.593965,5269.86012,-902.299356,LG
-6.882389182,28.62345045,208.9074434,-3230.668392,5249.677213,-759.0585085,LG
-7.554970446,28.78114172,209.6224416,-3358.486421,5224.137974,-616.9395484,LG
-8.202352209,28.9136184,210.1162486,-3485.055093,5193.618512,-472.3435157,LG
-8.859339245,29.01439459,210.4170103,-3606.122249,5157.798541,-329.14696,LG
-9.489890372,29.08971687,210.4958378,-3725.68974,5117.063316,-183.762704,LG
-10.12872535,29.13317399,210.3812043,-3839.52415,5071.103633,-40.05737118,LG
-10.7399224,29.15105087,210.0447129,-3951.622651,5020.313754,105.5450248,LG
-11.35811903,29.13701116,209.5151649,-4057.770998,4964.395396,249.1883187,LG
-11.94751503,29.09737833,208.7646544,-4161.962166,4903.751652,394.4379,LG
-12.54266838,29.02589096,207.8223098,-4260.00148,4838.094958,537.4485944,LG
-13.1079025,28.92891108,206.6607142,-4355.878166,4767.837027,681.7757881,LG
-13.67769847,28.80025195,205.30932,-4445.417488,4692.700771,823.5858294,LG
-14.21650534,28.64631396,203.7411954,-4532.605347,4613.10627,966.4246925,LG
-14.75872981,28.46098462,201.986113,-4613.287278,4528.786639,1106.470776,LG
-15.26894845,28.25070224,200.0176203,-4691.446241,4440.170034,1247.261229,LG
-15.78149601,28.00942793,197.865804,-4762.948349,4346.999458,1384.987022,LG
-16.26107836,27.74363723,195.5046841,-4831.773971,4249.710817,1523.177058,LG
-16.74196062,27.44736397,192.9646539,-4893.810063,4148.056657,1658.035396,LG
-17.18897965,27.12712005,190.2201972,-4953.034721,4042.480276,1793.083262,LG
-17.63633309,26.77701095,187.3020053,-5005.355974,3932.743375,1924.538307,LG
-18.04899035,26.40358383,184.1850153,-5054.749925,3819.296253,2055.914638,LG
-18.46108368,26.00101447,180.900206,-5097.145868,3701.909355,2183.443993,LG
-18.83771645,25.575884,177.4229565,-5136.518154,3581.039554,2310.633907,LG
-19.21295743,25.12243703,173.784521,-5168.817498,3456.465594,2433.730678,LG
-19.55204526,24.64728713,169.9607075,-5198.016699,3328.650468,2556.235801,LG
-19.88898699,24.144746,165.9830326,-5220.088013,3197.380747,2674.4106,LG
-20.18915769,23.62145795,161.8277186,-5239.002849,3063.12506,2791.751039,LG
-20.48650434,23.07179987,157.5265296,-5250.755079,2925.677303,2904.53391,LG
-20.7465394,22.50244493,153.0560868,-5259.314845,2785.511236,3016.250143,LG
-21.00315128,21.90783309,148.448386,-5260.697672,2642.427553,3123.192421,LG
-21.2219907,21.29466429,143.6804299,-5258.872519,2496.904611,3228.847113,LG
-21.43688882,20.65743932,138.784429,-5249.876559,2348.749354,3329.523194,LG
-21.61363526,20.00288258,133.7377494,-5237.67761,2198.444183,3428.702921,LG
-21.78600512,19.32555328,128.5727978,-5218.334451,2045.801721,3522.711941,LG
-21.91992748,18.63219788,123.2672845,-5195.81376,1891.307838,3615.028822,LG
-22.04912235,17.91743134,117.853793,-5166.195836,1734.78025,3701.996238,LG
-22.13965861,17.18801963,112.3103574,-5133.44618,1576.707704,3787.089468,LG
-22.22520204,16.43863072,106.6697175,-5093.666488,1416.912401,3866.668538,LG
-22.27196152,15.67604734,100.9102101,-5050.821001,1255.885361,3944.205809,LG
-22.31354925,14.89498759,95.0647099,-5001.032651,1093.452654,4016.078959,LG
-22.31631413,14.10224807,89.11183386,-4948.264303,930.1069498,4085.757773,LG
-22.31381526,13.29259399,83.08456965,-4888.659916,765.6775565,4149.637851,LG
-22.27254143,12.47283288,76.96179148,-4826.180822,600.6581675,4211.186716,LG
-22.22599898,11.63777386,70.77657691,-4756.991771,434.8806883,4266.818125,LG
-22.14081623,10.7942323,64.50803367,-4685.052362,268.8391977,4319.99762,LG
-22.05044692,9.937058034,58.18930566,-4606.547856,102.3675538,4367.157327,LG
-21.92165843,9.073071017,51.79970977,-4525.435887,-64.04042215,4411.761055,LG
-21.78785186,8.197158457,45.37243207,-4437.92191,-230.5495692,4450.259469,LG
-21.615933,7.316141646,38.88697377,-4347.961325,-396.6669688,4486.114866,LG
-21.4392501,6.42494173,32.37653845,-4251.779428,-562.5568083,4515.796591,LG
-21.22484654,5.530377979,25.82078636,-4153.32908,-727.7277176,4542.765608,LG
-21.00601736,4.627401992,19.25291362,-4048.855034,-892.3438823,4563.510053,LG
-20.74994253,3.722827602,12.65271387,-3942.307273,-1055.916124,4581.489702,LG
-20.48986336,2.811633321,6.053350482,-3829.949585,-1218.609272,4593.211555,LG
-20.19309526,1.900624082,-0.5652753,-3715.728703,-1379.936977,4602.134316,LG
-19.89282509,0.984801735,-7.170058348,-3595.927004,-1540.065356,4604.783885,LG
-19.55650238,0.070958816,-13.78101575,-3474.487569,-1698.511517,4604.617971,LG
-19.21725873,-0.845883089,-20.36512615,-3347.710879,-1855.443493,4598.181378,LG
-18.8426763,-1.758947352,-26.94235096,-3219.535933,-2010.382476,4588.93086,LG
-18.46583039,-2.673196264,-33.47977807,-3086.28081,-2163.499031,4573.430094,LG
-18.05443419,-3.581872624,-39.9973391,-2951.879967,-2314.319041,4555.134888,LG
-17.64150557,-4.489926212,-46.4622566,-2812.668547,-2463.016214,4530.627721,LG
-17.19488694,-5.390622757,-52.89445807,-2672.575982,-2609.121714,4503.363427,LG
-16.74753744,-6.288903121,-59.26132586,-2527.953919,-2752.812983,4469.943185,LG
-16.26742683,-7.178059447,-65.5828088,-2382.726257,-2893.627044,4433.82079,LG
-15.78745406,-8.063027242,-71.82647381,-2233.260569,-3031.745644,4391.615985,LG
-15.27571418,-8.937128507,-78.01231611,-2083.474692,-3166.71222,4346.781427,LG
-14.76504438,-9.80529691,-84.10811159,-1929.751523,-3298.713376,4295.955248,LG
-14.22366285,-10.6608877,-90.13392639,-1776.00229,-3427.299499,4242.588836,LG
-13.68434334,-11.50883617,-96.05776922,-1618.624598,-3552.662578,4183.338507,LG
-13.11542487,-12.34253415,-101.8998011,-1461.5225,-3674.360463,4121.654213,LG
-12.54961593,-13.16692193,-107.6282869,-1301.107674,-3792.591029,4054.210215,LG
-11.95537399,-13.97543117,-113.2635058,-1141.276423,-3906.920075,3984.454828,LG
-11.36534035,-14.77301047,-118.7740011,-978.4538519,-4017.551841,3909.079987,LG
-10.74808844,-15.55313447,-124.180193,-816.5279204,-4124.060529,3831.532138,LG
-10.13619035,-16.32076328,-129.4509249,-651.9365035,-4226.657195,3748.520589,LG
-9.498332871,-17.06941758,-134.6067794,-488.55862,-4324.924872,3663.489655,LG
-8.867016786,-17.80407208,-139.6169213,-322.8442491,-4419.081848,3573.165682,LG
-8.211039548,-18.51829644,-144.5021162,-158.6628616,-4508.720385,3480.990562,LG
-7.562828452,-19.21708293,-149.2318698,7.524129249,-4594.066386,3383.707316,LG
-6.891288872,-19.89405299,-153.8271508,171.8574122,-4674.72171,3284.755093,LG
-6.228772341,-20.5542193,-158.2578247,337.8648133,-4750.920226,3180.893201,LG
-5.54428934,-21.19125776,-162.5450817,501.6977941,-4822.273717,3075.557696,LG
-4.870113317,-21.81020412,-166.6591646,666.874094,-4889.024337,2965.523756,LG
-4.175356988,-22.40479127,-170.621503,829.55656,-4950.794086,2854.223973,LG
-3.492213342,-22.98008058,-174.4027334,993.2535169,-5007.833685,2738.448952,LG
-2.789894412,-23.52986427,-178.0245408,1154.139806,-5059.775606,2621.627422,LG
-2.100510313,-24.05923171,-181.4579707,1315.715006,-5106.879382,2500.564953,LG
-1.393369443,-24.56203663,-184.7249786,1474.166557,-5148.788177,2378.68599,LG
-0.7004966,-25.04339859,-187.7970329,1632.985949,-5185.77054,2252.810583,LG
0.008706428,-25.49723483,-190.6963729,1788.373817,-5217.480508,2126.358453,LG
0.702302627,-25.92869714,-193.3949025,1943.814216,-5244.195811,1996.163622,LG
1.410799803,-26.33176809,-195.9151572,2095.521559,-5265.581502,1865.640626,LG
2.102351205,-26.71163349,-198.2294873,2246.973105,-5281.924618,1731.63694,LG
2.807377219,-27.06234289,-200.3607353,2394.397617,-5292.901327,1597.561439,LG
3.494123825,-27.38911773,-202.2817075,2541.266181,-5298.808061,1460.27451,LG
4.192926976,-27.686076,-204.0155626,2683.822468,-5299.332164,1323.178874,LG
4.872127842,-27.95847615,-205.535571,2825.531999,-5294.779508,1183.147279,LG
5.5619809,-28.20050582,-206.865215,2962.653891,-5284.848635,1043.575788,LG
6.230924948,-28.41746174,-207.978236,3098.648687,-5269.854858,901.3489465,LG
6.909135917,-28.60360216,-208.8984464,3229.79147,-5249.507899,759.8556436,LG
7.565152635,-28.76426307,-209.6000628,3359.538372,-5224.132478,615.9916464,LG
8.229075378,-28.89377417,-210.1072323,3484.180939,-5193.449431,473.1381485,LG
8.86954536,-28.99751148,-210.3946506,3607.171437,-5157.792811,328.2015582,LG
9.516590041,-29.0698767,-210.4868022,3724.818346,-5116.894467,184.5548416,LG
10.13895532,-29.11628643,-210.3588636,3840.570583,-5071.097669,39.1144625,LG
10.76659863,-29.13121474,-210.0356581,3950.754008,-5020.145138,-104.7553753,LG
11.36837279,-29.12011917,-209.4928431,4058.814685,-4964.389199,-250.1287414,LG
11.97416789,-29.07754625,-208.7555805,4161.096268,-4903.583267,-393.6507313,LG
12.55294586,-29.00899455,-207.8000069,4261.042427,-4838.08853,-538.3865383,LG
13.13453206,-28.90908302,-206.6516211,4355.015004,-4767.668872,-680.9910932,LG
13.68799959,-28.78335114,-205.287036,4446.455704,-4692.694111,-824.5213017,LG
14.24311166,-28.62648992,-203.7320834,4531.744913,-4612.938345,-965.6424643,LG
14.7690545,-28.44407943,-201.9638478,4614.32277,-4528.779749,-1107.403784,LG
15.29553159,-28.23088222,-200.0084893,4690.588528,-4440.002338,-1246.48146,LG
15.7918442,-27.99251836,-197.8435575,4763.981126,-4346.992337,-1385.917572,LG
16.28763839,-27.7238212,-195.4955341,4830.91897,-4249.54335,-1522.399742,LG
16.75233225,-27.43045004,-192.9424261,4894.840132,-4148.049307,-1658.963496,LG
17.21551663,-27.10730802,-190.2110285,4952.182425,-4042.313037,-1792.308392,LG
17.64672809,-26.76009268,-187.2797962,5006.383343,-3932.735797,-1925.463963,LG
18.07550435,-26.38377578,-184.1758278,5053.900326,-3819.129241,-2055.142206,LG
18.47150198,-25.98409187,-180.8780155,5098.170545,-3701.901549,-2184.367213,LG
18.86420754,-25.55607993,-177.4137502,5135.671244,-3580.872769,-2309.863906,LG
19.22339896,-25.10551012,-173.762349,5169.83949,-3456.45756,-2434.651468,LG
19.57851349,-24.62748702,-169.9514825,5197.172472,-3328.483909,-2555.468226,LG
19.89945168,-24.12781478,-165.960879,5221.107328,-3197.372486,-2675.328968,LG
20.21560312,-23.60166179,-161.8184749,5238.161296,-3062.958726,-2790.985881,LG
20.49699212,-23.05486437,-157.5043945,5251.771725,-2925.668817,-2905.449862,LG
20.7729621,-22.48265271,-153.0468246,5258.475958,-2785.345127,-3015.487396,LG
21.01366209,-21.89089332,-148.4262693,5261.711656,-2642.418841,-3124.105965,LG
21.24839074,-21.274876,-143.6711492,5258.03629,-2496.738727,-3228.086769,LG
21.44742258,-20.64049528,-138.7623306,5250.887889,-2348.740418,-3330.434336,LG
21.6400127,-19.98309822,-133.7284502,5236.844032,-2198.278522,-3427.944974,LG
21.79656177,-19.308605,-128.5507177,5219.343134,-2045.792561,-3523.620688,LG
21.94628238,-18.61241743,-123.2579668,5194.982825,-1891.1424,-3614.273265,LG
22.05970182,-17.90047883,-117.8317311,5167.201881,-1734.770866,-3702.902597,LG
22.16599104,-17.16824309,-112.3010214,5132.617882,-1576.542488,-3786.336294,LG
22.23580427,-16.421674,-106.6476738,5094.669901,-1416.902794,-3867.572516,LG
22.29827154,-15.6562747,-100.9008558,5049.995331,-1255.720367,-3943.455012,LG
22.32417417,-14.87802666,-95.04268431,5002.033441,-1093.442825,-4016.980563,LG
22.34260179,-14.08247931,-89.10246126,4947.441253,-929.9421768,-4085.009346,LG
22.3244628,-13.27562888,-83.06256214,4889.658089,-765.6675061,-4150.537088,LG
22.29880681,-12.453068,-76.95240067,4825.360386,-600.4936149,-4210.440651,LG
22.23666907,-11.62080458,-70.75458742,4757.987336,-434.8704171,-4267.715,LG
22.16705938,-10.77447129,-64.49862471,4684.234532,-268.674865,-4319.253912,LG
22.0611395,-9.920084586,-58.16733414,4607.540819,-102.3570623,-4368.051848,LG
21.94787942,-9.053313864,-51.79028271,4524.620655,64.20453569,-4411.019695,LG
21.79856686,-8.180180861,-45.35047848,4438.912279,230.5602802,-4451.151644,LG
21.64213188,-7.296388341,-38.87752866,4347.148683,396.8308637,-4485.375849,LG
21.44998746,-6.40796,-32.35460273,4252.767211,562.5677382,-4516.686425,LG
21.25102338,-5.510628514,-25.81132326,4152.519022,727.8913946,-4542.028927,LG
21.01677701,-4.610416142,-19.23099571,4049.840238,892.3550305,-4564.397553,LG
20.7760974,-3.703081967,-12.64323283,3941.499791,1056.079583,-4580.75535,LG
20.50064524,-2.794643364,-6.031450347,3830.932217,1218.620638,-4594.096729,LG
20.2192282,-1.880882268,0.574774231,3714.92379,1380.10022,-4601.402287,LG
19.90362913,-0.967807684,7.191940762,3596.907073,1540.076939,-4605.666739,LG
19.58261347,-0.051220813,13.79053252,3473.685217,1698.674544,-4603.888258,LG
19.22808486,0.86288122,20.3869909,3348.688391,1855.455293,-4599.061917,LG
18.86876559,1.778681552,26.95188551,3218.736134,2010.545287,-4588.203456,LG
18.47667855,2.690198462,33.50162519,3087.255772,2163.511046,-4574.308326,LG
18.08050175,3.601603032,40.00689139,2951.082715,2314.481637,-4554.409786,LG
17.65237569,4.506932464,46.48408615,2813.640967,2463.028444,-4531.503653,LG
17.22093283,5.410349382,52.90402804,2671.781268,2609.284096,-4502.640621,LG
16.75842946,6.305913413,59.28313788,2528.923804,2752.825428,-4470.816823,LG
16.29345111,7.197782299,65.59239639,2381.934076,2893.789213,-4433.100274,LG
15.79836791,8.080041562,71.84826836,2234.227926,3031.758303,-4392.487336,LG
15.3017169,8.956847594,78.02192128,2082.685035,3166.874175,-4346.063193,LG
14.77598001,9.822315244,84.12988871,1930.716359,3298.726248,-4296.824318,LG
14.24964408,10.68060303,90.14354909,1775.215151,3427.461242,-4241.872878,LG
13.69530067,11.52585851,96.07952897,1619.586921,3552.675663,-4184.205304,LG
13.14138467,12.36224574,101.9094413,1460.73787,3674.521994,-4120.940526,LG
12.56059491,13.18394825,107.6500293,1302.067491,3792.604326,-4055.074744,LG
11.98131241,13.99513902,113.2731634,1140.494297,3907.081394,-3983.743403,LG
11.37634091,14.79004077,118.7957263,979.4111699,4017.565349,-3909.942254,LG
10.77400555,15.57283859,124.1898679,815.7482899,4124.221638,-3830.822971,LG
10.14721243,16.33779754,129.4726328,652.8913298,4226.670914,-3749.380602,LG
9.524228736,17.08911799,134.6164717,487.781478,4325.085771,-3662.782738,LG
8.878060318,17.8211103,139.638612,323.7965908,4419.095777,-3574.023447,LG
8.236914221,18.53799314,144.5118258,157.888201,4508.881074,-3480.285888,LG
7.573893375,19.23412508,149.2535434,-6.574265074,4594.080525,-3384.562839,LG
6.917142411,19.91374599,153.8368776,-172.6295985,4674.88219,-3284.052657,LG
6.239858593,20.57126537,158.2794812,-336.9174195,4750.934574,-3181.746488,LG
5.570121805,21.21094706,162.5548256,-502.4675131,4822.433989,-3074.857491,LG
4.881220835,21.82725411,166.6808041,-665.9291636,4889.038894,-2966.374815,LG
4.201168439,22.42447689,170.6312641,-830.3238189,4950.95415,-2853.525993,LG
3.503342063,22.99713447,174.4243559,-992.3110427,5007.848449,-2739.297788,LG
2.815684906,23.54954623,178.0343189,-1154.904612,5059.935462,-2620.93166,LG
2.111660175,24.07628949,181.4795763,-1314.774981,5106.894353,-2501.411573,LG
1.419139041,24.58171492,184.7347738,-1474.928916,5148.947827,-2377.99244,LG
0.711667542,25.06046023,187.8186215,-1632.048366,5185.785718,-2253.654994,LG
0.017042331,25.51690947,190.706185,-1789.133737,5217.639952,-2125.667108,LG
-0.691110667,25.94576264,193.4164743,-1942.879068,5244.211195,-1997.005829,LG
-1.385071825,26.35143909,195.9249862,-2096.279048,5265.740741,-1864.95148,LG
-2.091138288,26.72870284,198.2510423,-2246.040385,5281.940207,-1732.47695,LG
-2.781669962,27.08201025,200.3705812,-2395.152681,5293.060361,-1596.874487,LG
-3.482890014,27.40619093,202.3032458,-2540.335883,5298.823855,-1461.112329,LG
-4.167240383,27.70573973,204.0254253,-2684.575114,5299.490994,-1322.494108,LG
-4.860873197,27.97555317,205.5570925,-2824.604115,5294.795507,-1183.982914,LG
-5.536314913,28.22016594,206.8750946,-2963.404126,5285.007261,-1042.893203,LG
-6.21964953,28.43454257,207.999741,-3097.723211,5269.871061,-902.1824028,LG
-6.883490477,28.62325867,208.9083426,-3230.5393,5249.666322,-759.1752322,LG
-7.553856505,28.7813477,209.6215511,-3358.615296,5224.148883,-616.8229307,LG
-8.203450428,28.91342708,210.1171452,-3484.926372,5193.607651,-472.459905,LG
-8.858228578,29.0145999,210.4161223,-3606.250755,5157.809418,-329.0306768,LG
-9.490985524,29.08952602,210.4967318,-3725.561388,5117.052486,-183.8787598,LG
-10.12761795,29.13337863,210.3803188,-3839.652288,5071.114479,-39.94142153,LG
-10.74101449,29.15086049,210.0456043,-3951.494668,5020.302955,105.4293015,LG
-11.35701489,29.13721513,209.5142819,-4057.898769,4964.40621,249.3039358,LG
-11.94860407,29.09718842,208.7655432,-4161.83455,4903.740883,394.3225083,LG
-12.54156748,29.02609427,207.8214293,-4260.128885,4838.105741,537.5638798,LG
-13.1089885,28.92872164,206.6616003,-4355.750916,4767.826288,681.660727,LG
-13.67660081,28.80045459,205.3084419,-4445.544528,4692.711523,823.7007842,LG
-14.2175883,28.64612498,203.742079,-4532.478462,4613.095561,966.3099611,LG
-14.75763537,28.46118661,201.9852374,-4613.413954,4528.79736,1106.585401,LG
-15.27002838,28.25051374,200.0185013,-4691.319721,4440.159355,1247.146826,LG
-15.78040478,28.00962926,197.8649309,-4763.074662,4347.010148,1385.101319,LG
-16.26215527,27.74344919,195.5055625,-4831.647814,4249.700169,1523.062983,LG
-16.74087259,27.44756465,192.9637833,-4893.936015,4148.067316,1658.149365,LG
-17.19005355,27.12693248,190.2210731,-4952.908926,4042.469657,1792.969514,LG
-17.63524825,26.77721098,187.3011371,-5005.481565,3932.754004,1924.651948,LG
-18.05006125,26.40339672,184.1858886,-5054.624491,3819.285664,2055.801216,LG
-18.46000203,26.00121385,180.8993403,-5097.2711,3701.919953,2183.557309,LG
-18.83878435,25.57569736,177.4238272,-5136.39308,3581.028995,2310.52081,LG
-19.21187896,25.12263577,173.7836577,-5168.942371,3456.476161,2433.843669,LG
-19.55311016,24.64710095,169.9615757,-5197.891984,3328.639939,2556.123028,LG
-19.88791168,24.14494409,165.9821717,-5220.212528,3197.391283,2674.523266,LG
-20.19021961,23.62127223,161.8285842,-5238.878493,3063.11456,2791.638589,LG
-20.48543218,23.07199733,157.5256711,-5250.879237,2925.687809,2904.646253,LG
-20.74759834,22.50225967,153.0569499,-5259.190845,2785.500766,3016.138015,LG
-21.00208227,21.90802991,148.4475299,-5260.821475,2642.438029,3123.304442,LG
-21.22304668,21.29447949,143.6812905,-5258.748875,2496.894171,3228.735306,LG
-21.43582294,20.6576355,138.7835753,-5250.000007,2348.7598,3329.634894,LG
-21.61468828,20.00269825,133.7386075,-5237.554321,2198.433772,3428.591435,LG
-21.78494237,19.32574883,128.5719465,-5218.457545,2045.812137,3522.82332,LG
-21.92097755,18.63201401,123.2681401,-5195.690824,1891.297457,3614.917655,LG
-22.04806271,17.91762626,117.8529441,-5166.318578,1734.790635,3702.107298,LG
-22.14070574,17.18783622,112.3112105,-5133.323597,1576.697351,3786.97862,LG
-22.22414551,16.43882502,106.6688711,-5093.788878,1416.922756,3866.779279,LG
-22.27300572,15.6758644,100.9110607,-5050.698771,1255.875038,3944.095278,LG
-22.31249581,14.89518126,95.06386584,-5001.154691,1093.462979,4016.189383,LG
-22.31735539,14.10206558,89.11268201,-4948.142423,930.0966556,4085.64756,LG
-22.31276491,13.29278704,83.08372798,-4888.781606,765.6878522,4149.747959,LG
-22.27357978,12.47265085,76.96263715,-4826.059292,600.6479023,4211.076818,LG
-22.2249517,11.6379663,70.77573761,-4757.113113,434.8909543,4266.927916,LG
-22.14185166,10.79405074,64.50887688,-4684.931181,268.8289614,4319.888037,LG
-22.04940271,9.937249849,58.18846873,-4606.66885,102.3777901,4367.266803,LG
-21.92269096,9.072889907,51.80055052,-4525.315054,-64.05062958,4411.651785,LG
-21.78681071,8.197349657,45.3715975,-4438.042557,-230.5393623,4450.368632,LG
-21.61696263,7.315960994,38.88781207,-4347.840838,-396.6771474,4486.00591,LG
-21.43821199,6.425132319,32.37570623,-4251.899729,-562.5466309,4515.905441,LG
-21.22587328,5.530197784,25.82162222,-4153.20894,-727.7378676,4542.656964,LG
-21.00498229,4.627591973,19.25208374,-4048.974991,-892.3337342,4563.61859,LG
-20.75096639,3.722647863,12.6535473,-3942.187477,-1055.926245,4581.381369,LG
-20.48883133,2.811822695,6.052522948,-3830.069198,-1218.599153,4593.319781,LG
-20.19411624,1.900444799,-0.564444306,-3715.609251,-1379.94707,4602.026294,LG
-19.89179607,0.984990505,-7.170883546,-3596.046275,-1540.055266,4604.891801,LG
-19.5575205,0.070779988,-13.78018718,-3474.36846,-1698.521582,4604.510259,LG
-19.21623273,-0.845694921,-20.36594902,-3347.829809,-1855.433433,4598.288984,LG
-18.84369155,-1.759125725,-26.9415248,-3219.417165,-2010.392512,4588.823456,LG
-18.46480739,-2.673008695,-33.48059862,-3086.399399,-2163.488999,4573.537391,LG
-18.05544659,-3.582050543,-39.99651535,-2951.76154,-2314.329048,4555.027792,LG
-17.64048555,-4.48973924,-46.46307483,-2812.786796,-2463.006211,4530.73471,LG
-17.1958965,-5.390800223,-52.89363672,-2672.457895,-2609.131693,4503.256638,LG
-16.74652041,-6.288716743,-59.26214178,-2528.071829,-2752.803009,4470.049868,LG
-16.26843355,-7.17823646,-65.58198983,-2382.608509,-2893.636996,4433.714307,LG
-15.78644,-8.062841457,-71.82728742,-2233.378142,-3031.735699,4391.722362,LG
-15.27671807,-8.937305068,-78.01149953,-2083.357282,-3166.722143,4346.675249,LG
-14.76403328,-9.805111714,-84.10892291,-1929.868759,-3298.703459,4296.06132,LG
-14.22466392,-10.66106381,-90.13311219,-1775.885217,-3427.309394,4242.482962,LG
-13.6833352,-11.50865156,-96.05857825,-1618.741498,-3552.65269,4183.444275,LG
-13.11642312,-12.34270981,-101.8989893,-1461.405763,-3674.37033,4121.548643,LG
-12.54861073,-13.16673791,-107.6290937,-1301.224239,-3792.58117,4054.31568,LG
-11.95636943,-13.97560638,-113.2626963,-1141.160021,-3906.929914,3984.34956,LG
-11.36433809,-14.77282703,-118.7748056,-978.5700829,-4017.54201,3909.185149,LG
-10.74908108,-15.55330923,-124.1793859,-816.4118526,-4124.070341,3831.427172,LG
-10.13519102,-16.32058042,-129.4517271,-652.0524016,-4226.647392,3748.625449,LG
-9.499322726,-17.0695919,-134.6059747,-488.4428852,-4324.934656,3663.38499,LG
-8.866020374,-17.8038898,-139.6177212,-322.9598152,-4419.072073,3573.270241,LG
-8.212026618,-18.51847031,-144.5013138,-158.5474589,-4508.730141,3480.886196,LG
-7.56183495,-19.21690122,-149.2326675,7.408894272,-4594.05664,3383.811575,LG
-6.892273164,-19.89422641,-153.8263507,171.9724837,-4674.731439,3284.651027,LG
-6.227781739,-20.55403817,-158.2586201,337.7499084,-4750.910509,3180.997161,LG
-5.545270862,-21.19143072,-162.5442839,501.8125353,-4822.283418,3075.453928,LG
-4.869125608,-21.81002356,-166.6599578,666.7595183,-4889.014647,2965.627419,LG
-4.176335747,-22.40496379,-170.6207075,829.6709719,-4950.80376,2854.120502,LG
-3.491228515,-22.97990059,-174.4035243,993.1392694,-5007.824023,2738.552317,LG
-2.790870415,-23.53003635,-178.0237476,1154.25389,-5059.785252,2621.524247,LG
-2.09952836,-24.05905229,-181.4587594,1315.601086,-5106.869747,2500.668022,LG
-1.394342699,-24.56220826,-184.7241878,1474.280313,-5148.797796,2378.583112,LG
-0.699517512,-25.04321973,-187.7978193,1632.872355,-5185.760933,2252.913357,LG
0.007735913,-25.49740602,-190.6955843,1788.487246,-5217.4901,2126.255869,LG
0.703278858,-25.92851884,-193.3956867,1943.700947,-5244.186232,1996.2661,LG
1.409832023,-26.33193884,-195.9143709,2095.634663,-5265.591067,1865.538336,LG
2.103324588,-26.71145575,-198.2302693,2246.860161,-5281.915066,1731.739125,LG
2.806412164,-27.0625132,-200.3599514,2394.510397,-5292.910865,1597.459442,LG
3.495094369,-27.38894056,-202.2824874,2541.153561,-5298.798537,1460.376401,LG
4.19196464,-27.68624586,-204.0147809,2683.934924,-5299.341676,1323.07717,LG
4.873095556,-27.95829953,-205.5363486,2825.419701,-5294.770012,1183.248878,LG
5.561021276,-28.20067524,-206.8644356,2962.766024,-5284.858119,1043.474375,LG
6.23188984,-28.41728567,-207.9790115,3098.536711,-5269.845389,901.4502544,LG
6.908178998,-28.60377114,-208.8976692,3229.903281,-5249.517356,759.7545212,LG
7.566114714,-28.76408755,-209.600836,3359.426717,-5224.123036,616.0926638,LG
8.228121156,-28.89394271,-210.1064574,3484.29243,-5193.458861,473.0373159,LG
8.870504634,-28.99733651,-210.3954216,3607.060102,-5157.783396,328.3022859,LG
9.515638509,-29.0700448,-210.4860296,3724.929516,-5116.903872,184.454298,LG
10.1399118,-29.11611201,-210.3596324,3840.459567,-5071.088282,39.21490136,LG
10.76564978,-29.13138241,-210.0348878,3950.86486,-5020.154515,-104.8556307,LG
11.36932648,-29.11994529,-209.4936098,4058.703986,-4964.379839,-250.0285906,LG
11.97322172,-29.07771348,-208.7548124,4161.206801,-4903.592618,-393.7506995,LG
12.55389677,-29.00882122,-207.8007714,4260.932046,-4838.079196,-538.2866747,LG
13.13358855,-28.90924982,-206.6508552,4355.12522,-4767.678197,-681.0907749,LG
13.68894773,-28.78317835,-205.2877983,4446.345639,-4692.684805,-824.4217244,LG
14.24217081,-28.62665628,-203.7313197,4531.854813,-4612.947644,-965.7418603,LG
14.76999988,-28.44390718,-201.964608,4614.213021,-4528.770469,-1107.304492,LG
15.2945934,-28.23104814,-200.0077278,4690.698113,-4440.01161,-1246.580571,LG
15.79278683,-27.99234665,-197.8443156,4763.871691,-4346.983084,-1385.818565,LG
16.28670285,-27.72398669,-195.4947749,4831.028241,-4249.552596,-1522.498569,LG
16.75327213,-27.43027887,-192.943182,4894.73101,-4148.040081,-1658.864773,LG
17.21458373,-27.10747308,-190.2102714,4952.291382,-4042.322256,-1792.406935,LG
17.64766523,-26.75992204,-187.2805499,5006.274534,-3932.726597,-1925.365523,LG
18.07457409,-26.3839404,-184.1750729,5054.008971,-3819.138435,-2055.240468,LG
18.47243639,-25.98392176,-180.8787671,5098.062048,-3701.892376,-2184.269055,LG
18.86327989,-25.55624412,-177.4129975,5135.779577,-3580.881936,-2309.961886,LG
19.22433065,-25.10534054,-173.7630985,5169.731304,-3456.448413,-2434.553592,LG
19.57758846,-24.62765078,-169.9507321,5197.280493,-3328.493051,-2555.565925,LG
19.90038067,-24.12764573,-165.9616264,5220.999452,-3197.363366,-2675.231372,LG
20.21468071,-23.60182512,-161.8177266,5238.269008,-3062.967842,-2791.0833,LG
20.4979184,-23.05469584,-157.5051397,5251.664158,-2925.659722,-2905.352546,LG
20.77204229,-22.48281561,-153.0460784,5258.583361,-2785.354217,-3015.584535,LG
21.01458567,-21.89072532,-148.4270124,5261.604397,-2642.409773,-3124.008928,LG
21.24747353,-21.27503847,-143.6704052,5258.143385,-2496.747791,-3228.183631,LG
21.44834348,-20.6403278,-138.7630716,5250.780937,-2348.731376,-3330.337578,LG
21.63909808,-19.98326027,-133.7277084,5236.950819,-2198.287561,-3428.041558,LG
21.79747999,-19.30843804,-128.5514566,5219.236489,-2045.783545,-3523.524207,LG
21.94537034,-18.61257905,-123.2572272,5195.089306,-1891.151414,-3614.369572,LG
22.06061737,-17.90031239,-117.8324679,5167.095541,-1734.761876,-3702.806393,LG
22.16508158,-17.16840428,-112.3002839,5132.724057,-1576.551476,-3786.432325,LG
22.23671715,-16.42150807,-106.6484086,5094.563866,-1416.89383,-3867.476588,LG
22.29736465,-15.65643546,-100.9001204,5050.101202,-1255.72933,-3943.550768,LG
22.3250844,-14.87786125,-95.04341699,5001.92771,-1093.433886,-4016.884909,LG
22.34169746,-14.08263966,-89.10172805,4947.54682,-929.9511139,-4085.104828,LG
22.32537038,-13.27546398,-83.06329274,4889.552661,-765.6585932,-4150.441709,LG
22.29790503,-12.45322791,-76.95166959,4825.46565,-600.5025268,-4210.535859,LG
22.23757401,-11.62064019,-70.75531595,4757.88221,-434.8615299,-4267.619895,LG
22.16616016,-10.77463079,-64.49789575,4684.339494,-268.6837516,-4319.348847,LG
22.06204181,-9.919920702,-58.16806061,4607.435994,-102.3482007,-4367.957016,LG
21.94698274,-9.053472937,-51.78955586,4524.725316,64.19567417,-4411.114358,LG
21.79946655,-8.180017484,-45.35120289,4438.807755,230.5691163,-4451.057083,LG
21.64123774,-7.296546993,-38.87680392,4347.253044,396.8220273,-4485.47024,LG
21.45088453,-6.407797128,-32.35532508,4252.662986,562.576549,-4516.592136,LG
21.25013176,-5.510786745,-25.81060062,4152.623083,727.8825831,-4542.123048,LG
21.01767147,-4.610253773,-19.23171602,4049.736312,892.3638159,-4564.303534,LG
20.7752083,-3.703239779,-12.64251229,3941.603553,1056.070797,-4580.849201,LG
20.5015371,-2.794481496,-6.032168617,3830.828588,1218.629398,-4594.002979,LG
20.21834162,-1.88103966,0.575492683,3715.027254,1380.091459,-4601.495869,LG
19.9045184,-0.967646315,7.191224527,3596.803741,1540.085673,-4605.573258,LG
19.5817294,-0.051377788,13.79124889,3473.788384,1698.665807,-4603.981572,LG
19.22897155,0.863042091,20.38627669,3348.585355,1855.464003,-4598.968704,LG
18.86788402,1.778524995,26.9525998,3218.839006,2010.536575,-4588.296502,LG
18.47756266,2.690358838,33.50091301,3087.153031,2163.519731,-4574.215381,LG
18.07962267,3.601446891,40.00760361,2951.185291,2314.472949,-4554.502566,LG
17.65325723,4.507092346,46.48337598,2813.538521,2463.037104,-4531.410974,LG
17.22005623,5.410193656,52.90473819,2671.883551,2609.275433,-4502.733135,LG
16.75930844,6.306072804,59.28242973,2528.821651,2752.834063,-4470.72441,LG
16.292577,7.197626987,65.59310448,2382.036064,2893.780574,-4433.192523,LG
15.79924434,8.080200462,71.84756222,2234.126066,3031.766913,-4392.395188,LG
15.30084526,8.956692696,78.02262732,2082.786731,3166.865561,-4346.155178,LG
14.77685389,9.822473655,84.12918458,1930.614791,3298.734833,-4296.732434,LG
14.24877491,10.68044855,90.14425308,1775.316555,3427.452652,-4241.964599,LG
13.69617202,11.52601643,96.07882683,1619.485644,3552.684223,-4184.113683,LG
13.14051796,12.36209166,101.9101433,1460.838984,3674.513428,-4121.031984,LG
12.56146372,13.18410569,107.6493292,1301.966504,3792.612862,-4054.983386,LG
11.98044815,13.99498536,113.2738633,1140.59512,3907.072853,-3983.834599,LG
11.3772072,14.79019772,118.7950281,979.3104724,4017.573861,-3909.851158,LG
10.77314374,15.57268534,124.1905658,815.8488238,4124.213121,-3830.913905,LG
10.14807621,16.33795402,129.4719366,652.7909208,4226.679401,-3749.289767,LG
9.523369363,17.08896515,134.6171676,487.8817235,4325.077278,-3662.873412,LG
8.878921587,17.82126629,139.6379178,323.6964696,4419.10424,-3573.932872,LG
8.236057281,18.53784071,144.5125196,157.9881589,4508.872605,-3480.376302,LG
7.574752145,19.2342806,149.2528512,-6.674099415,4594.088964,-3384.472524,LG
6.916287898,19.91359396,153.8375695,-172.5299274,4674.873745,-3284.142812,LG
6.24071487,20.57142041,158.2787909,-337.0169678,4750.942989,-3181.656433,LG
5.569269712,21.21079544,162.5555155,-502.3681281,4822.425568,-3074.947388,LG
4.882074627,21.82740867,166.6801158,-666.0284266,4889.047284,-2966.285018,LG
4.200318759,22.42432568,170.6319519,-830.224719,4950.945753,-2853.615631,LG
3.504193378,22.99728856,174.4236695,-992.4100213,5007.856815,-2739.208248,LG
2.814837634,23.54939542,178.0350048,-1154.805797,5059.927089,-2621.021042,LG
2.11250902,24.07644311,181.4788919,-1314.873676,5106.902695,-2501.32229,LG
1.418294168,24.58156452,184.7354576,-1474.830384,5148.939478,-2378.081566,LG
0.712513924,25.06061338,187.8179391,-1632.146778,5185.794036,-2253.565967,LG
0.016199852,25.51675947,190.7068669,-1789.035488,5217.631626,-2125.755978,LG
-0.69026674,25.94591533,193.4157938,-1942.977198,5244.219489,-1996.917057,LG
-1.385911917,26.35128949,195.9256661,-2096.18108,5265.732439,-1865.040096,LG
-2.090296809,26.72885506,198.2503637,-2246.138234,5281.948477,-1732.388433,LG
-2.782507673,27.08186106,200.3712592,-2395.054994,5293.052082,-1596.962848,LG
-3.482050976,27.40634268,202.3025692,-2540.433451,5298.832101,-1461.024066,LG
-4.16807572,27.70559094,204.0261013,-2684.477708,5299.482739,-1322.582216,LG
-4.860036592,27.97570446,205.5564178,-2824.701404,5294.803729,-1183.894903,LG
-5.537147882,28.22001755,206.8757686,-2963.306999,5284.999029,-1042.981059,LG
-6.218815351,28.4346934,207.9990681,-3097.820221,5269.87926,-902.0946449,LG
-6.884321086,28.62311067,208.9090147,-3230.442452,5249.658113,-759.2628362,LG
-7.553024745,28.78149807,209.6208802,-3358.712029,5224.157058,-616.7354245,LG
-8.204278682,28.91327949,210.1178153,-3484.829802,5193.599465,-472.5472579,LG
-8.85739923,29.01474981,210.4154533,-3606.347211,5157.81757,-328.9434214,LG
-9.49181143,29.08937882,210.4973999,-3725.465095,5117.044324,-183.9658623,LG
-10.12679101,29.13352808,210.3796517,-3839.748467,5071.122608,-39.85441637,LG
-10.74183805,29.15071369,210.0462705,-3951.398651,5020.294815,105.3424487,LG
-11.35619034,29.13736413,209.5136166,-4057.994672,4964.414315,249.3906915,LG
-11.9494253,29.09704202,208.7662075,-4161.738809,4903.732767,394.2359044,LG
-12.54074532,29.02624281,207.8207659,-4260.224513,4838.113823,537.6503867,LG
-13.1098074,28.92857563,206.6622627,-4355.65545,4767.818195,681.5743713,LG
-13.67578103,28.80060268,205.3077805,-4445.639883,4692.719582,823.7870431,LG
-14.21840488,28.64597937,203.7427395,-4532.38327,4613.087491,966.2238529,LG
-14.75681797,28.46133425,201.9845778,-4613.509035,4528.805396,1106.671413,LG
-15.27084264,28.25036851,200.0191598,-4691.224801,4440.151308,1247.060965,LG
-15.77958975,28.00977645,197.8642732,-4763.169471,4347.01816,1385.187083,LG
-16.26296723,27.74330436,195.5062191,-4831.553167,4249.692144,1522.977368,LG
-16.74005993,27.44771139,192.9631274,-4894.030551,4148.075306,1658.234884,LG
-17.1908632,27.12678804,190.2217278,-4952.81455,4042.461655,1792.884144,LG
-17.63443794,26.77735728,187.3004831,-5005.575831,3932.76197,1924.737222,LG
-18.0508686,26.40325267,184.1865415,-5054.530386,3819.277685,2055.716091,LG
-18.45919407,26.0013597,180.8986882,-5097.365096,3701.927897,2183.642338,LG
-18.83958941,25.5755537,177.4244782,-5136.299245,3581.021038,2310.435928,LG
-19.21107333,25.12278118,173.7830074,-5169.036097,3456.484082,2433.928454,LG
-19.55391294,24.64695768,169.9622248,-5197.798419,3328.632005,2556.03839,LG
-19.88710839,24.14508906,165.9815233,-5220.305986,3197.399181,2674.607809,LG
-20.19102011,23.62112935,161.8292314,-5238.785195,3063.106648,2791.554194,LG
-20.48463122,23.07214186,157.5250245,-5250.972428,2925.695685,2904.730553,LG
-20.74839657,22.50211718,153.0575953,-5259.097816,2785.492877,3016.053862,LG
-21.00128363,21.908174,148.4468852,-5260.914398,2642.445882,3123.388501,LG
-21.22384264,21.29433739,143.681934,-5258.656112,2496.886304,3228.651394,LG
-21.43502661,20.65777915,138.7829324,-5250.092663,2348.76763,3329.718712,LG
-21.61548198,20.00255653,133.7392491,-5237.461824,2198.425927,3428.507763,LG
-21.78414834,19.32589205,128.5713054,-5218.549936,2045.819944,3522.906897,LG
-21.921769,18.63187267,123.2687799,-5195.598593,1891.289634,3614.834223,LG
-22.04727098,17.91776905,117.8523049,-5166.410704,1734.798421,3702.190635,LG
-22.14149494,17.18769527,112.3118484,-5133.231631,1576.689551,3786.895427,LG
-22.22335608,16.43896737,106.6682336,-5093.880741,1416.930519,3866.862378,LG
-22.27379268,15.67572382,100.9116968,-5050.607068,1255.86726,3944.012324,LG
-22.31170867,14.89532318,95.0632302,-5001.24629,1093.47072,4016.272243,LG
-22.31814012,14.1019254,89.11331621,-4948.050983,930.0888994,4085.564843,LG
-22.31198005,13.29292853,83.08309414,-4888.872943,765.6955706,4149.830581,LG
-22.27436228,12.47251104,76.96326952,-4825.968115,600.6401681,4210.994338,LG
-22.22416911,11.63810736,70.77510557,-4757.204188,434.8986506,4267.010302,LG
-22.14263194,10.79391131,64.50950742,-4684.840265,268.8212492,4319.805794,LG
-22.04862238,9.937390488,58.18783849,-4606.759664,102.3854644,4367.348952,LG
-21.92346903,9.072750859,51.80117924,-4525.224399,-64.05831998,4411.569778,LG
-21.78603264,8.197489872,45.37096905,-4438.133111,-230.5317102,4450.450546,LG
-21.61773848,7.315822323,38.88843896,-4347.750443,-396.684816,4485.924137,LG
-21.43743618,6.42527211,32.37507957,-4251.990024,-562.5390007,4515.98712,LG
-21.22664693,5.530059491,25.8222473,-4153.118804,-727.7455144,4542.575426,LG
-21.00420872,4.627731341,19.25145886,-4049.065027,-892.3261259,4563.700035,LG
-20.75173784,3.722509947,12.65417057,-3942.0976,-1055.93387,4581.300065,LG
-20.48805999,2.811961643,6.051899842,-3830.158976,-1218.591566,4593.400993,LG
-20.1948855,1.900307258,-0.563822835,-3715.519632,-1379.954674,4601.945223,LG
-19.89102697,0.985129033,-7.171504882,-3596.135796,-1540.047701,4604.97278,LG
-19.55828758,0.070642822,-13.77956751,-3474.279098,-1698.529164,4604.42942,LG
-19.21546585,-0.84555681,-20.36656859,-3347.919072,-1855.42589,4598.36973,LG
-18.84445645,-1.759262516,-26.94090692,-3219.32806,-2010.400072,4588.742849,LG
-18.46404273,-2.672871001,-33.48121643,-3086.488407,-2163.481478,4573.617906,LG
-18.05620932,-3.582186962,-39.99589925,-2951.67269,-2314.336587,4554.947416,LG
-17.63972311,-4.489601961,-46.46369088,-2812.875549,-2462.998711,4530.814994,LG
-17.19665706,-5.390936269,-52.8930224,-2672.3693,-2609.139211,4503.176492,LG
-16.74576017,-6.288579878,-59.26275608,-2528.160328,-2752.795531,4470.129921,LG
-16.26919195,-7.178372135,-65.58137729,-2382.520168,-2893.644492,4433.634391,LG
-15.78568196,-8.062705004,-71.82789998,-2233.466387,-3031.728242,4391.802186,LG
-15.27747431,-8.937440372,-78.01088876,-2083.269194,-3166.729619,4346.595562,LG
-14.76327744,-9.804975672,-84.10953372,-1929.956751,-3298.696024,4296.140915,LG
-14.22541801,-10.66119875,-90.13250319,-1775.797382,-3427.316848,4242.403504,LG
-13.68258154,-11.50851593,-96.05918733,-1618.829237,-3552.645276,4183.523642,LG
-13.11717507,-12.34284438,-101.8983821,-1461.31818,-3674.377763,4121.469412,LG
-12.54785925,-13.16660268,-107.629701,-1301.311727,-3792.573777,4054.394819,LG
-11.95711925,-13.97574058,-113.2620908,-1141.07269,-3906.937326,3984.270557,LG
-11.36358878,-14.77269221,-118.7754112,-978.6573206,-4017.534639,3909.264061,LG
-10.74982877,-15.55344306,-124.1787821,-816.3247714,-4124.077732,3831.348395,LG
-10.13444388,-16.32044601,-129.452331,-652.1393893,-4226.640042,3748.704136,LG
-9.500068284,-17.06972536,-134.6053727,-488.3560539,-4324.942026,3663.306439,LG
-8.865275395,-17.8037558,-139.6183234,-323.0465536,-4419.064744,3573.348702,LG
-8.212770057,-18.51860341,-144.5007135,-158.4608767,-4508.73749,3480.80787,LG
-7.561092125,-19.21676762,-149.2332679,7.322404443,-4594.049332,3383.889811,LG
-6.89301449,-19.89435914,-153.8257522,172.0588175,-4674.738767,3284.572925,LG
-6.227041063,-20.55390496,-158.2592188,337.6636665,-4750.903221,3181.075173,LG
-5.54601008,-21.1915631,-162.5436871,501.8986214,-4822.290726,3075.37605,LG
-4.868387073,-21.80989076,-166.6605548,666.6735235,-4889.007381,2965.705207,LG
-4.177072863,-22.4050958,-170.6201125,829.7568111,-4950.811046,2854.042848,LG
-3.490492116,-22.97976819,-174.4041197,993.0535211,-5007.816777,2738.629882,LG
-2.791605436,-23.530168,-178.0231543,1154.339483,-5059.792518,2621.446816,LG
-2.098794089,-24.05892028,-181.4593531,1315.515583,-5106.862523,2500.745364,LG
-1.395075629,-24.56233955,-184.7235961,1474.36566,-5148.805042,2378.505902,LG
-0.698785364,-25.04308812,-187.7984113,1632.787097,-5185.753729,2252.990477,LG
0.007005067,-25.49753695,-190.6949944,1788.572349,-5217.497325,2126.17888,LG
0.704008889,-25.92838762,-193.396277,1943.615934,-5244.179049,1996.343,LG
1.409103254,-26.33206941,-195.9137827,2095.719522,-5265.598272,1865.461568,LG
2.104052509,-26.71132493,-198.2308579,2246.775391,-5281.907904,1731.815804,LG
2.805685468,-27.06264341,-200.3593648,2394.595011,-5292.918049,1597.382895,LG
3.495820186,-27.38881013,-202.2830743,2541.069034,-5298.791395,1460.452861,LG
4.191240011,-27.68637571,-204.0141961,2684.019297,-5299.348839,1323.000841,LG
4.873819275,-27.95816949,-205.5369338,2825.335417,-5294.76289,1183.325118,LG
5.560298708,-28.20080474,-206.8638525,2962.850155,-5284.865263,1043.398266,LG
6.232611467,-28.41715602,-207.9795951,3098.452668,-5269.838288,901.526276,LG
6.907458485,-28.60390028,-208.8970878,3229.98717,-5249.524479,759.6786298,LG
7.566834255,-28.76395829,-209.6014179,3359.342915,-5224.115955,616.1684674,LG
8.227402692,-28.8940715,-210.1058776,3484.376078,-5193.465964,472.9616421,LG
8.871222096,-28.99720764,-210.3960019,3606.97654,-5157.776336,328.3778722,LG
9.514922089,-29.07017323,-210.4854515,3725.012925,-5116.910954,184.3788411,LG
10.14062719,-29.11598353,-210.3602111,3840.376245,-5071.081242,39.29027093,LG
10.7649354,-29.13151049,-210.0343113,3950.948029,-5020.161578,-104.9308713,LG
11.3700398,-29.11981719,-209.4941868,4058.620903,-4964.372819,-249.9534371,LG
11.97250937,-29.0778412,-208.7542376,4161.289732,-4903.599661,-393.8257244,LG
12.55460803,-29.00869351,-207.8013468,4260.8492,-4838.072196,-538.2117366,LG
13.13287823,-28.90937719,-206.6502822,4355.207913,-4767.685219,-681.1655848,LG
13.68965694,-28.78305101,-205.288372,4446.263031,-4692.677825,-824.3470012,LG
14.24146251,-28.6267833,-203.7307483,4531.937268,-4612.954646,-965.8164558,LG
14.77070704,-28.44378022,-201.96518,4614.13065,-4528.763509,-1107.229983,LG
15.29388711,-28.23117482,-200.007158,4690.780331,-4440.018593,-1246.654953,LG
15.79349194,-27.99222008,-197.844886,4763.789555,-4346.976144,-1385.74427,LG
16.28599857,-27.72411302,-195.4942068,4831.110224,-4249.559559,-1522.572738,LG
16.75397521,-27.43015267,-192.9437509,4894.64911,-4148.033161,-1658.790691,LG
17.21388146,-27.10759905,-190.2097049,4952.37313,-4042.3292,-1792.480891,LG
17.64836628,-26.75979622,-187.2811171,5006.192869,-3932.719697,-1925.291653,LG
18.07387381,-26.38406603,-184.1745081,5054.090484,-3819.145359,-2055.314212,LG
18.47313541,-25.98379632,-180.8793327,5097.980617,-3701.885495,-2184.195397,LG
18.86258161,-25.5563694,-177.4124343,5135.860856,-3580.88884,-2310.035419,LG
19.22502766,-25.10521547,-173.7636625,5169.650106,-3456.441553,-2434.480145,LG
19.57689217,-24.62777571,-169.9501705,5197.361539,-3328.499935,-2555.639246,LG
19.90107565,-24.12752104,-165.9621888,5220.918487,-3197.356525,-2675.158136,LG
20.2139864,-23.60194971,-161.8171666,5238.349821,-3062.974707,-2791.156411,LG
20.49861138,-23.05457152,-157.5057005,5251.583424,-2925.652901,-2905.27952,LG
20.77134996,-22.48293986,-153.0455201,5258.663942,-2785.361063,-3015.657437,LG
21.01527665,-21.89060137,-148.4275716,5261.523895,-2642.402971,-3123.936111,LG
21.24678316,-21.27516238,-143.6698485,5258.223735,-2496.754617,-3228.256324,LG
21.44903246,-20.64020422,-138.7636292,5250.700666,-2348.724594,-3330.26497,LG
21.63840968,-19.98338383,-133.7271532,5237.03094,-2198.294368,-3428.114043,LG
21.79816698,-19.30831483,-128.5520126,5219.156448,-2045.776782,-3523.451807,LG
21.9446839,-18.61270227,-123.2566737,5195.169196,-1891.158201,-3614.441849,LG
22.06130238,-17.90018955,-117.8330223,5167.015729,-1734.755133,-3702.734201,LG
22.16439709,-17.16852716,-112.2997319,5132.803718,-1576.558244,-3786.504395,LG
22.23740019,-16.4213856,-106.6489614,5094.484283,-1416.887106,-3867.404602,LG
22.29668211,-15.65655801,-100.8995701,5050.180635,-1255.736079,-3943.622631,LG
22.32576546,-14.87773913,-95.04396825,5001.848355,-1093.427182,-4016.81313,LG
22.34101687,-14.08276186,-89.10117929,4947.626025,-929.9578438,-4085.176484,LG
22.32604947,-13.27534223,-83.06384243,4889.473534,-765.6519078,-4150.370135,LG
22.29722638,-12.45334978,-76.95112242,4825.544627,-600.5092376,-4210.607311,LG
22.23825114,-11.6205188,-70.75586408,4757.803309,-434.8548636,-4267.548527,LG
22.16548343,-10.77475232,-64.49735016,4684.418245,-268.6904434,-4319.420093,LG
22.06271698,-9.919799679,-58.16860718,4607.35732,-102.3415535,-4367.885852,LG
21.94630794,-9.053594132,-51.78901185,4524.803841,64.1890014,-4411.185401,LG
21.80013978,-8.179896821,-45.3517479,4438.729306,230.5757444,-4450.986123,LG
21.64056486,-7.296667853,-38.87626148,4347.331343,396.8153734,-4485.541079,LG
21.45155581,-6.407676825,-32.35586855,4252.584761,562.5831581,-4516.52138,LG
21.2494608,-5.510907271,-25.81005975,4152.701158,727.8759482,-4542.193684,LG
21.01834082,-4.610133828,-19.23225794,4049.658312,892.370406,-4564.232981,LG
20.77453925,-3.703359971,-12.64197297,3941.681404,1056.064181,-4580.919635,LG
20.50220451,-2.794361909,-6.032708988,3830.750812,1218.635969,-4593.932628,LG
20.21767448,-1.88115952,0.576030441,3715.104882,1380.084861,-4601.5661,LG
19.90518388,-0.967527084,7.190685695,3596.726187,1540.092226,-4605.503109,LG
19.58106415,-0.051497316,13.7917851,3473.865789,1698.659229,-4604.051602,LG
19.22963511,0.863160968,20.3857394,3348.508023,1855.470536,-4598.898756,LG
18.86722067,1.778405797,26.95313446,3218.916189,2010.530015,-4588.366332,LG
18.47822431,2.69047736,33.50037725,3087.075922,2163.526246,-4574.145633,LG
18.07896121,3.601328024,40.00813672,2951.262253,2314.466408,-4554.572195,LG
17.65391697,4.507210516,46.48284174,2813.461632,2463.0436,-4531.341426,LG
17.21939666,5.410075118,52.90526977,2671.960292,2609.26891,-4502.802564,LG
16.75996628,6.306190622,59.28189701,2528.744983,2752.84054,-4470.655062,LG
16.2919193,7.197508777,65.59363453,2382.112585,2893.77407,-4433.261753,LG
15.79990028,8.080317929,71.84703102,2234.049617,3031.773372,-4392.326038,LG
15.30018943,8.956574814,78.02315583,2082.863032,3166.859075,-4346.22421,LG
14.77750793,9.822590773,84.12865489,1930.538562,3298.741273,-4296.663483,LG
14.24812095,10.68033099,90.14478007,1775.392637,3427.446185,-4242.033434,LG
13.69682418,11.5261332,96.07829865,1619.409633,3552.690645,-4184.044929,LG
13.13986586,12.36197443,101.9106687,1460.914848,3674.506979,-4121.10062,LG
12.562114,13.18422212,107.6488025,1301.890711,3792.619266,-4054.91483,LG
11.97979792,13.99486845,113.2743873,1140.670767,3907.066422,-3983.903039,LG
11.3778556,14.7903138,118.7945029,979.2348964,4017.580246,-3909.782798,LG
10.77249536,15.57256876,124.1910883,815.9242533,4124.206709,-3830.982149,LG
10.14872274,16.33806975,129.4714129,652.7155614,4226.685768,-3749.221603,LG
9.522722825,17.08884889,134.6176885,487.9569366,4325.070884,-3662.94146,LG
8.879566251,17.82138168,139.6373956,323.6213261,4419.110588,-3573.864904,LG
8.235412586,18.53772477,144.513039,158.0631562,4508.866229,-3480.444156,LG
7.575394948,19.23439564,149.2523305,-6.749027495,4594.095294,-3384.40475,LG
6.91564504,19.91347835,153.8380874,-172.4551452,4674.867387,-3284.210471,LG
6.241355819,20.57153512,158.2782717,-337.0916811,4750.949301,-3181.588853,LG
5.568628685,21.21068015,162.5560319,-502.2935604,4822.419227,-3075.014852,LG
4.882713727,21.82752303,166.679598,-666.1029258,4889.053578,-2966.217632,LG
4.199679559,22.42421071,170.6324668,-830.1503652,4950.93943,-2853.682903,LG
3.504830634,22.99740258,174.4231533,-992.484307,5007.863091,-2739.141056,LG
2.814200255,23.54928077,178.0355182,-1154.731656,5059.920785,-2621.08812,LG
2.113144437,24.07655679,181.4783771,-1314.947749,5106.908953,-2501.25529,LG
1.417658605,24.58145018,184.7359696,-1474.756457,5148.933191,-2378.148452,LG
0.713147508,25.06072673,187.8174257,-1632.220639,5185.800276,-2253.499159,LG
0.0155661,25.51664546,190.7073774,-1788.961772,5217.625358,-2125.822673,LG
-0.689634984,25.94602834,193.4152819,-1943.050847,5244.225711,-1996.850441,LG
-1.386543863,26.35117579,195.9261751,-2096.107576,5265.726188,-1865.106599,LG
-2.089666875,26.72896773,198.2498533,-2246.211672,5281.954682,-1732.322008,LG
-2.783137818,27.08174767,200.3717667,-2394.981701,5293.045849,-1597.029161,LG
-3.481422859,27.40645502,202.3020602,-2540.506679,5298.838288,-1460.957831,LG
-4.168704069,27.70547787,204.0266074,-2684.404625,5299.476523,-1322.648339,LG
-4.859410287,27.97581647,205.5559103,-2824.774422,5294.809898,-1183.828858,LG
-5.537774441,28.21990479,206.8762732,-2963.234125,5284.992831,-1043.046992,LG
-6.218190853,28.43480507,207.9985621,-3097.893029,5269.885411,-902.0287893,LG
-6.884945859,28.62299823,208.9095178,-3230.369788,5249.651933,-759.3285801,LG
-7.552402048,28.78160941,209.6203755,-3358.784628,5224.163192,-616.6697576,LG
-8.204901675,28.91316736,210.118317,-3484.757346,5193.593303,-472.6128133,LG
-8.856778329,29.01486082,210.4149501,-3606.419602,5157.823686,-328.8779428,LG
-9.492432647,29.08926701,210.4979002,-3725.392847,5117.038178,-184.0312298,LG
-10.1261719,29.13363877,210.37915,-3839.820651,5071.128706,-39.78912549,LG
-10.7424575,29.15060218,210.0467693,-3951.32661,5020.288688,105.2772686,LG
-11.35557302,29.13747448,209.5131163,-4058.06665,4964.420396,249.4557952,LG
-11.95004298,29.09693082,208.7667049,-4161.666975,4903.726656,394.1709111,LG
-12.54012978,29.02635284,207.820267,-4260.296284,4838.119887,537.7153038,LG
-13.11042332,28.92846474,206.6627586,-4355.583822,4767.812102,681.5095644,LG
-13.67516726,28.80071239,205.307283,-4445.711448,4692.725628,823.8517741,LG
-14.21901904,28.64586879,203.743234,-4532.311847,4613.081415,966.1592317,LG
-14.75620597,28.46144363,201.9840818,-4613.580395,4528.811425,1106.735958,LG
-15.27145505,28.25025824,200.0196529,-4691.153583,4440.145249,1246.996529,LG
-15.77897951,28.00988551,197.8637785,-4763.240626,4347.024172,1385.251444,LG
-16.26357789,27.74319439,195.5067108,-4831.482153,4249.686103,1522.913117,LG
-16.73945145,27.44782012,192.9626342,-4894.101503,4148.0813,1658.29906,LG
-17.19147212,27.12667838,190.2222181,-4952.743741,4042.455631,1792.820077,LG
-17.63383122,26.77746569,187.2999913,-5005.64658,3932.767947,1924.801214,LG
-18.05147579,26.40314332,184.1870303,-5054.45978,3819.271678,2055.652208,LG
-18.4585891,26.00146779,180.8981977,-5097.435641,3701.933857,2183.706146,LG
-18.84019487,25.57544465,177.4249656,-5136.228841,3581.015048,2310.372228,LG
-19.21047011,25.12288895,173.7825184,-5169.10644,3456.490025,2433.99208,LG
-19.55451668,24.64684894,169.9627108,-5197.728216,3328.626032,2555.974873,LG
-19.88650691,24.14519651,165.9810356,-5220.376128,3197.405107,2674.671252,LG
-20.19162212,23.62102091,161.829716,-5238.715195,3063.100692,2791.490858,LG
-20.48403147,23.07224899,157.5245383,-5251.042368,2925.701594,2904.793814,LG
-20.74899687,22.50200904,153.0580785,-5259.028016,2785.486937,3015.990708,LG
-21.00068561,21.90828082,148.4464003,-5260.984138,2642.451774,3123.451581,LG
-21.22444123,21.29422955,143.6824158,-5258.586512,2496.880381,3228.588421,LG
-21.43443031,20.65788565,138.7824489,-5250.162204,2348.773505,3329.781611,LG
-21.61607886,20.00244899,133.7397296,-5237.392424,2198.420022,3428.444971,LG
-21.78355376,19.32599823,128.5708234,-5218.619277,2045.825803,3522.969616,LG
-21.92236418,18.63176543,123.2692589,-5195.529392,1891.283746,3614.771611,LG
-22.04667812,17.91787492,117.8518241,-5166.479847,1734.804262,3702.253174,LG
-22.14208842,17.18758833,112.3123261,-5133.162628,1576.683679,3786.832994,LG
-22.22276492,16.43907293,106.6677543,-5093.949685,1416.936344,3866.924737,LG
-22.27438447,15.67561718,100.9121731,-5050.538263,1255.861404,3943.95007,LG
-22.31111922,14.89542842,95.06275221,-5001.315037,1093.476528,4016.334424,LG
-22.31873022,14.10181905,89.11379113,-4947.982376,930.0830606,4085.502768,LG
-22.31139229,13.29303347,83.08261752,-4888.941493,765.7013619,4149.892584,LG
-22.2749507,12.47240499,76.96374307,-4825.899704,600.6343458,4210.932441,LG
-22.22358305,11.63821198,70.77463031,-4757.272541,434.9044252,4267.072126,LG
-22.14321868,10.79380556,64.5099796,-4684.772051,268.8154434,4319.744074,LG
-22.04803801,9.937494802,58.18736458,-4606.827821,102.3912224,4367.4106,LG
-21.92405409,9.072645403,51.80165006,-4525.156381,-64.06410926,4411.508235,LG
-21.78544995,8.197593877,45.37049649,-4438.201073,-230.5259686,4450.512016,LG
-21.61832188,7.315717162,38.88890842,-4347.68262,-396.6905889,4485.862771,LG
-21.43685517,6.425375808,32.37460836,-4252.057791,-562.5332756,4516.048414,LG
-21.22722866,5.529954623,25.82271541,-4153.051175,-727.7512709,4542.514236,LG
-21.00362939,4.627834733,19.25098899,-4049.1326,-892.3204172,4563.761154,LG
-20.75231792,3.722405372,12.65463733,-3942.030165,-1055.93961,4581.23905,LG
-20.48748233,2.812064729,6.051431313,-3830.226355,-1218.585874,4593.461936,LG
-20.19546392,1.900202975,-0.563357423,-3715.452391,-1379.960398,4601.884383,LG
-19.89045098,0.985231815,-7.171972075,-3596.202982,-1540.042025,4605.033549,LG
-19.55886435,0.07053883,-13.77910344,-3474.212049,-1698.534871,4604.368754,LG
-19.21489152,-0.845454332,-20.36703446,-3347.986066,-1855.42023,4598.430325,LG
-18.84503158,-1.759366218,-26.94044419,-3219.261204,-2010.405764,4588.682357,LG
-18.46347005,-2.672768826,-33.48168096,-3086.555208,-2163.475835,4573.678327,LG
-18.0567828,-3.582290374,-39.99543786,-2951.606026,-2314.342263,4554.887097,LG
-17.63915208,-4.489500087,-46.46415409,-2812.942159,-2462.993084,4530.875242,LG
-17.19722891,-5.391039392,-52.89256234,-2672.302827,-2609.14487,4503.116346,LG
-16.74519079,-6.288478305,-59.26321797,-2528.226747,-2752.78992,4470.189997,LG
-16.26976217,-7.178474971,-65.58091856,-2382.453886,-2893.650135,4433.574418,LG
-15.78511422,-8.062603731,-71.82836055,-2233.532615,-3031.722647,4391.862089,LG
-15.2780429,-8.937542921,-78.01043135,-2083.203102,-3166.735246,4346.535761,LG
-14.76271133,-9.804874698,-84.10999298,-1930.02279,-3298.690445,4296.200646,LG
-14.22598498,-10.66130101,-90.13204709,-1775.73148,-3427.32246,4242.343874,LG
-13.68201706,-11.50841526,-96.05964528,-1618.895087,-3552.639713,4183.583202,LG
-13.11774043,-12.34294635,-101.8979273,-1461.252466,-3674.383358,4121.409953,LG
-12.5472964,-13.1665023,-107.6301576,-1301.377389,-3792.56823,4054.454208,LG
-11.95768299,-13.97584227,-113.2616374,-1141.007164,-3906.942906,3984.211268,LG
-11.36302756,-14.77259213,-118.7758666,-978.7227934,-4017.529107,3909.32328,LG
-10.7503909,-15.55354447,-124.17833,-816.2594343,-4124.083295,3831.289277,LG
-10.13388427,-16.32034622,-129.452785,-652.2046745,-4226.634527,3748.763185,LG
-9.500628812,-17.06982648,-134.6049218,-488.2909041,-4324.947574,3663.24749,LG
-8.8647174,-17.8036563,-139.6187761,-323.1116517,-4419.059245,3573.407582,LG
-8.213328986,-18.51870425,-144.500264,-158.3959139,-4508.743022,3480.74909,LG
-7.560535739,-19.21666842,-149.2337194,7.257492892,-4594.043848,3383.948522,LG
-6.893571824,-19.8944597,-153.825304,172.123594,-4674.744283,3284.514314,LG
-6.22648628,-20.55380606,-158.259669,337.598941,-4750.897753,3181.133716,LG
-5.546565824,-21.19166337,-162.5432402,501.9632121,-4822.296226,3075.317607,LG
-4.867833888,-21.80979214,-166.6610037,666.6089835,-4889.001929,2965.763582,LG
-4.177627023,-22.4051958,-170.6196668,829.8212165,-4950.816531,2853.984572,LG
-3.489940526,-22.97966986,-174.4045673,992.989166,-5007.81134,2738.68809,LG
-2.792158014,-23.53026772,-178.0227099,1154.403704,-5059.797988,2621.388707,LG
-2.098244088,-24.05882225,-181.4597994,1315.451413,-5106.857101,2500.803405,LG
-1.395626631,-24.56243899,-184.723153,1474.429697,-5148.810496,2378.44796,LG
-0.698236948,-25.04299037,-187.7988564,1632.723111,-5185.748324,2253.048352,LG
0.006455637,-25.49763611,-190.6945526,1788.636202,-5217.502764,2126.121104,LG
0.704555725,-25.92829017,-193.3967208,1943.552131,-5244.173659,1996.400708,LG
1.408555392,-26.33216829,-195.9133422,2095.783191,-5265.603695,1865.403958,LG
2.104597769,-26.71122776,-198.2313005,2246.711771,-5281.902529,1731.873347,LG
2.805139169,-27.06274201,-200.3589256,2394.658498,-5292.923457,1597.325449,LG
3.496363875,-27.38871324,-202.2835156,2541.005596,-5298.786035,1460.510239,LG
4.19069527,-27.68647404,-204.0137581,2684.082601,-5299.354232,1322.943561,LG
4.874361397,-27.9580729,-205.5373738,2825.272161,-5294.757546,1183.382332,LG
5.559755521,-28.20090279,-206.8634158,2962.913278,-5284.87064,1043.341149,LG
6.233152027,-28.41705971,-207.9800338,3098.389593,-5269.83296,901.5833257,LG
6.906916848,-28.60399806,-208.8966523,3230.050112,-5249.529841,759.6216771,LG
7.567373258,-28.76386227,-209.6018554,3359.280021,-5224.110642,616.2253536,LG
8.226862601,-28.89416901,-210.1054434,3484.438839,-5193.471311,472.9048526,LG
8.871759546,-28.9971119,-210.3964381,3606.913826,-5157.771038,328.4345953,LG
9.514383538,-29.07027047,-210.4850185,3725.075506,-5116.916286,184.3222144,LG
10.14116309,-29.11588806,-210.3606461,3840.31371,-5071.075959,39.34683141,LG
10.76439839,-29.13160745,-210.0338796,3951.010431,-5020.166894,-104.9873356,LG
11.37057416,-29.11972201,-209.4946205,4058.558548,-4964.367551,-249.8970388,LG
11.97197389,-29.0779379,-208.7538071,4161.351955,-4903.604962,-393.8820268,LG
12.55514085,-29.0085986,-207.8017793,4260.787024,-4838.066944,-538.1555,LG
13.13234428,-28.90947361,-206.6498529,4355.269957,-4767.690505,-681.2217258,LG
13.69018822,-28.78295639,-205.2888033,4446.201033,-4692.672587,-824.2909258,LG
14.24093008,-28.62687945,-203.7303203,4531.999135,-4612.959918,-965.8724358,LG
14.77123679,-28.44368588,-201.9656101,4614.068829,-4528.758287,-1107.174068,LG
15.2933562,-28.2312707,-200.0067313,4690.84202,-4440.023849,-1246.710773,LG
15.79402017,-27.99212601,-197.8453149,4763.727912,-4346.970937,-1385.688516,LG
16.28546918,-27.72420863,-195.4937812,4831.171736,-4249.564801,-1522.628397,LG
16.75450191,-27.43005888,-192.9441785,4894.587644,-4148.027969,-1658.735096,LG
17.21335357,-27.1076944,-190.2092806,4952.434465,-4042.334426,-1792.536391,LG
17.64889146,-26.75970271,-187.2815435,5006.131579,-3932.714519,-1925.236218,LG
18.07334743,-26.38416111,-184.174085,5054.151643,-3819.15057,-2055.369553,LG
18.47365909,-25.98370308,-180.8797579,5097.919502,-3701.880332,-2184.140121,LG
18.86205673,-25.55646421,-177.4120124,5135.92184,-3580.894037,-2310.090601,LG
19.22554982,-25.10512251,-173.7640864,5169.589166,-3456.436405,-2434.425027,LG
19.57636879,-24.62787026,-169.9497498,5197.422349,-3328.505117,-2555.69427,LG
19.90159632,-24.12742835,-165.9626116,5220.857722,-3197.351392,-2675.103176,LG
20.21346451,-23.60204399,-161.8167472,5238.410456,-3062.979875,-2791.211278,LG
20.49913054,-23.05447911,-157.5061221,5251.522834,-2925.647782,-2905.224718,LG
20.77082956,-22.48303387,-153.0451018,5258.724403,-2785.366216,-3015.712146,LG
21.01579432,-21.89050922,-148.4279919,5261.463478,-2642.397867,-3123.881466,LG
21.24626425,-21.27525614,-143.6694314,5258.284023,-2496.759755,-3228.310876,LG
21.44954863,-20.64011235,-138.7640484,5250.640422,-2348.719504,-3330.210481,LG
21.63789225,-19.98347732,-133.7267374,5237.091054,-2198.299491,-3428.168438,LG
21.79868167,-19.30822323,-128.5524306,5219.096377,-2045.771707,-3523.397475,LG
21.94416795,-18.6127955,-123.256259,5195.229139,-1891.16331,-3614.496089,LG
22.06181558,-17.90009822,-117.8334391,5166.95583,-1734.750072,-3702.680024,LG
22.16388261,-17.16862013,-112.2993185,5132.863488,-1576.563339,-3786.558479,LG
22.23791191,-16.42129453,-106.649377,5094.424556,-1416.88206,-3867.350581,LG
22.2961691,-15.65665072,-100.8991578,5050.240233,-1255.741159,-3943.67656,LG
22.32627571,-14.87764834,-95.04438265,5001.788799,-1093.42215,-4016.759264,LG
22.34050532,-14.08285431,-89.10076823,4947.685452,-929.9629095,-4085.230259,LG
22.32655826,-13.2752517,-83.06425565,4889.414148,-765.646891,-4150.316423,LG
22.29671629,-12.45344197,-76.95071254,4825.603885,-600.5142889,-4210.660931,LG
22.23875846,-11.62042854,-70.75627612,4757.744093,-434.8498612,-4267.494969,LG
22.1649748,-10.77484425,-64.49694146,4684.477332,-268.6954803,-4319.47356,LG
22.06322284,-9.919709684,-58.16901805,4607.298274,-102.3365655,-4367.832447,LG
21.94580076,-9.053685806,-51.78860433,4524.862759,64.18397872,-4411.238714,LG
21.80064417,-8.179807091,-45.35215759,4438.670429,230.5807181,-4450.932872,LG
21.64005913,-7.29675927,-38.87585513,4347.390092,396.810365,-4485.59424,LG
21.45205876,-6.407587359,-32.35627707,4252.526054,562.5881175,-4516.468281,LG
21.24895651,-5.510998432,-25.80965458,4152.759738,727.8709539,-4542.246692,LG
21.01884231,-4.610044626,-19.2326653,4049.599772,892.3753513,-4564.180034,LG
20.7740364,-3.703450876,-12.64156897,3941.739816,1056.0592,-4580.972491,LG
20.50270457,-2.794272968,-6.033115187,3830.69244,1218.6409,-4593.879833,LG
20.21717306,-1.88125017,0.576433278,3715.163127,1380.079895,-4601.618805,LG
19.9056825,-0.967438405,7.190280655,3596.667983,1540.097143,-4605.450465,LG
19.58056417,-0.051587712,13.79218677,3473.923867,1698.654277,-4604.104155,LG
19.23013229,0.863249385,20.38533551,3348.449986,1855.475439,-4598.846264,LG
18.86672211,1.778315655,26.95353498,3218.9741,2010.525077,-4588.418734,LG
18.47872005,2.690565518,33.49997451,3087.01805,2163.531134,-4574.093291,LG
18.07846407,3.601238134,40.00853608,2951.319998,2314.461484,-4554.624448,LG
17.65441129,4.507298414,46.48244016,2813.403926,2463.048475,-4531.289234,LG
17.21890094,5.40998548,52.90566798,2672.017871,2609.264,-4502.854667,LG
16.76045917,6.306278261,59.28149657,2528.687442,2752.845401,-4470.603019,LG
16.291425,7.197419391,65.59403159,2382.169999,2893.769174,-4433.313707,LG
15.80039175,8.080405311,71.84663172,2233.992242,3031.778219,-4392.274145,LG
15.29969654,8.956485679,78.02355175,2082.920282,3166.854193,-4346.276014,LG
14.77799799,9.822677898,84.12825673,1930.481351,3298.746106,-4296.611738,LG
14.24762947,10.68024211,90.14517484,1775.449722,3427.441317,-4242.085089,LG
13.69731282,11.52622007,96.07790163,1619.352586,3552.695464,-4183.993333,LG
13.13937578,12.3618858,101.9110624,1460.971769,3674.502125,-4121.152128,LG
12.56260124,13.18430873,107.6484066,1301.833828,3792.624071,-4054.863381,LG
11.97930924,13.99478007,113.2747798,1140.727525,3907.061582,-3983.9544,LG
11.37834144,14.79040016,118.7941082,979.1781761,4017.585037,-3909.731498,LG
10.77200807,15.57248062,124.1914796,815.9808485,4124.201882,-3831.033362,LG
10.14920717,16.33815585,129.4710193,652.6590037,4226.690546,-3749.17045,LG
9.52223693,17.088761,134.6180788,488.0133694,4325.066071,-3662.992526,LG
8.880049292,17.82146753,139.6370031,323.5649304,4419.115352,-3573.813897,LG
8.234928077,18.53763713,144.5134282,158.1194272,4508.861429,-3480.495075,LG
7.575876598,19.23448124,149.2519391,-6.80526156,4594.100044,-3384.35389,LG
6.915161914,19.91339095,153.8384754,-172.3990357,4674.862601,-3284.261244,LG
6.241836081,20.57162046,158.2778814,-337.147754,4750.954038,-3181.538138,LG
5.568146938,21.210593,162.5564188,-502.2376118,4822.414455,-3075.065481,LG
4.883192606,21.82760813,166.6792089,-666.158838,4889.058301,-2966.167062,LG
4.199199187,22.4241238,170.6328526,-830.0945771,4950.934672,-2853.733386,LG
3.505308134,22.99748743,174.4227652,-992.540059,5007.8678,-2739.090631,LG
2.813721254,23.5491941,178.0359029,-1154.676028,5059.91604,-2621.138458,LG
2.113620562,24.07664139,181.4779901,-1315.003341,5106.913649,-2501.20501,LG
1.417180972,24.58136376,184.7363531,-1474.700988,5148.928459,-2378.198646,LG
0.713622262,25.06081108,187.8170399,-1632.276071,5185.804958,-2253.449023,LG
0.015089831,25.51655928,190.7077598,-1788.906463,5217.620639,-2125.872723,LG
-0.689161597,25.94611244,193.4148971,-1943.106121,5244.230381,-1996.800448,LG
-1.387018773,26.35108985,195.9265565,-2096.052425,5265.721483,-1865.156506,LG
-2.089194852,26.72905159,198.2494697,-2246.266788,5281.959338,-1732.272159,LG
-2.783611373,27.08166198,200.3721469,-2394.926708,5293.041157,-1597.078924,LG
-3.480952195,27.40653863,202.3016776,-2540.561636,5298.84293,-1460.908125,LG
-4.169176272,27.70539241,204.0269865,-2684.34979,5299.471845,-1322.69796,LG
-4.858940979,27.97589983,205.5555288,-2824.829222,5294.814527,-1183.779295,LG
-5.538245296,28.21981957,206.8766513,-2963.179448,5284.988166,-1043.09647,LG
-6.217722896,28.43488819,207.9981817,-3097.947672,5269.890027,-901.9793677,LG
-6.88541537,28.62291325,208.9098948,-3230.315267,5249.647281,-759.3779168,LG
-7.551935438,28.78169229,209.6199962,-3358.839115,5224.167795,-616.6204777,LG
-8.205369845,28.91308262,210.1186929,-3484.702982,5193.588664,-472.6620086,LG
-8.856313063,29.01494345,210.4145719,-3606.473932,5157.828276,-328.8288042,LG
-9.492899481,29.0891825,210.498275,-3725.338639,5117.033553,-184.0802841,LG
-10.12570797,29.13372115,210.3787728,-3839.874825,5071.133282,-39.74012768,LG
-10.742923,29.15051792,210.047143,-3951.272557,5020.284075,105.228355,LG
-11.35511043,29.13755663,209.5127403,-4058.120669,4964.42496,249.5046525,LG
-11.95050715,29.09684679,208.7670775,-4161.613077,4903.722057,394.1221377,LG
-12.53966852,29.02643474,207.8198921,-4260.350148,4838.124437,537.7640211,LG
-13.11088616,28.92838095,206.6631302,-4355.530079,4767.807515,681.4609308,LG
-13.67470733,28.80079405,205.3069091,-4445.765158,4692.730165,823.9003517,LG
-14.21948057,28.64578523,203.7436045,-4532.258258,4613.076842,966.1107377,LG
-14.75574736,28.46152505,201.9837089,-4613.633951,4528.815949,1106.784397,LG
-15.27191526,28.25017492,200.0200223,-4691.100148,4440.140689,1246.948174,LG
-15.77852223,28.00996669,197.8634068,-4763.294029,4347.028683,1385.299743,LG
-16.26403679,27.7431113,195.5070791,-4831.428871,4249.681555,1522.8649,LG
-16.73899548,27.44790106,192.9622635,-4894.154753,4148.085798,1658.347221,LG
-17.19192971,27.12659553,190.2225854,-4952.690612,4042.451096,1792.771999,LG
-17.63337657,26.77754639,187.2996216,-5005.699677,3932.772433,1924.849237,LG
-18.05193207,26.40306069,184.1873965,-5054.406803,3819.267156,2055.604267,LG
-18.45813575,26.00154826,180.8978291,-5097.488586,3701.938329,2183.754032,LG
-18.84064985,25.57536226,177.4253308,-5136.176016,3581.010539,2310.324425,LG
-19.21001807,25.12296918,173.7821508,-5169.159234,3456.494484,2434.039828,LG
-19.55497035,24.64676678,169.963075,-5197.675543,3328.621536,2555.927207,LG
-19.88605617,24.14527651,165.9806691,-5220.42877,3197.409554,2674.718863,LG
-20.19207451,23.62093898,161.8300791,-5238.662673,3063.096209,2791.443329,LG
-20.48358203,23.07232875,157.5241728,-5251.094859,2925.706027,2904.841289,LG
-20.74944796,22.50192734,153.0584405,-5258.975644,2785.482467,3015.943315,LG
-21.00023746,21.90836034,148.4460359,-5261.036479,2642.456195,3123.498919,LG
-21.22489103,21.29414808,143.6827768,-5258.534291,2496.875923,3228.541164,LG
-21.43398345,20.65796494,138.7820856,-5250.214394,2348.777914,3329.828814,LG
-21.61652738,20.00236775,133.7400895,-5237.340353,2198.415577,3428.397849,LG
-21.7831082,19.32607729,128.570461,-5218.671318,2045.830199,3523.016684,LG
-21.92281141,18.63168442,123.2696178,-5195.47747,1891.279313,3614.724624,LG
-22.04623383,17.91795375,117.8514628,-5166.531739,1734.808645,3702.300107,LG
-22.14253438,17.18750755,112.3126839,-5133.110855,1576.679259,3786.786142,LG
-22.22232192,16.43915152,106.667394,-5094.001428,1416.940715,3866.971536,LG
-22.27482916,15.67553663,100.9125299,-5050.486639,1255.856997,3943.903353,LG
-22.31067749,14.89550679,95.06239295,-5001.366632,1093.480886,4016.381088,LG
-22.31917364,14.10173872,89.11414693,-4947.9309,930.0786656,4085.456184,LG
-22.31095183,13.2931116,83.08225928,-4888.99294,765.7057076,4149.939114,LG
-22.27539285,12.47232489,76.96409785,-4825.848376,600.6299633,4210.885991,LG
-22.22314386,11.63828989,70.77427309,-4757.32384,434.9087585,4267.118523,LG
-22.14365957,10.79372568,64.51033335,-4684.72087,268.8110733,4319.697757,LG
-22.04760009,9.937572478,58.18700838,-4606.878974,102.3955432,4367.456864,LG
-21.92449372,9.072565747,51.80200279,-4525.105346,-64.06846697,4411.462051,LG
-21.78501329,8.197671325,45.37014131,-4438.252079,-230.5216602,4450.558148,LG
-21.61876026,7.315637729,38.88926014,-4347.631732,-396.6949342,4485.816719,LG
-21.43641977,6.425453028,32.37425419,-4252.108651,-562.5289796,4516.094414,LG
-21.22766579,5.529875414,25.82306611,-4153.000433,-727.755604,4542.468316,LG
-21.00319524,4.627911727,19.25063583,-4049.183314,-892.3161335,4563.807021,LG
-20.75275379,3.722326385,12.65498702,-3941.979568,-1055.943931,4581.193262,LG
-20.48704943,2.812141497,6.051079162,-3830.276924,-1218.581603,4593.507672,LG
-20.19589856,1.90012421,-0.563008739,-3715.401939,-1379.964706,4601.838726,LG
-19.89001932,0.985308357,-7.172323222,-3596.253406,-1540.037766,4605.079153,LG
-19.55929774,0.070460286,-13.77875576,-3474.161743,-1698.539168,4604.323228,LG
-19.2144611,-0.845378015,-20.3673846,-3348.036345,-1855.415983,4598.475799,LG
-18.84546373,-1.759444541,-26.94009751,-3219.211041,-2010.410048,4588.636962,LG
-18.46304088,-2.672692733,-33.48203011,-3086.605343,-2163.4716,4573.723671,LG
-18.05721372,-3.582368477,-39.99509218,-2951.556007,-2314.346535,4554.841832,LG
-17.63872414,-4.489424218,-46.46450224,-2812.992151,-2462.988861,4530.920456,LG
-17.1976586,-5.391117276,-52.89221766,-2672.252952,-2609.14913,4503.071211,LG
-16.74476408,-6.288402659,-59.26356513,-2528.276595,-2752.78571,4470.235081,LG
-16.27019063,-7.178552636,-65.58057487,-2382.404154,-2893.654383,4433.529412,LG
-15.78468874,-8.062528307,-71.82870672,-2233.582321,-3031.718449,4391.907044,LG
-15.27847014,-8.937620368,-78.01008865,-2083.153513,-3166.739481,4346.490884,LG
-14.76228708,-9.804799496,-84.11033816,-1930.072353,-3298.686258,4296.245472,LG
-14.226411,-10.66137824,-90.13170538,-1775.682032,-3427.326683,4242.299126,LG
-13.68159403,-11.50834027,-96.05998947,-1618.944508,-3552.635539,4183.6279,LG
-13.11816523,-12.34302336,-101.8975866,-1461.203161,-3674.38757,4121.365334,LG
-12.54687459,-13.16642754,-107.6305009,-1301.426668,-3792.564068,4054.498778,LG
-11.95810658,-13.97591907,-113.2612976,-1140.958001,-3906.947105,3984.166776,LG
-11.36260696,-14.77251759,-118.7762088,-978.7719315,-4017.524957,3909.367722,LG
-10.75081328,-15.55362105,-124.1779912,-816.2104116,-4124.087483,3831.244912,LG
-10.13346489,-16.3202719,-129.4531263,-652.2536717,-4226.630388,3748.807499,LG
-9.501049989,-17.06990285,-134.604584,-488.2420221,-4324.95175,3663.203253,LG
-8.864299222,-17.8035822,-139.6191164,-323.1605085,-4419.055118,3573.451769,LG
-8.213748961,-18.5187804,-144.4999272,-158.347172,-4508.747186,3480.70498,LG
-7.560118764,-19.21659453,-149.2340587,7.208776095,-4594.039733,3383.992583,LG
-6.8939906,-19.89453564,-153.8249681,172.172196,-4674.748436,3284.47033,LG
-6.226070506,-20.55373239,-158.2600074,337.5503638,-4750.89365,3181.17765,LG
-5.546983405,-21.1917391,-162.5429053,502.0116747,-4822.300367,3075.273749,LG
-4.867419312,-21.80971869,-166.6613411,666.5605455,-4888.997837,2965.80739,LG
-4.178043411,-22.40527131,-170.6193329,829.8695401,-4950.82066,2853.94084,LG
-3.489527143,-22.97959663,-174.4049037,992.9408669,-5007.807261,2738.731772,LG
-2.792573213,-23.53034301,-178.022377,1154.451888,-5059.802105,2621.3451,LG
-2.097831896,-24.05874923,-181.4601349,1315.403252,-5106.853034,2500.846962,LG
-1.396040645,-24.56251408,-184.722821,1474.477743,-5148.814601,2378.404478,LG
-0.697825943,-25.04291756,-187.7991909,1632.675088,-5185.744267,2253.091784,LG
0.006042805,-25.49771099,-190.6942216,1788.68411,-5217.506857,2126.077747,LG
0.704965547,-25.92821757,-193.3970543,1943.504245,-5244.169614,1996.444016,LG
1.408143739,-26.33224296,-195.9130121,2095.830962,-5265.607777,1865.360725,LG
2.105006411,-26.71115538,-198.2316331,2246.664023,-5281.898496,1731.916531,LG
2.804728691,-27.06281647,-200.3585964,2394.706133,-5292.927528,1597.282341,LG
3.49677134,-27.38864108,-202.2838472,2540.957985,-5298.782014,1460.553299,LG
4.190285964,-27.68654829,-204.0134299,2684.130099,-5299.358291,1322.900575,LG
4.874767689,-27.95800094,-205.5377045,2825.224686,-5294.753536,1183.425269,LG
5.559347384,-28.20097683,-206.8630885,2962.960639,-5284.874687,1043.298288,LG
6.233557149,-28.41698796,-207.9803636,3098.342254,-5269.828961,901.6261393,LG
6.906509875,-28.60407189,-208.896326,3230.097338,-5249.533877,759.5789382,LG
7.567777213,-28.76379073,-209.6021843,3359.232818,-5224.106655,616.2680445,LG
8.22645679,-28.89424263,-210.105118,3484.48593,-5193.475336,472.8622362,LG
8.872162338,-28.99704057,-210.396766,3606.866759,-5157.767062,328.4771639,LG
9.513978887,-29.07034388,-210.4846941,3725.122461,-5116.920299,184.2797202,LG
10.14156473,-29.11581695,-210.360973,3840.266778,-5071.071995,39.38927798,LG
10.76399489,-29.13168066,-210.0335561,3951.057252,-5020.170896,-105.029708,LG
11.37097464,-29.11965111,-209.4949466,4058.51175,-4964.363599,-249.8547139,LG
11.97157154,-29.0780109,-208.7534846,4161.398641,-4903.608952,-393.9242777,LG
12.55554017,-29.00852791,-207.8021044,4260.74036,-4838.063002,-538.1132964,LG
13.13194308,-28.90954641,-206.6495313,4355.316509,-4767.694485,-681.2638555,LG
13.69058639,-28.7828859,-205.2891275,4446.154503,-4692.668657,-824.2488432,LG
14.24053003,-28.62695205,-203.7299996,4532.045553,-4612.963886,-965.9144448,LG
14.77163382,-28.4436156,-201.9659334,4614.022432,-4528.754368,-1107.132106,LG
15.29295729,-28.23134309,-200.0064115,4690.888306,-4440.027806,-1246.752661,LG
15.79441605,-27.99205594,-197.8456372,4763.681648,-4346.967029,-1385.646674,LG
16.28507141,-27.72428082,-195.4934624,4831.217888,-4249.568746,-1522.670166,LG
16.75489666,-27.42998901,-192.9444999,4894.541512,-4148.024072,-1658.693374,LG
17.21295694,-27.10776638,-190.2089627,4952.480486,-4042.338361,-1792.57804,LG
17.64928507,-26.75963304,-187.281864,5006.085579,-3932.710634,-1925.194616,LG
18.07295193,-26.38423289,-184.173768,5054.197532,-3819.154493,-2055.411082,LG
18.47405156,-25.98363362,-180.8800774,5097.873634,-3701.876458,-2184.098638,LG
18.86166236,-25.55653579,-177.4116963,5135.967597,-3580.897949,-2310.132011,LG
19.22594116,-25.10505325,-173.7644051,5169.54343,-3456.432542,-2434.383663,LG
19.57597554,-24.62794164,-169.9494346,5197.467974,-3328.509018,-2555.735562,LG
19.90198653,-24.1273593,-165.9629293,5220.812117,-3197.34754,-2675.06193,LG
20.21307239,-23.60211517,-161.8164329,5238.45595,-3062.983764,-2791.252451,LG
20.49951963,-23.05441026,-157.5064389,5251.477359,-2925.643942,-2905.18359,LG
20.77043856,-22.48310485,-153.0447885,5258.769767,-2785.370095,-3015.753201,LG
21.01618229,-21.89044058,-148.4283079,5261.418134,-2642.394038,-3123.840457,LG
21.24587436,-21.27532692,-143.669119,5258.329256,-2496.763623,-3228.351813,LG
21.44993549,-20.6400439,-138.7643634,5250.595208,-2348.715686,-3330.169589,LG
21.63750347,-19.9835479,-133.7264259,5237.136158,-2198.303348,-3428.209258,LG
21.79906741,-19.30815498,-128.5527447,5219.051292,-2045.767899,-3523.3567,LG
21.94378028,-18.61286589,-123.2559484,5195.274113,-1891.167156,-3614.536792,LG
22.06220021,-17.90003017,-117.8337524,5166.910875,-1734.746276,-3702.639366,LG
22.16349605,-17.16869032,-112.2990088,5132.908333,-1576.567174,-3786.599065,LG
22.23829543,-16.42122669,-106.6496894,5094.379729,-1416.878274,-3867.31004,LG
22.29578364,-15.65672071,-100.898849,5050.28495,-1255.744983,-3943.71703,LG
22.32665813,-14.87758069,-95.04469411,5001.744101,-1093.418375,-4016.718839,LG
22.34012096,-14.0829241,-89.10046026,4947.730041,-929.9667228,-4085.270613,LG
22.32693957,-13.27518425,-83.06456623,4889.369578,-765.6431269,-4150.276114,LG
22.29633303,-12.45351157,-76.95040546,4825.648345,-600.5180914,-4210.701169,LG
22.23913868,-11.62036129,-70.75658581,4757.699651,-434.8461079,-4267.454775,LG
22.16459264,-10.77491365,-64.49663527,4684.521665,-268.6992721,-4319.513683,LG
22.06360196,-9.919642633,-58.16932685,4607.253959,-102.332823,-4367.792369,LG
21.94541968,-9.053755011,-51.78829902,4524.906965,64.1801977,-4411.278722,LG
21.80102221,-8.179740237,-45.35246552,4438.626241,230.58445,-4450.892909,LG
21.63967914,-7.296828281,-38.8755507,4347.434171,396.8065947,-4485.634133,LG
21.4524357,-6.407520701,-32.35658412,4252.481992,562.5918386,-4516.428432,LG
21.24857761,-5.511067248,-25.80935103,4152.803691,727.8671943,-4542.28647,LG
21.01921817,-4.609978164,-19.23297147,4049.555837,892.3790617,-4564.140299,LG
20.77365858,-3.703519499,-12.6412663,3941.783643,1056.055451,-4581.012155,LG
20.50307934,-2.794206702,-6.033420488,3830.648631,1218.6446,-4593.840212,LG
20.21679632,-1.881318601,0.576735082,3715.206828,1380.076157,-4601.658356,LG
19.90605619,-0.967372333,7.189976223,3596.624299,1540.100832,-4605.410958,LG
19.5801885,-0.05165595,13.7924877,3473.967442,1698.650549,-4604.143593,LG
19.23050491,0.863315263,20.38503195,3348.406427,1855.479117,-4598.80687,LG
18.86634752,1.778247608,26.95383504,3219.01755,2010.52136,-4588.458059,LG
18.4790916,2.690631202,33.49967181,3086.974617,2163.534803,-4574.05401,LG
18.07809055,3.601170278,40.00883528,2951.363323,2314.457778,-4554.663659,LG
17.65478176,4.507363905,46.48213832,2813.360617,2463.052132,-4531.250066,LG
17.21852848,5.409917815,52.90596632,2672.061072,2609.260304,-4502.893766,LG
16.76082858,6.30634356,59.2811956,2528.644258,2752.849048,-4470.563963,LG
16.2910536,7.197351916,65.59432906,2382.213077,2893.765488,-4433.352694,LG
15.8007601,8.080470418,71.8463316,2233.949181,3031.781855,-4392.235201,LG
15.29932621,8.956418393,78.02384837,2082.963236,3166.850518,-4346.314889,LG
14.77836528,9.822742814,84.12795746,1930.438413,3298.749732,-4296.572906,LG
14.24726019,10.68017501,90.14547061,1775.492553,3427.437652,-4242.123853,LG
13.69767905,11.5262848,96.07760322,1619.309771,3552.69908,-4183.954612,LG
13.13900756,12.36181889,101.9113573,1461.014477,3674.49847,-4121.190781,LG
12.56296641,13.18437326,107.6481091,1301.791136,3792.627676,-4054.824771,LG
11.97894207,13.99471335,113.2750738,1140.77011,3907.057938,-3983.992942,LG
11.37870556,14.7904645,118.7938115,979.1356064,4017.588632,-3909.692998,LG
10.77164195,15.57241409,124.1917728,816.0233116,4124.198248,-3831.071793,LG
10.14957024,16.33822001,129.4707234,652.616556,4226.69413,-3749.13206,LG
9.521871853,17.08869465,134.6183711,488.0557107,4325.062447,-3663.030848,LG
8.880411318,17.8215315,139.6367081,323.5226044,4419.118927,-3573.775618,LG
8.234564042,18.53757097,144.5137197,158.161647,4508.857816,-3480.533287,LG
7.576237582,19.23454502,149.2516449,-6.847466282,4594.103608,-3384.31572,LG
6.914798918,19.91332498,153.8387661,-172.356937,4674.858998,-3284.299346,LG
6.242196026,20.57168406,158.2775881,-337.1898378,4750.957591,-3181.500078,LG
5.567784979,21.21052721,162.5567086,-502.1956339,4822.410862,-3075.103473,LG
4.883551514,21.82767154,166.6789164,-666.2008012,4889.061845,-2966.129111,LG
4.198838261,22.42405819,170.6331416,-830.0527196,4950.931089,-2853.771269,LG
3.505666009,22.99755065,174.4224735,-992.5819019,5007.871334,-2739.052789,LG
2.813361358,23.54912868,178.036191,-1154.634291,5059.912467,-2621.176233,LG
2.113977406,24.07670442,181.4776993,-1315.045064,5106.917172,-2501.167276,LG
1.416822103,24.58129853,184.7366405,-1474.65937,5148.924897,-2378.236313,LG
0.713978078,25.06087393,187.8167499,-1632.317675,5185.808472,-2253.411397,LG
0.014731986,25.51649422,190.7080463,-1788.864965,5217.617087,-2125.910281,LG
-0.688806806,25.9461751,193.414608,-1943.147605,5244.233884,-1996.76293,LG
-1.387375596,26.35102498,195.9268422,-2096.011046,5265.717941,-1865.193957,LG
-2.088841083,26.72911407,198.2491813,-2246.308153,5281.962831,-1732.234748,LG
-2.783967177,27.08159729,200.3724318,-2394.885448,5293.037625,-1597.116268,LG
-3.480599444,27.40660092,202.3013901,-2540.602883,5298.846413,-1460.870822,LG
-4.169531061,27.70532791,204.0272706,-2684.308648,5299.468323,-1322.735196,LG
-4.858589244,27.97596194,205.5552421,-2824.870351,5294.818,-1183.742099,LG
-5.538599072,28.21975525,206.8769345,-2963.138424,5284.984654,-1043.1336,LG
-6.217372174,28.43495012,207.9978958,-3097.988683,5269.89349,-901.9422782,LG
-6.885768136,28.62284911,208.9101772,-3230.274361,5249.643779,-759.4149401,LG
-7.551585727,28.78175403,209.6197112,-3358.880008,5224.171248,-616.5834945,LG
-8.205721604,28.91301865,210.1189745,-3484.662193,5193.585172,-472.6989257,LG
-8.855964359,29.01500502,210.4142876,-3606.514708,5157.831719,-328.791927,LG
-9.493250236,29.08911872,210.4985558,-3725.297967,5117.030071,-184.1170953,LG
-10.12536027,29.13378254,210.3784894,-3839.915485,5071.136716,-39.70335622,LG
-10.74327276,29.15045431,210.047423,-3951.232002,5020.280603,105.1916492,LG
-11.35476373,29.13761783,209.5124576,-4058.161212,4964.428383,249.5413186,LG
-11.95085591,29.09678337,208.7673567,-4161.572638,4903.718594,394.0855373,LG
-12.53932282,29.02649577,207.8196102,-4260.390575,4838.127851,537.8005821,LG
-13.11123392,28.9283177,206.6634085,-4355.489756,4767.804062,681.4244353,LG
-13.67436263,28.80085489,205.306628,-4445.805469,4692.733569,823.9368079,LG
-14.21982733,28.64572216,203.743882,-4532.218051,4613.073399,966.0743467,LG
-14.75540365,28.46158572,201.9834287,-4613.674147,4528.819343,1106.820748,LG
-15.27226104,28.25011203,200.0202991,-4691.060056,4440.137256,1246.911887,LG
-15.77817951,28.01002718,197.8631273,-4763.334109,4347.032067,1385.335991,LG
-16.26438158,27.74304859,195.5073551,-4831.388894,4249.678132,1522.828718,LG
-16.73865375,27.44796137,192.9619848,-4894.194718,4148.089173,1658.383364,LG
-17.19227351,27.12653298,190.2228605,-4952.650749,4042.447683,1792.73592,LG
-17.63303582,26.77760653,187.2993438,-5005.739527,3932.775797,1924.885277,LG
-18.05227489,26.40299833,184.1876709,-5054.367055,3819.263752,2055.568292,LG
-18.45779598,26.00160822,180.8975521,-5097.528322,3701.941684,2183.789968,LG
-18.84099169,25.57530007,177.4256044,-5136.136382,3581.007145,2310.288553,LG
-19.20967928,25.12302896,173.7818746,-5169.198856,3456.49783,2434.075661,LG
-19.55531122,24.64670476,169.9633477,-5197.636023,3328.618151,2555.891438,LG
-19.88571836,24.14533611,165.9803936,-5220.468279,3197.41289,2674.754594,LG
-20.1924144,23.62087714,161.8303511,-5238.623266,3063.092834,2791.407662,LG
-20.48324518,23.07238818,157.5238981,-5251.134255,2925.709354,2904.876918,LG
-20.74978689,22.50186567,153.0587117,-5258.936351,2785.479101,3015.90775,LG
-20.99990159,21.9084196,148.445762,-5261.075761,2642.459512,3123.534446,LG
-21.22522899,21.29408658,143.6830472,-5258.49511,2496.872567,3228.505702,LG
-21.43364855,20.65802402,138.7818124,-5250.253565,2348.781221,3329.864238,LG
-21.61686438,20.00230643,133.7403591,-5237.301284,2198.41223,3428.362488,LG
-21.78277426,19.3261362,128.5701886,-5218.710377,2045.833496,3523.052007,LG
-21.92314745,18.63162327,123.2698867,-5195.438514,1891.275976,3614.689365,LG
-22.04590086,17.91801248,117.8511912,-5166.570685,1734.811934,3702.335329,LG
-22.14286946,17.18744657,112.312952,-5133.072011,1576.675931,3786.750984,LG
-22.2219899,16.43921008,106.6671232,-5094.040263,1416.943994,3867.006656,LG
-22.27516328,15.67547582,100.9127972,-5050.447906,1255.853678,3943.868295,LG
-22.31034643,14.89556518,95.06212291,-5001.405355,1093.484156,4016.416108,LG
-22.31950681,14.10167808,89.11441348,-4947.892278,930.0753566,4085.421227,LG
-22.31062173,13.29316982,83.08199001,-4889.031552,765.7089677,4149.974034,LG
-22.27572506,12.47226442,76.96436362,-4825.809865,600.6266637,4210.851134,LG
-22.2228147,11.63834793,70.77400459,-4757.362342,434.9120092,4267.153343,LG
-22.14399084,10.79366538,64.51059837,-4684.682469,268.807783,4319.663,LG
-22.04727188,9.937630351,58.18674064,-4606.917365,102.3987846,4367.491584,LG
-21.92482404,9.072505617,51.80226704,-4525.067055,-64.07174795,4411.427394,LG
-21.78468603,8.197729028,45.36987433,-4438.29036,-230.5184281,4450.592768,LG
-21.61908964,7.315577768,38.88952363,-4347.593551,-396.6982059,4485.782161,LG
-21.43609344,6.425510562,32.37398797,-4252.146822,-562.5257568,4516.128935,LG
-21.22799423,5.52981562,25.82332884,-4152.962362,-727.7588664,4542.433857,LG
-21.00286986,4.627969091,19.25037038,-4049.221376,-892.31292,4563.841443,LG
-20.75308129,3.722266759,12.65524898,-3941.941606,-1055.947184,4581.158902,LG
-20.48672499,2.812198692,6.050814461,-3830.314877,-1218.578398,4593.541996,LG
-20.19622512,1.900064752,-0.56274753,-3715.364086,-1379.96795,4601.804465,LG
-19.88969581,0.985365384,-7.172587169,-3596.29125,-1540.034571,4605.113378,LG
-19.55962337,0.070400995,-13.7784953,-3474.123998,-1698.542402,4604.289065,LG
-19.21413853,-0.845321156,-20.3676478,-3348.074081,-1855.412797,4598.509926,LG
-18.84578844,-1.759503667,-26.93983781,-3219.173405,-2010.413273,4588.602897,LG
-18.46271923,-2.672636041,-33.48229255,-3086.642971,-2163.468423,4573.7577,LG
-18.0575375,-3.582427437,-39.99483323,-2951.518479,-2314.349751,4554.807865,LG
-17.63840342,-4.489367693,-46.46476394,-2813.029671,-2462.985694,4530.954388,LG
-17.19798145,-5.39117607,-52.89195945,-2672.215531,-2609.152337,4503.037341,LG
-16.74444429,-6.2883463,-59.26382608,-2528.314008,-2752.782551,4470.268915,LG
-16.27051257,-7.178611265,-65.58031741,-2382.36684,-2893.657581,4433.495639,LG
-15.78436986,-8.062472114,-71.82896693,-2233.619626,-3031.715299,4391.940781,LG
-15.27879116,-8.937678833,-78.00983193,-2083.116307,-3166.742671,4346.457208,LG
-14.76196912,-9.804743468,-84.11059763,-1930.109551,-3298.683118,4296.279113,LG
-14.2267311,-10.66143654,-90.1314494,-1775.644933,-3427.329863,4242.265546,LG
-13.68127699,-11.50828441,-96.0602482,-1618.9816,-3552.632407,4183.661444,LG
-13.11848442,-12.3430815,-101.8973313,-1461.166168,-3674.390741,4121.33185,LG
-12.54655846,-13.16637185,-107.6307588,-1301.463653,-3792.560945,4054.532226,LG
-11.95842485,-13.97597704,-113.2610431,-1140.921114,-3906.950268,3984.133389,LG
-11.36229174,-14.77246205,-118.7764661,-978.8088111,-4017.521843,3909.401074,LG
-10.75113065,-15.55367886,-124.1777374,-816.1736307,-4124.090637,3831.211621,LG
-10.13315058,-16.32021653,-129.4533828,-652.2904456,-4226.627284,3748.840756,LG
-9.501366449,-17.0699605,-134.604331,-488.2053467,-4324.954894,3663.170057,LG
-8.863985818,-17.80352699,-139.6193722,-323.1971771,-4419.052022,3573.484931,LG
-8.214064517,-18.51883789,-144.4996749,-158.3106019,-4508.750322,3480.671879,LG
-7.559806263,-19.21653949,-149.2343138,7.172212611,-4594.036647,3384.025649,LG
-6.894305256,-19.89459297,-153.8247166,172.2086612,-4674.751562,3284.437324,LG
-6.225758905,-20.55367751,-158.2602617,337.5139051,-4750.890572,3181.210621,LG
-5.547297163,-21.19179626,-162.5426544,502.0480353,-4822.303484,3075.240838,LG
-4.867108609,-21.80966397,-166.6615947,666.5241913,-4888.994768,2965.840267,LG
-4.178356274,-22.40532831,-170.6190828,829.9057963,-4950.823769,2853.908023,LG
-3.489217335,-22.97954207,-174.4051566,992.9046168,-5007.804201,2738.764555,LG
-2.792885184,-23.53039986,-178.0221276,1154.488041,-5059.805205,2621.312377,LG
-2.097522981,-24.05869483,-181.460387,1315.367106,-5106.849982,2500.879651,LG
-1.396351725,-24.56257076,-184.7225724,1474.513792,-5148.817692,2378.371849,LG
-0.697517918,-25.04286332,-187.7994423,1632.639045,-5185.741225,2253.12438,LG
0.005732612,-25.49776752,-190.6939736,1788.720056,-5217.50994,2126.045212,LG
0.705272685,-25.92816349,-193.3973051,1943.468306,-5244.166581,1996.476518,LG
1.407834431,-26.33229933,-195.9127648,2095.866804,-5265.610851,1865.328283,LG
2.105312664,-26.71110146,-198.2318831,2246.628186,-5281.895471,1731.94894,LG
2.804420266,-27.06287268,-200.3583499,2394.741872,-5292.930593,1597.249991,LG
3.497076711,-27.38858731,-202.2840965,2540.922251,-5298.778998,1460.585615,LG
4.18997842,-27.68660434,-204.0131841,2684.165736,-5299.361347,1322.868319,LG
4.87507218,-27.95794734,-205.5379531,2825.189055,-5294.750529,1183.457492,LG
5.559040717,-28.20103273,-206.8628434,2962.996174,-5284.877735,1043.266124,LG
6.233860763,-28.41693452,-207.9806115,3098.306725,-5269.825962,901.6582701,LG
6.906204083,-28.60412763,-208.8960816,3230.13277,-5249.536917,759.5468663,LG
7.568079952,-28.76373744,-209.6024314,3359.19739,-5224.103665,616.3000832,LG
8.22615187,-28.89429821,-210.1048743,3484.52126,-5193.478366,472.8302564,LG
8.872464205,-28.99698744,-210.3970125,3606.831433,-5157.76408,328.5091107,LG
9.513674837,-29.07039931,-210.4844511,3725.15769,-5116.923321,184.247832,LG
10.14186572,-29.11576397,-210.3612188,3840.231553,-5071.069021,39.42113324,LG
10.76369171,-29.13173593,-210.0333138,3951.09238,-5020.17391,-105.0615048,LG
11.37127477,-29.11959829,-209.4951916,4058.476626,-4964.360634,-249.8229499,LG
11.97126923,-29.07806602,-208.753243,4161.433668,-4903.611957,-393.9559833,LG
12.55583943,-29.00847524,-207.8023488,4260.705337,-4838.060046,-538.0816235,LG
13.13164163,-28.90960138,-206.6492904,4355.351436,-4767.697481,-681.2954702,LG
13.6908848,-28.7828334,-205.2893712,4446.11958,-4692.66571,-824.217261,LG
14.24022944,-28.62700686,-203.7297594,4532.08038,-4612.966873,-965.9459688,LG
14.77193136,-28.44356325,-201.9661763,4613.987609,-4528.751429,-1107.100615,LG
15.29265756,-28.23139774,-200.006172,4690.923032,-4440.030786,-1246.784095,LG
15.79471274,-27.99200374,-197.8458795,4763.646925,-4346.964098,-1385.615273,LG
16.28477253,-27.72433532,-195.4932235,4831.252515,-4249.571717,-1522.701509,LG
16.75519249,-27.42993697,-192.9447415,4894.506889,-4148.02115,-1658.662063,LG
17.21265891,-27.10782073,-190.2087246,4952.515013,-4042.341323,-1792.609294,LG
17.64958005,-26.75958115,-187.2821049,5006.051055,-3932.70772,-1925.163394,LG
18.07265475,-26.38428709,-184.1735305,5054.23196,-3819.157448,-2055.442246,LG
18.47434569,-25.98358188,-180.8803177,5097.839209,-3701.873553,-2184.067506,LG
18.86136603,-25.55658984,-177.4114596,5136.001927,-3580.900895,-2310.163086,LG
19.22623444,-25.10500167,-173.7646447,5169.509103,-3456.429645,-2434.35262,LG
19.57568006,-24.62799554,-169.9491985,5197.502205,-3328.511956,-2555.766547,LG
19.90227897,-24.12730786,-165.9631682,5220.777889,-3197.344651,-2675.030976,LG
20.21277775,-23.60216892,-161.8161975,5238.490084,-3062.986694,-2791.283347,LG
20.49981122,-23.05435898,-157.5066771,5251.443229,-2925.641061,-2905.152725,LG
20.77014475,-22.48315845,-153.0445538,5258.803803,-2785.373016,-3015.784009,LG
21.01647304,-21.89038944,-148.4285454,5261.384102,-2642.391165,-3123.80968,LG
21.2455814,-21.27538036,-143.6688849,5258.363194,-2496.766536,-3228.382533,LG
21.4502254,-20.63999292,-138.7646002,5250.561273,-2348.712821,-3330.138901,LG
21.63721134,-19.9836012,-133.7261925,5237.169998,-2198.306253,-3428.23989,LG
21.79935649,-19.30810415,-128.5529809,5219.017454,-2045.765044,-3523.3261,LG
21.94348899,-18.61291903,-123.2557157,5195.307856,-1891.170053,-3614.567336,LG
22.06248846,-17.89997949,-117.8339878,5166.877134,-1734.743428,-3702.608853,LG
22.16320558,-17.16874331,-112.2987767,5132.94198,-1576.570062,-3786.629522,LG
22.23858285,-16.42117616,-106.6499242,5094.346085,-1416.875435,-3867.279614,LG
22.29549401,-15.65677355,-100.8986176,5050.3185,-1255.747863,-3943.747399,LG
22.32694471,-14.87753031,-95.04492826,5001.710553,-1093.415544,-4016.688501,LG
22.33983216,-14.0829768,-89.10022959,4947.763495,-929.9695945,-4085.300895,LG
22.32722533,-13.27513402,-83.06479971,4889.336127,-765.6403037,-4150.245863,LG
22.29604505,-12.45356412,-76.95017545,4825.681703,-600.520955,-4210.731364,LG
22.23942362,-11.62031121,-70.75681863,4757.666296,-434.8432928,-4267.42461,LG
22.16430547,-10.77496605,-64.49640592,4684.554927,-268.7021276,-4319.543791,LG
22.06388608,-9.919592695,-58.16955901,4607.220699,-102.330016,-4367.762291,LG
21.94513334,-9.053807269,-51.78807034,4524.940131,64.17735028,-4411.308744,LG
21.8013055,-8.179690447,-45.35269701,4438.593077,230.5872489,-4450.862917,LG
21.63939361,-7.296880393,-38.87532268,4347.467243,396.8037553,-4485.664069,LG
21.45271818,-6.407471058,-32.35681496,4252.448923,562.5946295,-4516.398526,LG
21.2482929,-5.511119215,-25.80912366,4152.836667,727.864363,-4542.316321,LG
21.01949984,-4.609928667,-19.23320165,4049.522862,892.3818445,-4564.110479,LG
20.77337468,-3.70357132,-12.64103959,3941.816524,1056.052628,-4581.04192,LG
20.5033602,-2.794157351,-6.03365001,3830.61575,1218.647375,-4593.810478,LG
20.21651323,-1.881370277,0.576961135,3715.239615,1380.073342,-4601.688035,LG
19.90633624,-0.967323128,7.189747355,3596.591513,1540.103599,-4605.381308,LG
19.57990622,-0.051707482,13.7927131,3474.000136,1698.647742,-4604.173187,LG
19.23078415,0.863364324,20.38480373,3348.373735,1855.481876,-4598.777305,LG
18.86606604,1.778196221,26.95405979,3219.05015,2010.51856,-4588.487568,LG
18.47937003,2.690680118,33.49944425,3086.942018,2163.537553,-4574.02453,LG
18.07780988,3.601119035,40.00905938,2951.395829,2314.454986,-4554.693084,LG
17.65505939,4.507412677,46.4819114,2813.328112,2463.054875,-4531.22067,LG
17.21824861,5.409866715,52.90618977,2672.093485,2609.25752,-4502.923107,LG
16.76110542,6.306392187,59.28096933,2528.611845,2752.851783,-4470.534652,LG
16.29077453,7.197300959,65.59455187,2382.245396,2893.762713,-4433.38195,LG
15.80103613,8.080518902,71.84610597,2233.916862,3031.784582,-4392.205974,LG
15.29904793,8.956367578,78.02407053,2082.995462,3166.84775,-4346.344062,LG
14.77864051,9.822791155,84.12773248,1930.406187,3298.752452,-4296.543763,LG
14.24698271,10.68012434,90.14569213,1775.524688,3427.434892,-4242.152942,LG
13.69795349,11.52633299,96.07737887,1619.277637,3552.701792,-4183.925552,LG
13.13873086,12.36176836,101.9115782,1461.046519,3674.495718,-4121.219786,LG
12.56324006,13.18442132,107.6478853,1301.759093,3792.63038,-4054.795795,LG
11.97866616,13.99466296,113.2752941,1140.80206,3907.055193,-3984.021864,LG
11.37897842,14.79051242,118.7935884,979.1036559,4017.591328,-3909.664105,LG
10.77136683,15.57236384,124.1919925,816.0551702,4124.195511,-3831.100632,LG
10.14984232,16.33826778,129.470501,652.584697,4226.696819,-3749.10325,LG
9.521597518,17.08864454,134.6185901,488.0874779,4325.059718,-3663.059604,LG
8.880682613,17.82157913,139.6364863,323.4908367,4419.121607,-3573.74689,LG
8.23429049,18.537521,144.513938,158.1933231,4508.855095,-3480.561961,LG
7.576508094,19.23459251,149.2514237,-6.879142939,4594.106281,-3384.287074,LG
6.914526147,19.91327515,153.8389838,-172.3253518,4674.856285,-3284.327938,LG
6.242465758,20.57173141,158.2773675,-337.2214237,4750.960257,-3181.471515,LG
5.567512985,21.21047752,162.5569257,-502.1641393,4822.408157,-3075.131983,LG
4.883820469,21.82771875,166.6786964,-666.2322966,4889.064502,-2966.10063,LG
4.198567043,22.42400864,170.6333581,-830.0213155,4950.928391,-2853.799697,LG
3.505934188,22.99759772,174.4222542,-992.6133071,5007.873984,-2739.024389,LG
2.813090914,23.54907927,178.0364069,-1154.602977,5059.909777,-2621.20458,LG
2.114244813,24.07675135,181.4774806,-1315.076379,5106.919815,-2501.138958,LG
1.41655243,24.58124925,184.7368557,-1474.628146,5148.922214,-2378.264578,LG
0.714244714,25.06092072,187.8165318,-1632.3489,5185.811106,-2253.38316,LG
0.014463082,25.51644509,190.7082609,-1788.83383,5217.614412,-2125.938466,LG
-0.688540939,25.94622176,193.4143905,-1943.178741,5244.236511,-1996.734774,LG
-1.387643733,26.35097598,195.9270561,-2095.980001,5265.715273,-1865.22206,LG
-2.088575982,26.72916058,198.2489645,-2246.3392,5281.96545,-1732.206672,LG
-2.78423455,27.08154843,200.3726452,-2394.854492,5293.034965,-1597.144291,LG
-3.480335108,27.4066473,202.3011739,-2540.633841,5298.849025,-1460.842826,LG
-4.169797671,27.70527918,204.0274833,-2684.277781,5299.46567,-1322.763139,LG
-4.85832567,27.97600818,205.5550265,-2824.90122,5294.820605,-1183.714183,LG
-5.538864921,28.21970666,206.8771466,-2963.107645,5284.982009,-1043.161462,LG
-6.21710936,28.43499622,207.9976808,-3098.019464,5269.896087,-901.9144431,LG
-6.886033227,28.62280066,208.9103887,-3230.24367,5249.641141,-759.4427225,LG
-7.55132367,28.7818,209.6194968,-3358.9107,5224.173837,-616.5557392,LG
-8.20598594,28.91297034,210.1191854,-3484.63159,5193.582541,-472.7266285,LG
-8.855703058,29.01505085,210.4140739,-3606.545313,5157.834301,-328.7642512,LG
-9.493513818,29.08907054,210.498766,-3725.267452,5117.027448,-184.1447187,LG
-10.12509972,29.13382824,210.3782762,-3839.946001,5071.13929,-39.67575975,LG
-10.74353559,29.15040626,210.0476327,-3951.201575,5020.277987,105.1641051,LG
-11.35450393,29.13766339,209.5122451,-4058.191641,4964.43095,249.568836,LG
-11.95111799,29.09673545,208.7675657,-4161.542298,4903.715986,394.0580721,LG
-12.53906378,29.0265412,207.8193983,-4260.420917,4838.13041,537.8280206,LG
-13.11149526,28.92826992,206.663617,-4355.459503,4767.801462,681.3970489,LG
-13.67410433,28.80090019,205.3064167,-4445.835724,4692.736121,823.9641677,LG
-14.22008792,28.64567451,203.7440899,-4532.187885,4613.070806,966.0470389,LG
-14.7551461,28.46163088,201.983218,-4613.704315,4528.821888,1106.84803,LG
-15.27252089,28.25006451,200.0205063,-4691.029977,4440.13467,1246.884658,LG
-15.77792269,28.01007221,197.8629172,-4763.364191,4347.034605,1385.363194,LG
-16.26464068,27.7430012,195.5075617,-4831.358901,4249.675553,1522.801566,LG
-16.73839768,27.44800627,192.9617753,-4894.224714,4148.091703,1658.41049,LG
-17.19253188,27.12648574,190.2230666,-4952.620843,4042.445111,1792.708846,LG
-17.63278048,26.77765129,187.2991349,-5005.769437,3932.778321,1924.912324,LG
-18.05253252,26.40295121,184.1878764,-5054.337234,3819.261188,2055.541296,LG
-18.45754138,26.00165285,180.8973437,-5097.558147,3701.9442,2183.816938,LG
-18.84124859,25.57525309,177.4258093,-5136.106647,3581.004588,2310.261634,LG
-19.20942541,25.12307346,173.7816668,-5169.228595,3456.500339,2434.102554,LG
-19.55556739,24.64665791,169.963552,-5197.606373,3328.615601,2555.864596,LG
-19.88546522,24.14538048,165.9801865,-5220.497933,3197.415391,2674.78141,LG
-20.19266983,23.62083041,161.8305548,-5238.593701,3063.090291,2791.380898,LG
-20.48299278,23.07243241,157.5236916,-5251.163824,2925.711848,2904.903656,LG
-20.75004159,22.50181908,153.0589148,-5258.90687,2785.476566,3015.881063,LG
-20.99964991,21.9084637,148.445556,-5261.105246,2642.461999,3123.561108,LG
-21.22548297,21.29404012,143.6832498,-5258.465715,2496.870039,3228.479091,LG
-21.4333976,20.658068,138.781607,-5250.282964,2348.783701,3329.890824,LG
-21.61711763,20.0022601,133.7405611,-5237.271973,2198.409709,3428.335953,LG
-21.78252403,19.32618004,128.5699838,-5218.739692,2045.835969,3523.078516,LG
-21.92339998,18.63157707,123.270088,-5195.409286,1891.273462,3614.662906,LG
-22.04565135,17.91805619,117.850987,-5166.599916,1734.8144,3702.361763,LG
-22.14312127,17.18740049,112.3131528,-5133.042867,1576.673424,3786.724601,LG
-22.22174111,16.43925367,106.6669196,-5094.06941,1416.946452,3867.033014,LG
-22.27541437,15.67542987,100.9129974,-5050.418846,1255.851179,3943.841988,LG
-22.31009836,14.89560863,95.06191986,-5001.434419,1093.486607,4016.44239,LG
-22.31975718,14.10163227,89.11461309,-4947.863301,930.072864,4085.394995,LG
-22.31037437,13.29321315,83.08178754,-4889.060533,765.7114121,4150.000241,LG
-22.27597473,12.47221873,76.96456265,-4825.780971,600.6241781,4210.824978,LG
-22.22256806,11.63839113,70.77380269,-4757.39124,434.9144466,4267.179475,LG
-22.14423979,10.79361981,64.51079682,-4684.653659,268.8053045,4319.636919,LG
-22.04702595,9.937673423,58.18653932,-4606.94618,102.401215,4367.517641,LG
-21.92507229,9.072460182,51.80246492,-4525.038328,-64.07421946,4411.401387,LG
-21.78444081,8.197771972,45.36967358,-4438.319093,-230.5160047,4450.61875,LG
-21.61933717,7.31553246,38.88972094,-4347.564906,-396.7006705,4485.756229,LG
-21.43584893,6.425553379,32.37378779,-4252.175473,-562.5233403,4516.154842,LG
-21.22824105,5.529770439,25.82352558,-4152.933799,-727.7613239,4542.407999,LG
-21.00262605,4.628011781,19.25017077,-4049.249944,-892.3105105,4563.867277,LG
-20.75332742,3.722221703,12.65544516,-3941.913125,-1055.949635,4581.133118,LG
-20.48648188,2.812241256,6.050615419,-3830.343363,-1218.575996,4593.567755,LG
-20.19647054,1.900019822,-0.562551925,-3715.335687,-1379.970394,4601.778755,LG
-19.88945341,0.985407821,-7.172785645,-3596.319655,-1540.032175,4605.139064,LG
-19.5598681,0.07035619,-13.77830026,-3474.09568,-1698.544839,4604.263429,LG
-19.21389682,-0.845278844,-20.36784571,-3348.102404,-1855.410409,4598.535538,LG
-18.84603246,-1.759548346,-26.93964333,-3219.145168,-2010.415703,4588.577334,LG
-18.46247822,-2.672593854,-33.4824899,-3086.671213,-2163.466041,4573.783239,LG
-18.05778083,-3.582471992,-39.99463931,-2951.490324,-2314.352174,4554.782375,LG
-17.63816311,-4.489325631,-46.46496073,-2813.057832,-2462.983319,4530.979853,LG
-17.19822409,-5.391220501,-52.8917661,-2672.187456,-2609.154754,4503.011925,LG
-16.74420467,-6.288304363,-59.26402231,-2528.342088,-2752.780183,4470.294308,LG
-16.27075451,-7.178655572,-65.58012461,-2382.338846,-2893.659991,4433.470296,LG
-15.78413094,-8.062430301,-71.8291626,-2233.647626,-3031.712938,4391.966101,LG
-15.27903241,-8.937723016,-78.0096397,-2083.088393,-3166.745073,4346.431937,LG
-14.76173088,-9.804701779,-84.11079274,-1930.137471,-3298.680764,4296.30436,LG
-14.22697167,-10.6614806,-90.13125772,-1775.6171,-3427.332259,4242.240348,LG
-13.68103944,-11.50824285,-96.06044276,-1619.00944,-3552.63006,4183.686619,LG
-13.1187243,-12.34312544,-101.8971402,-1461.138414,-3674.39313,4121.306724,LG
-12.5463216,-13.1663304,-107.6309529,-1301.491413,-3792.558604,4054.557329,LG
-11.95866405,-13.97602085,-113.2608526,-1140.89344,-3906.95265,3984.108335,LG
-11.36205556,-14.77242073,-118.7766595,-978.8364917,-4017.519509,3909.426105,LG
-10.75136916,-15.55372255,-124.1775474,-816.1460359,-4124.093012,3831.186638,LG
-10.13291508,-16.32017533,-129.4535757,-652.3180469,-4226.624956,3748.865715,LG
-9.501604286,-17.07000407,-134.6041415,-488.1778312,-4324.957263,3663.145146,LG
-8.863750997,-17.80348592,-139.6195646,-323.2246993,-4419.049701,3573.509818,LG
-8.214301677,-18.51888134,-144.4994859,-158.2831653,-4508.752684,3480.64704,LG
-7.55957212,-19.21649853,-149.2345056,7.144769243,-4594.034333,3384.050465,LG
-6.89454174,-19.89463629,-153.8245282,172.2360191,-4674.753918,3284.412556,LG
-6.225525437,-20.55363667,-158.260453,337.4865403,-4750.888265,3181.235366,LG
-5.547532972,-21.19183947,-162.5424666,502.0753147,-4822.305833,3075.216141,LG
-4.866875814,-21.80962326,-166.6617854,666.4969049,-4888.992468,2965.864941,LG
-4.178591411,-22.4053714,-170.6188955,829.9329974,-4950.826111,2853.883397,LG
-3.488985212,-22.97950148,-174.4053468,992.8774086,-5007.801906,2738.789158,LG
-2.793119651,-23.53044283,-178.0219408,1154.515164,-5059.807541,2621.287822,LG
-2.097291527,-24.05865436,-181.4605767,1315.339976,-5106.847695,2500.904184,LG
-1.396585524,-24.56261361,-184.7223862,1474.540837,-5148.820021,2378.347364,LG
-0.697287132,-25.04282297,-187.7996314,1632.611993,-5185.738944,2253.148842,LG
0.00549948,-25.49781024,-190.6937879,1788.747023,-5217.512262,2126.020797,LG
0.705502805,-25.92812326,-193.3974936,1943.441331,-5244.164306,1996.50091,LG
1.407601963,-26.33234194,-195.9125797,2095.893695,-5265.613167,1865.303938,LG
2.10554212,-26.71106134,-198.2320711,2246.601289,-5281.893203,1731.973262,LG
2.80418846,-27.06291517,-200.3581653,2394.768685,-5292.932902,1597.225716,LG
3.497305505,-27.38854732,-202.284284,2540.89543,-5298.776736,1460.609868,LG
4.189747274,-27.68664672,-204.013,2684.192472,-5299.36365,1322.844114,LG
4.875300314,-27.95790746,-205.5381401,2825.162311,-5294.748274,1183.481675,LG
5.55881023,-28.20107498,-206.8626599,2963.022833,-5284.880031,1043.241988,LG
6.234088239,-28.41689476,-207.9807979,3098.280058,-5269.823714,901.682384,LG
6.905974253,-28.60416977,-208.8958986,3230.159353,-5249.539206,759.5227997,LG
7.568306772,-28.76369781,-209.6026173,3359.1708,-5224.101423,616.324128,LG
8.225922696,-28.89434023,-210.1046919,3484.547767,-5193.480649,472.8062587,LG
8.87269037,-28.99694792,-210.3971979,3606.804918,-5157.761845,328.5330866,LG
9.513446315,-29.07044121,-210.4842692,3725.184121,-5116.925598,184.2239032,LG
10.14209124,-29.11572457,-210.3614036,3840.205114,-5071.066793,39.44504043,LG
10.76346384,-29.13177772,-210.0331324,3951.118734,-5020.17618,-105.085365,LG
11.37149963,-29.119559,-209.4953759,4058.450263,-4964.358411,-249.7991113,LG
11.971042,-29.07810769,-208.7530621,4161.459947,-4903.614221,-393.9797751,LG
12.55606365,-29.00843607,-207.8025326,4260.679049,-4838.05783,-538.0578531,LG
13.13141505,-28.90964293,-206.64911,4355.37764,-4767.699739,-681.3191937,LG
13.69110836,-28.78279434,-205.2895544,4446.093368,-4692.6635,-824.1935588,LG
14.24000351,-28.6270483,-203.7295795,4532.106508,-4612.969125,-965.9696243,LG
14.77215428,-28.44352431,-201.9663591,4613.961472,-4528.749225,-1107.076981,LG
15.29243227,-28.23143907,-200.0059927,4690.949086,-4440.03303,-1246.807682,LG
15.79493501,-27.99196491,-197.8460617,4763.620863,-4346.961901,-1385.591706,LG
16.28454788,-27.72437653,-195.4930447,4831.278494,-4249.573956,-1522.725029,LG
16.75541412,-27.42989826,-192.9449232,4894.480901,-4148.018959,-1658.638564,LG
17.21243491,-27.10786183,-190.2085463,4952.540918,-4042.343555,-1792.632746,LG
17.64980105,-26.75954256,-187.2822861,5006.025142,-3932.705536,-1925.139962,LG
18.07243139,-26.38432807,-184.1733527,5054.25779,-3819.159673,-2055.465631,LG
18.47456605,-25.9835434,-180.8804984,5097.81337,-3701.871375,-2184.044141,LG
18.8611433,-25.55663071,-177.4112823,5136.027682,-3580.903115,-2310.186404,LG
19.22645417,-25.1049633,-173.7648248,5169.483339,-3456.427473,-2434.329323,LG
19.57545796,-24.62803629,-169.9490218,5197.527887,-3328.514169,-2555.789799,LG
19.90249806,-24.12726961,-165.9633478,5220.752198,-3197.342485,-2675.007746,LG
20.21255628,-23.60220955,-161.8160213,5238.515692,-3062.988901,-2791.306532,LG
20.50002968,-23.05432084,-157.5068563,5251.417612,-2925.638902,-2905.129561,LG
20.76992392,-22.48319897,-153.044378,5258.829337,-2785.375216,-3015.807128,LG
21.01669087,-21.89035142,-148.428724,5261.358558,-2642.389012,-3123.786582,LG
21.2453612,-21.27542077,-143.6687097,5258.388655,-2496.768731,-3228.405585,LG
21.4504426,-20.63995501,-138.7647784,5250.535802,-2348.710675,-3330.115869,LG
21.63699177,-19.9836415,-133.7260178,5237.195386,-2198.308441,-3428.262876,LG
21.79957306,-19.30806636,-128.5531585,5218.992057,-2045.762903,-3523.303134,LG
21.94327004,-18.61295922,-123.2555415,5195.333171,-1891.172235,-3614.590256,LG
22.0627044,-17.89994181,-117.834165,5166.851809,-1734.741293,-3702.585954,LG
22.16298726,-17.16878339,-112.298603,5132.967222,-1576.572238,-3786.652376,LG
22.23879817,-16.42113858,-106.6501008,5094.320833,-1416.873307,-3867.25678,LG
22.2952763,-15.65681352,-100.8984444,5050.34367,-1255.750033,-3943.770187,LG
22.32715941,-14.87749285,-95.04510437,5001.685373,-1093.413422,-4016.665732,LG
22.33961507,-14.08301665,-89.10005689,4947.788592,-929.9717584,-4085.323618,LG
22.32743942,-13.27509667,-83.06497532,4889.311019,-765.6381876,-4150.22316,LG
22.29582858,-12.45360386,-76.95000325,4825.706729,-600.5231128,-4210.754022,LG
22.23963708,-11.62027397,-70.75699374,4757.641259,-434.8411828,-4267.401972,LG
22.16408962,-10.77500569,-64.49623422,4684.579881,-268.7042793,-4319.566384,LG
22.06409893,-9.919555567,-58.16973362,4607.195735,-102.327912,-4367.739718,LG
21.94491811,-9.053846791,-51.78789913,4524.965013,64.17520466,-4411.331272,LG
21.80151774,-8.179653429,-45.35287113,4438.568184,230.5893468,-4450.840408,LG
21.63917899,-7.296919805,-38.87515197,4347.492054,396.8016158,-4485.686533,LG
21.4529298,-6.40743415,-32.35698858,4252.424101,562.5967213,-4516.376082,LG
21.24807889,-5.511158517,-25.80895345,4152.861407,727.8622295,-4542.33872,LG
21.01971085,-4.609891868,-19.23337478,4049.498112,892.3839303,-4564.088099,LG
20.77316128,-3.703610514,-12.64086987,3941.841193,1056.050501,-4581.064255,LG
20.5035706,-2.794120662,-6.033822645,3830.591071,1218.649454,-4593.788162,LG
20.21630044,-1.881409361,0.577130365,3715.264213,1380.07122,-4601.710306,LG
19.90654603,-0.967286548,7.18957521,3596.566904,1540.105673,-4605.359056,LG
19.57969404,-0.051746457,13.79288184,3474.024663,1698.645626,-4604.195394,LG
19.23099334,0.863400795,20.38463207,3348.349197,1855.483944,-4598.755117,LG
18.86585446,1.778157353,26.95422804,3219.074607,2010.516451,-4588.509712,LG
18.47957862,2.690716481,33.49927308,3086.91755,2163.539615,-4574.002406,LG
18.0775989,3.601080275,40.00922715,2951.420216,2314.452882,-4554.715164,LG
17.65526738,4.507448931,46.48174072,2813.303714,2463.056931,-4531.198609,LG
17.21803823,5.409828063,52.90635705,2672.117802,2609.255423,-4502.945124,LG
16.7613128,6.306428334,59.28079913,2528.587517,2752.853833,-4470.512654,LG
16.29056475,7.197262414,65.59471867,2382.269643,2893.760621,-4433.403904,LG
15.80124292,8.080554941,71.84593626,2233.892603,3031.786626,-4392.184039,LG
15.29883875,8.956329141,78.02423685,2083.01964,3166.845664,-4346.365953,LG
14.7788467,9.822827087,84.12756325,1930.381998,3298.75449,-4296.521891,LG
14.24677412,10.68008601,90.14585796,1775.548796,3427.432812,-4242.17477,LG
13.69815909,11.52636882,96.07721012,1619.253517,3552.703824,-4183.903743,LG
13.13852287,12.36173013,101.9117435,1461.070558,3674.493644,-4121.241552,LG
12.56344506,13.18445704,107.6477171,1301.735043,3792.632406,-4054.774048,LG
11.97845876,13.99462484,113.2754589,1140.82603,3907.053125,-3984.043567,LG
11.37918283,14.79054803,118.7934206,979.0796742,4017.593349,-3909.64242,LG
10.77116002,15.57232583,124.1921568,816.0790713,4124.193449,-3831.122273,LG
10.15004614,16.33830329,129.4703337,652.560784,4226.698833,-3749.081627,LG
9.5213913,17.08860664,134.618754,488.1113104,4325.057662,-3663.081183,LG
8.880885841,17.82161453,139.6363194,323.4669922,4419.123616,-3573.725329,LG
8.234084859,18.5374832,144.5141015,158.2170872,4508.853044,-3480.583477,LG
7.576710736,19.23462781,149.2512573,-6.902919165,4594.108284,-3384.265576,LG
6.914321101,19.91323745,153.8391467,-172.3016559,4674.85424,-3284.349393,LG
6.242667815,20.5717666,158.2772016,-337.2451318,4750.962254,-3181.450078,LG
5.567308524,21.21043993,162.5570882,-502.1405114,4822.406117,-3075.153376,LG
4.884021942,21.82775383,166.678531,-666.2559368,4889.066494,-2966.079254,LG
4.198363163,22.42397116,170.6335201,-829.9977554,4950.926357,-2853.82103,LG
3.50613508,22.9976327,174.4220893,-992.6368795,5007.87597,-2739.003075,LG
2.812887615,23.54904188,178.0365684,-1154.579484,5059.907749,-2621.225851,LG
2.114445124,24.07678623,181.4773161,-1315.099884,5106.921795,-2501.117704,LG
1.41634971,24.58121197,184.7370168,-1474.604721,5148.920192,-2378.285788,LG
0.714444447,25.06095549,187.8163678,-1632.372338,5185.813081,-2253.361968,LG
0.014260939,25.51640791,190.7084215,-1788.810472,5217.612395,-2125.959615,LG
-0.688341783,25.94625643,193.414227,-1943.202112,5244.23848,-1996.713642,LG
-1.3878453,26.35093891,195.9272163,-2095.95671,5265.713262,-1865.243149,LG
-2.088377401,26.72919515,198.2488014,-2246.362503,5281.967413,-1732.185602,LG
-2.784435543,27.08151146,200.3728049,-2394.831268,5293.03296,-1597.165319,LG
-3.4801371,27.40668177,202.3010113,-2540.657078,5298.850983,-1460.821816,LG
-4.169998092,27.70524231,204.0276425,-2684.254623,5299.463671,-1322.784106,LG
-4.858128234,27.97604255,205.5548644,-2824.92439,5294.822556,-1183.693233,LG
-5.539064772,28.21966989,206.8773054,-2963.084554,5284.980015,-1043.18237,LG
-6.216912494,28.43503048,207.9975191,-3098.042567,5269.898033,-901.8935527,LG
-6.886232509,28.62276399,208.910547,-3230.220646,5249.639153,-759.4635702,LG
-7.551127372,28.78183416,209.6193356,-3358.933738,5224.175778,-616.5349087,LG
-8.206184654,28.91293377,210.1193432,-3484.608632,5193.580559,-472.7474164,LG
-8.855507327,29.01508491,210.4139131,-3606.568285,5157.836236,-328.7434805,LG
-9.493711966,29.08903407,210.4989234,-3725.24456,5117.025471,-184.165447,LG
-10.12490456,29.13386219,210.3781159,-3839.968907,5071.14122,-39.65504852,LG
-10.74373317,29.1503699,210.0477896,-3951.178748,5020.276016,105.1434362,LG
-11.35430933,29.13769725,209.5120852,-4058.214481,4964.432874,249.5894878,LG
-11.95131501,29.09669919,208.7677222,-4161.519537,4903.714021,394.0374625,LG
-12.53886974,29.02657495,207.8192389,-4260.443692,4838.132329,537.8486133,LG
-13.11169172,28.92823376,206.663773,-4355.436807,4767.799502,681.3764984,LG
-13.67391085,28.80093384,205.3062578,-4445.858434,4692.738034,823.9847014,LG
-14.22028382,28.64563845,203.7442455,-4532.165254,4613.068851,966.0265473,LG
-14.75495318,28.46166443,201.9830595,-4613.72696,4528.823795,1106.868505,LG
-15.27271623,28.25002855,200.0206615,-4691.007411,4440.13272,1246.864225,LG
-15.77773033,28.01010566,197.8627591,-4763.386771,4347.036506,1385.38361,LG
-16.26483547,27.74296534,195.5077164,-4831.3364,4249.673609,1522.781192,LG
-16.73820587,27.44803962,192.9616177,-4894.247229,4148.0936,1658.430847,LG
-17.19272611,27.12644998,190.2232208,-4952.598406,4042.443173,1792.688531,LG
-17.63258923,26.77768454,187.2989777,-5005.791888,3932.780211,1924.932624,LG
-18.0527262,26.40291555,184.1880302,-5054.314862,3819.259255,2055.521038,LG
-18.45735068,26.001686,180.897187,-5097.580533,3701.946085,2183.83718,LG
-18.84144172,25.57521752,177.4259626,-5136.084339,3581.00266,2310.241435,LG
-19.20923526,25.12310651,173.7815106,-5169.250917,3456.502219,2434.122737,LG
-19.55575997,24.64662244,169.9637049,-5197.584129,3328.613679,2555.844455,LG
-19.88527562,24.14541343,165.9800307,-5220.520191,3197.417266,2674.801535,LG
-20.19286187,23.62079505,161.8307073,-5238.571521,3063.088375,2791.360814,LG
-20.48280373,23.07246527,157.5235362,-5251.186018,2925.713717,2904.923724,LG
-20.75023307,22.50178381,153.0590668,-5258.884754,2785.474655,3015.861037,LG
-20.99946141,21.90849646,148.4454011,-5261.127376,2642.463862,3123.581118,LG
-21.22567391,21.29400495,143.6834013,-5258.443662,2496.868133,3228.459122,LG
-21.43320964,20.65810066,138.7814525,-5250.305032,2348.785559,3329.910777,LG
-21.61730803,20.00222502,133.7407122,-5237.249983,2198.407809,3428.316042,LG
-21.78233661,19.3262126,128.5698298,-5218.761696,2045.837822,3523.098412,LG
-21.92358983,18.63154209,123.2702387,-5195.38736,1891.271567,3614.643052,LG
-22.04546447,17.91808866,117.8508334,-5166.621858,1734.816247,3702.381601,LG
-22.14331058,17.18736561,112.3133031,-5133.021004,1576.671535,3786.704804,LG
-22.22155477,16.43928604,106.6667664,-5094.091289,1416.948294,3867.052796,LG
-22.27560314,15.67539509,100.9131472,-5050.397045,1255.849294,3943.822247,LG
-22.30991256,14.8956409,95.06176709,-5001.456235,1093.488444,4016.462115,LG
-22.31994542,14.10159758,89.11476248,-4947.841563,930.0709851,4085.375311,LG
-22.31018911,13.29324532,83.0816352,-4889.082286,765.7132436,4150.019909,LG
-22.27616243,12.47218414,76.96471161,-4825.759296,600.6223045,4210.80535,LG
-22.22238334,11.63842321,70.77365079,-4757.412931,434.9162728,4267.199087,LG
-22.14442696,10.79358532,64.51094535,-4684.632045,268.8034361,4319.617348,LG
-22.04684175,9.937705406,58.18638785,-4606.967809,102.403036,4367.537197,LG
-21.92525892,9.072425782,51.80261301,-4525.016776,-64.07608256,4411.381872,LG
-21.78425714,8.197803859,45.36952254,-4438.34066,-230.514189,4450.63825,LG
-21.61952328,7.315498156,38.8898686,-4347.543416,-396.7025283,4485.73677,LG
-21.4356658,6.425585171,32.37363718,-4252.196978,-562.5215299,4516.174286,LG
-21.22842663,5.529736229,25.82367282,-4152.912371,-727.7631766,4542.388596,LG
-21.00244345,4.628043478,19.25002058,-4049.271388,-892.3087053,4563.886665,LG
-20.75351247,3.722187589,12.65559197,-3941.891759,-1055.951482,4581.113771,LG
-20.48629981,2.812272858,6.05046566,-3830.364745,-1218.574196,4593.587088,LG
-20.19665507,1.899985801,-0.562405539,-3715.314382,-1379.972236,4601.759463,LG
-19.88927186,0.985439329,-7.172934978,-3596.340976,-1540.030381,4605.158341,LG
-19.56005209,0.070322263,-13.7781543,-3474.074436,-1698.546676,4604.244192,LG
-19.2137158,-0.84524743,-20.36799462,-3348.123664,-1855.408619,4598.55476,LG
-18.84621593,-1.759582179,-26.93949779,-3219.123985,-2010.417535,4588.558152,LG
-18.46229772,-2.672562534,-33.48263839,-3086.692412,-2163.464257,4573.802406,LG
-18.05796378,-3.582505731,-39.9944942,-2951.469201,-2314.354001,4554.763249,LG
-17.63798313,-4.489294405,-46.46510879,-2813.07897,-2462.981539,4530.998965,LG
-17.19840652,-5.391254147,-52.8916214,-2672.166395,-2609.156575,4502.992853,LG
-16.74402521,-6.28827323,-59.26416995,-2528.363166,-2752.778409,4470.313365,LG
-16.27093642,-7.178689125,-65.57998034,-2382.317845,-2893.661807,4433.451279,LG
-15.783952,-8.062399261,-71.82930983,-2233.668644,-3031.711169,4391.985104,LG
-15.2792138,-8.937756476,-78.00949584,-2083.067452,-3166.746885,4346.412974,LG
-14.76155246,-9.804670832,-84.11093955,-1930.158428,-3298.679,4296.323308,LG
-14.22715255,-10.66151397,-90.13111428,-1775.596219,-3427.334065,4242.22144,LG
-13.68086153,-11.50821199,-96.06058915,-1619.030337,-3552.628301,4183.705513,LG
-13.11890466,-12.34315872,-101.8969972,-1461.117593,-3674.394931,4121.28787,LG
-12.5461442,-13.16629964,-107.6310988,-1301.512251,-3792.556851,4054.576168,LG
-11.9588439,-13.97605404,-113.2607099,-1140.872679,-3906.954446,3984.089535,LG
-11.36187868,-14.77239006,-118.7768051,-978.8572692,-4017.517761,3909.444891,LG
-10.7515485,-15.55375565,-124.1774052,-816.1253345,-4124.094803,3831.167892,LG
-10.13273871,-16.32014475,-129.4537209,-652.3387649,-4226.623213,3748.884447,LG
-9.501783113,-17.07003707,-134.6039997,-488.1571891,-4324.959049,3663.126454,LG
-8.863575135,-17.80345543,-139.6197093,-323.245358,-4419.047963,3573.528496,LG
-8.214479995,-18.51891425,-144.4993446,-158.2625825,-4508.754465,3480.628401,LG
-7.559396766,-19.21646814,-149.2346499,7.124169722,-4594.032599,3384.06909,LG
-6.894719551,-19.89466911,-153.8243872,172.2565428,-4674.755693,3284.393971,LG
-6.22535059,-20.55360637,-158.2605969,337.4659998,-4750.886536,3181.253938,LG
-5.547710278,-21.1918722,-162.5423261,502.0957794,-4822.307604,3075.197609,LG
-4.866701472,-21.80959304,-166.6619289,666.4764232,-4888.990744,2965.883459,LG
-4.178768212,-22.40540404,-170.6187553,829.9534034,-4950.827877,2853.864918,LG
-3.488811374,-22.97947135,-174.4054899,992.8569856,-5007.800188,2738.807623,LG
-2.793295949,-23.53047538,-178.0218011,1154.535511,-5059.809301,2621.269396,LG
-2.097118192,-24.05862432,-181.4607194,1315.319611,-5106.845981,2500.922596,LG
-1.396761321,-24.56264607,-184.7222468,1474.561126,-5148.821777,2378.328991,LG
-0.697114297,-25.04279303,-187.7997737,1632.591686,-5185.737235,2253.167201,LG
0.005324183,-25.49784261,-190.693649,1788.767254,-5217.514013,2126.002477,LG
0.70567514,-25.92809341,-193.3976355,1943.421083,-5244.162602,1996.519217,LG
1.407427165,-26.33237422,-195.9124412,2095.913867,-5265.614913,1865.28567,LG
2.105713957,-26.71103158,-198.2322126,2246.581098,-5281.891504,1731.991516,LG
2.804014159,-27.06294736,-200.3580272,2394.7888,-5292.934643,1597.207501,LG
3.497476845,-27.38851765,-202.2844251,2540.875298,-5298.775042,1460.62807,LG
4.189573469,-27.68667882,-204.0128623,2684.212529,-5299.365386,1322.82595,LG
4.875471159,-27.95787788,-205.5382808,2825.142236,-5294.746585,1183.499825,LG
5.558636919,-28.201107,-206.8625226,2963.042832,-5284.881763,1043.223877,LG
6.23425859,-28.41686526,-207.9809382,3098.260041,-5269.82203,901.7004818,LG
6.905801436,-28.60420169,-208.8957617,3230.179295,-5249.540933,759.5047406,LG
7.56847663,-28.7636684,-209.6027572,3359.15084,-5224.099743,616.3421739,LG
8.225750369,-28.89437207,-210.1045553,3484.567652,-5193.482371,472.7882514,LG
8.872859738,-28.9969186,-210.3973374,3606.785016,-5157.760171,328.5510808,LG
9.513274479,-29.07047296,-210.484133,3725.203949,-5116.927315,184.2059475,LG
10.14226011,-29.11569534,-210.3615427,3840.185269,-5071.065123,39.46298305,LG
10.76329249,-29.13180938,-210.0329967,3951.138505,-5020.177892,-105.1032692,LG
11.37166802,-29.11952986,-209.4955146,4058.430474,-4964.356746,-249.7812201,LG
11.97087114,-29.07813926,-208.7529267,4161.479661,-4903.615929,-393.997628,LG
12.55623155,-29.00840702,-207.8026709,4260.659317,-4838.05617,-538.0400132,LG
13.13124468,-28.90967442,-206.6489751,4355.397297,-4767.701441,-681.3369954,LG
13.69127578,-28.78276537,-205.2896924,4446.073692,-4692.661845,-824.17577,LG
14.23983362,-28.6270797,-203.729445,4532.126109,-4612.970822,-965.9873749,LG
14.77232121,-28.44349542,-201.9664966,4613.941853,-4528.747575,-1107.059243,LG
15.29226287,-28.23147038,-200.0058585,4690.968631,-4440.034723,-1246.825382,LG
15.79510147,-27.99193612,-197.8461988,4763.6013,-4346.960256,-1385.574019,LG
16.28437896,-27.72440776,-195.492911,4831.297983,-4249.575644,-1522.742678,LG
16.75558009,-27.42986955,-192.9450599,4894.461394,-4148.017318,-1658.620928,LG
17.21226646,-27.10789297,-190.2084129,4952.56035,-4042.345239,-1792.650344,LG
17.64996653,-26.75951394,-187.2824225,5006.005691,-3932.7039,-1925.122376,LG
18.07226342,-26.38435912,-184.1732197,5054.277167,-3819.161352,-2055.483179,LG
18.47473106,-25.98351487,-180.8806343,5097.793975,-3701.869743,-2184.026606,LG
18.86097581,-25.55666168,-177.4111497,5136.047004,-3580.904789,-2310.203902,LG
19.2266187,-25.10493485,-173.7649604,5169.463999,-3456.425846,-2434.311838,LG
19.57529095,-24.62806717,-169.9488896,5197.547153,-3328.515838,-2555.807246,LG
19.90266211,-24.12724124,-165.963483,5220.732913,-3197.340863,-2674.990311,LG
20.21238975,-23.60224035,-161.8158894,5238.534902,-3062.990565,-2791.323929,LG
20.50019327,-23.05429256,-157.5069911,5251.398382,-2925.637285,-2905.112176,LG
20.76975786,-22.48322969,-153.0442466,5258.848492,-2785.376876,-3015.824475,LG
21.01685398,-21.89032322,-148.4288585,5261.339383,-2642.3874,-3123.769247,LG
21.24519561,-21.2754514,-143.6685786,5258.407756,-2496.770386,-3228.422883,LG
21.45060524,-20.6399269,-138.7649124,5250.516683,-2348.709067,-3330.098584,LG
21.63682665,-19.98367204,-133.7258871,5237.214432,-2198.310092,-3428.280124,LG
21.79973523,-19.30803833,-128.5532922,5218.972992,-2045.7613,-3523.285898,LG
21.94310539,-18.61298968,-123.2554112,5195.352162,-1891.173881,-3614.607454,LG
22.0628661,-17.89991386,-117.8342983,5166.832799,-1734.739695,-3702.568767,LG
22.16282308,-17.16881377,-112.2984731,5132.986159,-1576.573879,-3786.669525,LG
22.2389594,-16.42111072,-106.6502337,5094.301877,-1416.871713,-3867.239643,LG
22.29511259,-15.65684381,-100.8983149,5050.362552,-1255.751669,-3943.787287,LG
22.32732018,-14.87746507,-95.04523692,5001.666472,-1093.411833,-4016.648644,LG
22.33945182,-14.08304687,-89.09992769,4947.80742,-929.9733903,-4085.340669,LG
22.32759972,-13.27506898,-83.06510749,4889.292171,-765.6366028,-4150.20612,LG
22.2956658,-12.45363399,-76.94987443,4825.725503,-600.5247401,-4210.771025,LG
22.23979692,-11.62024636,-70.75712554,4757.622466,-434.8396026,-4267.384982,LG
22.1639273,-10.77503573,-64.49610577,4684.598601,-268.705902,-4319.583338,LG
22.0642583,-9.91952804,-58.16986504,4607.176995,-102.3263364,-4367.722776,LG
21.94475625,-9.053876754,-51.78777106,4524.98368,64.1735865,-4411.348177,LG
21.80167665,-8.179625984,-45.35300218,4438.549498,230.5909178,-4450.823515,LG
21.63901759,-7.296949685,-38.87502427,4347.510666,396.8000022,-4485.703389,LG
21.45308826,-6.407406788,-32.35711926,4252.405469,562.5982878,-4516.359237,LG
21.24791795,-5.511188316,-25.80882611,4152.879966,727.8606204,-4542.355528,LG
21.01986884,-4.609864589,-19.23350509,4049.479533,892.3854923,-4564.071303,LG
20.77300079,-3.70364023,-12.6407429,3941.859699,1056.048896,-4581.081015,LG
20.50372814,-2.794093464,-6.033952586,3830.572545,1218.651012,-4593.771414,LG
20.21614041,-1.881438996,0.577256963,3715.282666,1380.06962,-4601.727018,LG
19.90670311,-0.967259432,7.189445638,3596.548431,1540.107226,-4605.342356,LG
19.57953446,-0.051776011,13.79300807,3474.043063,1698.644031,-4604.212058,LG
19.23114997,0.863427829,20.38450287,3348.330777,1855.485493,-4598.738464,LG
18.86569534,1.778127881,26.95435391,3219.092954,2010.51486,-4588.526328,LG
18.4797348,2.690743433,33.49914424,3086.899183,2163.541159,-4573.985801,LG
18.07744023,3.601050884,40.00935265,2951.43851,2314.451296,-4554.731732,LG
17.6554231,4.507475803,46.48161225,2813.2854,2463.058471,-4531.182052,LG
17.21788001,5.409798753,52.90648218,2672.136043,2609.253841,-4502.961644,LG
16.76146807,6.306455125,59.28067102,2528.569255,2752.855368,-4470.496144,LG
16.29040698,7.197233184,65.59484344,2382.287833,2893.759043,-4433.420377,LG
15.80139774,8.080581652,71.84580851,2233.874394,3031.788157,-4392.167576,LG
15.29868143,8.956299991,78.02436125,2083.037777,3166.844091,-4346.382379,LG
14.77900108,9.822853716,84.12743586,1930.36384,3298.756016,-4296.505475,LG
14.24661725,10.68005694,90.14598201,1775.566881,3427.431243,-4242.191149,LG
13.69831302,11.52639537,96.07708309,1619.235412,3552.705346,-4183.887375,LG
13.13836645,12.36170115,101.9118672,1461.088591,3674.49208,-4121.257884,LG
12.56359854,13.18448351,107.6475904,1301.716989,3792.633924,-4054.757726,LG
11.97830278,13.99459593,113.2755823,1140.844011,3907.051565,-3984.059852,LG
11.37933587,14.79057442,118.7932943,979.0616723,4017.594862,-3909.626145,LG
10.77100448,15.572297,124.1922798,816.0970011,4124.191893,-3831.138512,LG
10.15019874,16.3383296,129.4702077,652.5428337,4226.700342,-3749.065399,LG
9.521236201,17.08857788,134.6188766,488.1291887,4325.05611,-3663.097375,LG
8.881037997,17.82164076,139.6361938,323.4490933,4419.12512,-3573.709148,LG
8.233930201,18.53745452,144.5142237,158.2349141,4508.851497,-3480.599623,LG
7.576862451,19.23465396,149.2511321,-6.920766832,4594.109784,-3384.249441,LG
6.914166882,19.91320886,153.8392687,-172.2838802,4674.852697,-3284.365492,LG
6.242819091,20.57179267,158.2770768,-337.2629284,4750.963749,-3181.433989,LG
5.567154743,21.21041141,162.5572097,-502.1227867,4822.404579,-3075.169429,LG
4.884172781,21.82777983,166.6784065,-666.2736824,4889.067985,-2966.063211,LG
4.19820982,22.42394272,170.6336413,-829.9800816,4950.924823,-2853.837037,LG
3.506285482,22.99765862,174.4219651,-992.6545743,5007.877456,-2738.987078,LG
2.812734707,23.54901353,178.0366893,-1154.561861,5059.906219,-2621.241812,LG
2.114595091,24.07681207,181.4771923,-1315.117529,5106.923277,-2501.101753,LG
1.416197237,24.58118369,184.7371373,-1474.587149,5148.918667,-2378.301703,LG
0.71459398,25.06098125,187.8162443,-1632.389932,5185.814559,-2253.346062,LG
0.014108899,25.51637971,190.7085417,-1788.79295,5217.610874,-2125.975485,LG
-0.688192683,25.94628211,193.4141039,-1943.219655,5244.239954,-1996.697783,LG
-1.387996909,26.35091078,195.9273361,-2095.939238,5265.711745,-1865.258973,LG
-2.088228732,26.72922076,198.2486787,-2246.379996,5281.968883,-1732.169787,LG
-2.784586721,27.08148341,200.3729243,-2394.813846,5293.031448,-1597.181098,LG
-3.479988862,27.40670729,202.3008889,-2540.674521,5298.852448,-1460.806047,LG
-4.17014884,27.70521434,204.0277616,-2684.237252,5299.462162,-1322.79984,LG
-4.857980424,27.976068,205.5547423,-2824.941783,5294.824018,-1183.677509,LG
-5.539215092,28.219642,206.8774241,-2963.067233,5284.978511,-1043.198058,LG
-6.216765112,28.43505586,207.9973974,-3098.059911,5269.89949,-901.8778741,LG
-6.886382402,28.62273617,208.9106654,-3230.203374,5249.637653,-759.4792137,LG
-7.550980418,28.78185946,209.6192142,-3358.951032,5224.177231,-616.519275,LG
-8.206334121,28.91290603,210.1194613,-3484.59141,5193.579064,-472.763015,LG
-8.855360797,29.01511013,210.4137921,-3606.585529,5157.837685,-328.7278916,LG
-9.493861009,29.08900641,210.4990412,-3725.227387,5117.023979,-184.1810008,LG
-10.12475845,29.13388733,210.3779952,-3839.986102,5071.142664,-39.63950429,LG
-10.74388179,29.15034231,210.047907,-3951.161625,5020.274529,105.127927,LG
-11.35416365,29.13772232,209.5119648,-4058.231627,4964.434314,249.6049875,LG
-11.95146321,29.09667168,208.7678393,-4161.502463,4903.712538,394.0219977,LG
-12.53872447,29.02659994,207.8191188,-4260.460788,4838.133765,537.8640685,LG
-13.11183949,28.92820632,206.6638897,-4355.419782,4767.798023,681.361078,LG
-13.67376601,28.80095876,205.3061381,-4445.875481,4692.739466,824.0001124,LG
-14.22043118,28.64561109,203.7443618,-4532.148278,4613.067376,966.0111711,LG
-14.75480876,28.46168927,201.9829401,-4613.743958,4528.825223,1106.883871,LG
-15.27286317,28.25000126,200.0207775,-4690.990483,4440.13125,1246.848893,LG
-15.77758633,28.01013042,197.8626401,-4763.403721,4347.03793,1385.398933,LG
-16.26498199,27.74293813,195.5078321,-4831.319521,4249.672143,1522.765904,LG
-16.73806228,27.44806431,192.961499,-4894.26413,4148.095019,1658.446126,LG
-17.19287222,27.12642283,190.2233362,-4952.581575,4042.441711,1792.673286,LG
-17.63244606,26.77770916,187.2988594,-5005.808741,3932.781627,1924.947859,LG
-18.05287189,26.40288848,184.1881452,-5054.29808,3819.257797,2055.505838,LG
-18.45720793,26.00171054,180.897069,-5097.597338,3701.947497,2183.852371,LG
-18.84158699,25.57519053,177.4260773,-5136.067605,3581.001206,2310.226278,LG
-19.20909292,25.12313098,173.7813929,-5169.267674,3456.503626,2434.137885,LG
-19.55590483,24.64659552,169.9638193,-5197.567443,3328.612229,2555.829341,LG
-19.88513369,24.14543783,165.9799133,-5220.536899,3197.418669,2674.816639,LG
-20.19300632,23.6207682,161.8308213,-5238.554882,3063.086929,2791.345744,LG
-20.48266221,23.07248959,157.5234192,-5251.202679,2925.715116,2904.938785,LG
-20.75037712,22.50175704,153.0591805,-5258.868164,2785.473213,3015.84601,LG
-20.9993203,21.90852071,148.4452844,-5261.143989,2642.465257,3123.596136,LG
-21.22581754,21.29397825,143.6835147,-5258.427119,2496.866696,3228.444138,LG
-21.43306894,20.65812483,138.7813362,-5250.321597,2348.78695,3329.925752,LG
-21.61745125,20.0021984,133.7408252,-5237.233488,2198.406375,3428.301101,LG
-21.78219632,19.32623671,128.5697138,-5218.778214,2045.839209,3523.113344,LG
-21.92373265,18.63151554,123.2703514,-5195.370912,1891.270137,3614.628154,LG
-22.04532459,17.91811269,117.8507177,-5166.638328,1734.81763,3702.39649,LG
-22.143453,17.18733913,112.3134154,-5133.004603,1576.670109,3786.689948,LG
-22.22141529,16.43930999,106.666651,-5094.107712,1416.949673,3867.067643,LG
-22.27574515,15.67536868,100.9132593,-5050.380692,1255.847873,3943.807435,LG
-22.30977348,14.89566479,95.06165206,-5001.472612,1093.489819,4016.476919,LG
-22.32008703,14.10157124,89.11487419,-4947.825256,930.0695673,4085.360541,LG
-22.31005043,13.29326913,83.0815205,-4889.098616,765.7146145,4150.034671,LG
-22.27630363,12.47215788,76.964823,-4825.743036,600.6208907,4210.790622,LG
-22.22224506,11.63844695,70.77353641,-4757.429214,434.9176397,4267.213806,LG
-22.14456776,10.79355913,64.51105641,-4684.615832,268.8020264,4319.602662,LG
-22.04670388,9.937729074,58.18627379,-4606.984045,102.4043989,4367.551874,LG
-21.92539932,9.072399662,51.80272375,-4525.00061,-64.07748839,4411.367229,LG
-21.78411967,8.197827456,45.36940881,-4438.356849,-230.51283,4450.652885,LG
-21.61966328,7.315472106,38.88997902,-4347.527296,-396.7039302,4485.722168,LG
-21.43552872,6.425608696,32.37352377,-4252.213121,-562.5201748,4516.18888,LG
-21.22856624,5.529710251,25.82378291,-4152.896297,-727.7645745,4542.374036,LG
-21.00230677,4.628066932,19.24990749,-4049.287485,-892.3073542,4563.901216,LG
-20.75365168,3.722161681,12.65570174,-3941.875731,-1055.952876,4581.099253,LG
-20.48616353,2.812296241,6.050352888,-3830.380796,-1218.572849,4593.601597,LG
-20.19679388,1.899959965,-0.562296083,-3715.2984,-1379.973626,4601.744986,LG
-19.88913597,0.985462641,-7.173047432,-3596.356981,-1540.029037,4605.172809,LG
-19.56019051,0.070296498,-13.77804516,-3474.058501,-1698.548062,4604.229757,LG
-19.2135803,-0.845224189,-20.36810675,-3348.139624,-1855.40728,4598.569187,LG
-18.84635396,-1.759607875,-26.93938897,-3219.108095,-2010.418917,4588.543759,LG
-18.46216262,-2.672539363,-33.48275021,-3086.708326,-2163.462921,4573.816791,LG
-18.05810142,-3.582531357,-39.99438569,-2951.453357,-2314.355379,4554.748897,LG
-17.63784842,-4.489271304,-46.46522029,-2813.094838,-2462.980208,4531.013309,LG
-17.19854376,-5.391279703,-52.89151322,-2672.150596,-2609.15795,4502.978542,LG
-16.74389089,-6.288250199,-59.26428114,-2528.378989,-2752.777081,4470.327668,LG
-16.27107328,-7.178714611,-65.57987246,-2382.302092,-2893.663178,4433.437009,LG
-15.78381807,-8.0623763,-71.8294207,-2233.684421,-3031.709845,4391.999366,LG
-15.27935027,-8.937781893,-78.00938828,-2083.051744,-3166.748251,4346.398745,LG
-14.76141892,-9.804647941,-84.11105011,-1930.17416,-3298.67768,4296.337529,LG
-14.22728863,-10.66153931,-90.13100704,-1775.580556,-3427.335428,4242.207252,LG
-13.68072838,-11.50818917,-96.0606994,-1619.046024,-3552.626985,4183.719693,LG
-13.11904036,-12.34318399,-101.8968902,-1461.101975,-3674.396291,4121.273723,LG
-12.54601143,-13.16627689,-107.6312088,-1301.527893,-3792.555538,4054.590308,LG
-11.95897921,-13.97607925,-113.2606033,-1140.857105,-3906.955801,3984.075428,LG
-11.36174629,-14.77236738,-118.7769147,-978.8728666,-4017.516452,3909.45899,LG
-10.75168343,-15.55378079,-124.1772989,-816.1098058,-4124.096155,3831.153826,LG
-10.1326067,-16.32012214,-129.4538302,-652.3543177,-4226.621908,3748.898506,LG
-9.501917656,-17.07006214,-134.6038937,-488.1417051,-4324.960397,3663.112428,LG
-8.863443515,-17.80343288,-139.6198183,-323.2608662,-4419.046662,3573.542515,LG
-8.214614157,-18.51893925,-144.4992389,-158.2471429,-4508.755809,3480.614416,LG
-7.559265528,-19.21644566,-149.2347586,7.108705877,-4594.031302,3384.083068,LG
-6.894853332,-19.89469405,-153.8242818,172.271938,-4674.757034,3284.380025,LG
-6.225219732,-20.55358396,-158.2607053,337.4505802,-4750.885243,3181.267876,LG
-5.547843679,-21.19189707,-162.542221,502.1111305,-4822.308941,3075.183703,LG
-4.866570994,-21.8095707,-166.662037,666.4610478,-4888.989454,2965.897357,LG
-4.178901235,-22.40542884,-170.6186506,829.9687104,-4950.82921,2853.851052,LG
-3.488681273,-22.97944908,-174.4055976,992.8416542,-5007.798902,2738.821482,LG
-2.793428595,-23.53050011,-178.0216966,1154.550774,-5059.81063,2621.25557,LG
-2.096988468,-24.05860212,-181.4608269,1315.304324,-5106.844699,2500.936415,LG
-1.39689359,-24.56267073,-184.7221427,1474.576345,-5148.823103,2378.315205,LG
-0.69698495,-25.04277089,-187.7998809,1632.576443,-5185.735957,2253.180981,LG
0.005192289,-25.49786721,-190.6935451,1788.782429,-5217.515335,2125.98873,LG
0.705804113,-25.92807134,-193.3977424,1943.405883,-5244.161328,1996.532957,LG
1.407295645,-26.33239875,-195.9123376,2095.928999,-5265.616231,1865.271963,LG
2.105842556,-26.71100958,-198.2323192,2246.565942,-5281.890233,1732.005217,LG
2.803883012,-27.06297183,-200.3579239,2394.803888,-5292.935957,1597.193833,LG
3.497605071,-27.38849571,-202.2845314,2540.860185,-5298.773775,1460.641731,LG
4.189442694,-27.68670321,-204.0127593,2684.227574,-5299.366697,1322.812322,LG
4.875599013,-27.95785601,-205.5383867,2825.127166,-5294.745321,1183.513447,LG
5.558506515,-28.20113133,-206.8624199,2963.057834,-5284.883069,1043.210287,LG
6.234386074,-28.41684346,-207.9810438,3098.245014,-5269.82077,901.7140648,LG
6.905671401,-28.60422596,-208.8956593,3230.194254,-5249.542236,759.4911898,LG
7.568603745,-28.76364666,-209.6028626,3359.135856,-5224.098487,616.355718,LG
8.225620704,-28.89439627,-210.1044533,3484.582568,-5193.483671,472.7747394,LG
8.872986484,-28.99689693,-210.3974424,3606.770075,-5157.758918,328.564586,LG
9.513145181,-29.07049709,-210.4840313,3725.218822,-5116.928611,184.1924743,LG
10.14238649,-29.11567373,-210.3616475,3840.170371,-5071.063874,39.47644961,LG
10.76316356,-29.13183345,-210.0328952,3951.153336,-5020.179184,-105.1167037,LG
11.37179403,-29.11950832,-209.4956191,4058.415619,-4964.355501,-249.7677921,LG
11.97074258,-29.07816326,-208.7528256,4161.494449,-4903.617217,-394.011024,LG
12.5563572,-29.00838554,-207.8027751,4260.644504,-4838.054928,-538.0266237,LG
13.13111648,-28.90969835,-206.6488742,4355.412043,-4767.702726,-681.350353,LG
13.69140106,-28.78274396,-205.2897962,4446.058922,-4692.660606,-824.1624189,LG
14.23970578,-28.62710357,-203.7293444,4532.140812,-4612.972104,-966.0006942,LG
14.77244613,-28.44347408,-201.9666002,4613.927125,-4528.74634,-1107.04593,LG
15.29213539,-28.23149419,-200.0057582,4690.983291,-4440.036001,-1246.838663,LG
15.79522602,-27.99191484,-197.8463021,4763.586614,-4346.959025,-1385.560744,LG
16.28425185,-27.7244315,-195.492811,4831.312601,-4249.576918,-1522.755921,LG
16.75570429,-27.42984833,-192.945163,4894.44675,-4148.016091,-1658.607691,LG
17.21213971,-27.10791665,-190.2083132,4952.574927,-4042.346509,-1792.663549,LG
17.65009037,-26.75949279,-187.2825252,5005.991089,-3932.702676,-1925.109178,LG
18.07213703,-26.38438274,-184.1731203,5054.291702,-3819.162619,-2055.496346,LG
18.47485454,-25.98349378,-180.8807368,5097.779415,-3701.868523,-2184.013445,LG
18.86084978,-25.55668522,-177.4110506,5136.061497,-3580.906052,-2310.217031,LG
19.22674182,-25.10491383,-173.7650625,5169.44948,-3456.424629,-2434.298714,LG
19.57516527,-24.62809066,-169.9487907,5197.561604,-3328.517098,-2555.820338,LG
19.90278488,-24.12722029,-165.9635849,5220.718436,-3197.33965,-2674.977225,LG
20.21226443,-23.60226377,-161.8157909,5238.549312,-3062.991822,-2791.336984,LG
20.50031567,-23.05427166,-157.5070926,5251.383947,-2925.636075,-2905.099128,LG
20.76963289,-22.48325304,-153.0441483,5258.862861,-2785.378129,-3015.837492,LG
21.01697603,-21.89030239,-148.4289597,5261.324989,-2642.386193,-3123.756236,LG
21.245071,-21.2754747,-143.6684807,5258.422083,-2496.771635,-3228.435862,LG
21.45072694,-20.63990613,-138.7650134,5250.50233,-2348.707864,-3330.08561,LG
21.63670239,-19.98369528,-133.7257894,5237.228718,-2198.311338,-3428.293066,LG
21.79985657,-19.30801763,-128.5533929,5218.95868,-2045.7601,-3523.272962,LG
21.94298148,-18.61301285,-123.2553138,5195.366407,-1891.175123,-3614.620359,LG
22.0629871,-17.89989322,-117.8343987,5166.818528,-1734.738499,-3702.555868,LG
22.16269952,-17.16883687,-112.298376,5133.000363,-1576.575118,-3786.682393,LG
22.23908005,-16.42109015,-106.6503339,5094.287647,-1416.87052,-3867.22678,LG
22.29498938,-15.65686685,-100.898218,5050.376715,-1255.752905,-3943.800119,LG
22.32744047,-14.87744456,-95.04533677,5001.652282,-1093.410644,-4016.635818,LG
22.33932897,-14.08306985,-89.09983113,4947.821543,-929.9746224,-4085.353463,LG
22.32771966,-13.27504853,-83.06520706,4889.278023,-765.6354174,-4150.193332,LG
22.29554329,-12.45365691,-76.94977815,4825.739585,-600.5259687,-4210.783782,LG
22.23991651,-11.62022597,-70.75722483,4757.608358,-434.8384206,-4267.37223,LG
22.16380514,-10.77505859,-64.49600977,4684.612643,-268.7071272,-4319.596059,LG
22.06437755,-9.919507714,-58.16996405,4607.162928,-102.3251579,-4367.71006,LG
21.94463443,-9.053899547,-51.78767534,4524.997681,64.17236475,-4411.360862,LG
21.80179555,-8.17960572,-45.35310091,4438.53547,230.5920929,-4450.810836,LG
21.63889612,-7.296972417,-38.87492883,4347.524627,396.7987838,-4485.716037,LG
21.45320681,-6.407386586,-32.35721771,4252.391481,562.5994595,-4516.346594,LG
21.24779682,-5.511210985,-25.80873095,4152.893887,727.8594055,-4542.36814,LG
21.01998706,-4.609844448,-19.23360326,4049.465585,892.3866606,-4564.058696,LG
20.77288001,-3.703662838,-12.64064802,3941.87358,1056.047685,-4581.093591,LG
20.50384601,-2.794073385,-6.034050485,3830.558638,1218.652177,-4593.758843,LG
20.21601997,-1.881461543,0.57735157,3715.296507,1380.068412,-4601.739558,LG
19.90682064,-0.967239415,7.189348014,3596.534564,1540.108387,-4605.329822,LG
19.57941436,-0.051798497,13.79310241,3474.056864,1698.642826,-4604.224562,LG
19.23126715,0.863447785,20.38440552,3348.316949,1855.486651,-4598.725966,LG
18.86557558,1.778105456,26.95444796,3219.106715,2010.513658,-4588.538796,LG
18.47985164,2.690763329,33.49904717,3086.885395,2163.542314,-4573.973338,LG
18.07732081,3.60102852,40.00944643,2951.452233,2314.450098,-4554.744164,LG
17.65553961,4.507495637,46.48151545,2813.271651,2463.059622,-4531.169625,LG
17.21776094,5.409776449,52.90657569,2672.149726,2609.252646,-4502.974041,LG
16.76158424,6.306474899,59.28057449,2528.555546,2752.856516,-4470.483753,LG
16.29028824,7.197210941,65.59493667,2382.301476,2893.757852,-4433.432738,LG
15.80151357,8.080601365,71.84571225,2233.860723,3031.789302,-4392.155221,LG
15.29856302,8.956277808,78.02445422,2083.051381,3166.842903,-4346.394704,LG
14.77911657,9.82287337,84.12733988,1930.350209,3298.757158,-4296.493155,LG
14.24649918,10.68003482,90.1460747,1775.580446,3427.430058,-4242.203439,LG
13.69842818,11.52641496,96.07698738,1619.221819,3552.706484,-4183.87509,LG
13.13824871,12.36167908,101.9119596,1461.102118,3674.490898,-4121.270139,LG
12.56371337,13.18450304,107.647495,1301.703436,3792.635059,-4054.745476,LG
11.97818538,13.99457392,113.2756744,1140.857499,3907.050387,-3984.072071,LG
11.37945036,14.79059389,118.7931991,979.0481578,4017.595993,-3909.613931,LG
10.77088741,15.57227505,124.1923717,816.1104498,4124.190719,-3831.150696,LG
10.1503129,16.33834901,129.4701128,652.5293578,4226.70147,-3749.05322,LG
9.521119464,17.088556,134.6189683,488.1425988,4325.054939,-3663.109524,LG
8.881151826,17.82166012,139.6360992,323.435656,4419.126245,-3573.697003,LG
8.233813794,18.5374327,144.5143151,158.2482857,4508.850329,-3480.611738,LG
7.576975951,19.23467325,149.2510377,-6.934165668,4594.110906,-3384.237331,LG
6.914050805,19.91318709,153.8393597,-172.270547,4674.851532,-3284.377572,LG
6.242932261,20.57181191,158.2769826,-337.2762889,4750.964868,-3181.421913,LG
5.567038995,21.2103897,162.5573006,-502.1094918,4822.403417,-3075.181475,LG
4.884285622,21.827799,166.6783126,-666.2870046,4889.0691,-2966.05117,LG
4.198094399,22.42392107,170.6337318,-829.9668249,4950.923665,-2853.849047,LG
3.506397996,22.99767774,174.4218715,-992.6678584,5007.878568,-2738.975071,LG
2.812619613,23.54899193,178.0367796,-1154.548642,5059.905064,-2621.253788,LG
2.114707278,24.07683113,181.477099,-1315.130775,5106.924386,-2501.089781,LG
1.416082469,24.58116216,184.7372273,-1474.573968,5148.917515,-2378.313645,LG
0.714705841,25.06100025,187.8161513,-1632.40314,5185.815664,-2253.334125,LG
0.013994456,25.51635823,190.7086314,-1788.779807,5217.609726,-2125.987392,LG
-0.688081146,25.94630105,193.4140111,-1943.232825,5244.241056,-1996.685879,LG
-1.388111027,26.35088937,195.9274256,-2095.926133,5265.7106,-1865.270846,LG
-2.088117519,26.72923964,198.2485861,-2246.393129,5281.969982,-1732.157918,LG
-2.784700516,27.08146205,200.3730135,-2394.800779,5293.030305,-1597.192937,LG
-3.479877971,27.40672612,202.3007966,-2540.687616,5298.853544,-1460.794212,LG
-4.170262313,27.70519304,204.0278506,-2684.224222,5299.461023,-1322.811646,LG
-4.857869856,27.97608677,205.5546503,-2824.954841,5294.82511,-1183.665708,LG
-5.539328244,28.21962075,206.8775128,-2963.05424,5284.977375,-1043.20983,LG
-6.216654865,28.43507457,207.9973056,-3098.072931,5269.900579,-901.8661066,LG
-6.886495233,28.62271499,208.9107539,-3230.190419,5249.63652,-759.4909516,LG
-7.55087049,28.78187811,209.6191227,-3358.964015,5224.178317,-616.5075412,LG
-8.206446633,28.9128849,210.1195495,-3484.578492,5193.577934,-472.7747193,LG
-8.85525119,29.01512872,210.4137008,-3606.598474,5157.838768,-328.7161913,LG
-9.493973202,29.08898534,210.4991291,-3725.214506,5117.022853,-184.1926716,LG
-10.12464916,29.13390587,210.3779042,-3839.999011,5071.143744,-39.62783759,LG
-10.74399367,29.1503213,210.0479947,-3951.148781,5020.273406,105.1162897,LG
-11.35405468,29.1377408,209.5118741,-4058.244499,4964.435391,249.6166208,LG
-11.95157477,29.09665072,208.7679267,-4161.489656,4903.711418,394.0103939,LG
-12.53861582,29.02661837,207.8190284,-4260.473623,4838.134838,537.8756685,LG
-13.11195074,28.92818542,206.6639769,-4355.407011,4767.796906,681.3495074,LG
-13.67365767,28.80097713,205.3060479,-4445.888279,4692.740536,824.0116791,LG
-14.22054211,28.64559024,203.7444487,-4532.135544,4613.066263,965.9996337,LG
-14.75470073,28.46170758,201.9828502,-4613.75672,4528.82629,1106.895405,LG
-15.27297378,28.24998047,200.0208642,-4690.977787,4440.130139,1246.837388,LG
-15.77747861,28.01014868,197.8625504,-4763.416446,4347.038994,1385.410434,LG
-16.26509229,27.7429174,195.5079185,-4831.306861,4249.671035,1522.754433,LG
-16.73795488,27.44808251,192.9614096,-4894.276819,4148.09608,1658.457594,LG
-17.19298221,27.12640216,190.2234223,-4952.568951,4042.440606,1792.661848,LG
-17.63233897,26.7777273,187.2987702,-5005.821393,3932.782685,1924.959294,LG
-18.05298157,26.40286786,184.1882311,-5054.285492,3819.256695,2055.494432,LG
-18.45710115,26.00172863,180.8969801,-5097.609954,3701.948552,2183.863773,LG
-18.84169636,25.57516996,177.4261629,-5136.055053,3581.000108,2310.214905,LG
-19.20898645,25.12314901,173.7813042,-5169.280254,3456.504678,2434.149254,LG
-19.55601389,24.64657501,169.9639047,-5197.554927,3328.611134,2555.818001,LG
-19.88502753,24.14545581,165.9798249,-5220.549443,3197.419718,2674.827976,LG
-20.19311507,23.62074775,161.8309064,-5238.542403,3063.085837,2791.334436,LG
-20.48255636,23.07250751,157.523331,-5251.215187,2925.716162,2904.950089,LG
-20.75048556,22.50173664,153.0592654,-5258.85572,2785.472124,3015.834734,LG
-20.99921476,21.90853857,148.4451964,-5261.156462,2642.4663,3123.607408,LG
-21.22592568,21.29395791,143.6835993,-5258.414711,2496.865609,3228.432895,LG
-21.4329637,20.65814264,138.7812485,-5250.334034,2348.78799,3329.936991,LG
-21.61755908,20.00217811,133.7409096,-5237.221116,2198.405292,3428.28989,LG
-21.78209139,19.32625446,128.5696263,-5218.790615,2045.840245,3523.124551,LG
-21.92384018,18.6314953,123.2704356,-5195.358575,1891.269057,3614.616975,LG
-22.04521996,17.91813039,117.8506305,-5166.650694,1734.818663,3702.407666,LG
-22.14356022,17.18731895,112.3134993,-5132.992302,1576.669032,3786.678802,LG
-22.22131097,16.43932764,106.6665641,-5094.120042,1416.950704,3867.078786,LG
-22.27585207,15.67534855,100.913343,-5050.368426,1255.846799,3943.79632,LG
-22.30966946,14.89568238,95.06156535,-5001.484906,1093.490846,4016.488031,LG
-22.32019364,14.10155117,89.11495762,-4947.813025,930.0684962,4085.349459,LG
-22.30994672,13.29328667,83.08143403,-4889.110875,765.7156391,4150.04575,LG
-22.27640994,12.47213786,76.96490619,-4825.73084,600.6198226,4210.779571,LG
-22.22214165,11.63846444,70.77345019,-4757.441438,434.9186614,4267.224854,LG
-22.14467377,10.79353916,64.51113936,-4684.603672,268.8009612,4319.591643,LG
-22.04660077,9.937746505,58.18618781,-4606.996235,102.4054176,4367.56289,LG
-21.92550503,9.07237975,51.80280646,-4524.988484,-64.07855055,4411.356241,LG
-21.78401686,8.197844833,45.36932307,-4438.369004,-230.5118143,4450.66387,LG
-21.61976869,7.315452248,38.89006148,-4347.515205,-396.7049894,4485.711212,LG
-21.43542621,6.42562602,32.37343827,-4252.225241,-562.5191621,4516.199833,LG
-21.22867135,5.529690446,25.82386514,-4152.884241,-727.7656307,4542.363112,LG
-21.00220455,4.628084202,19.24982224,-4049.29957,-892.3063444,4563.912138,LG
-20.75375649,3.722141929,12.65578373,-3941.86371,-1055.95393,4581.08836,LG
-20.48606161,2.812313458,6.050267872,-3830.392847,-1218.571842,4593.612488,LG
-20.1968984,1.899940266,-0.562214338,-3715.286413,-1379.974677,4601.734124,LG
-19.88903435,0.985479805,-7.173132208,-3596.368997,-1540.028033,4605.183669,LG
-19.56029474,0.070276852,-13.77796366,-3474.046548,-1698.54911,4604.218927,LG
-19.21347898,-0.845207078,-20.36819129,-3348.151605,-1855.406279,4598.580015,LG
-18.84645789,-1.759627468,-26.9393077,-3219.096177,-2010.419962,4588.532959,LG
-18.46206159,-2.672522305,-33.48283451,-3086.720273,-2163.461923,4573.827588,LG
-18.05820506,-3.582550897,-39.99430466,-2951.441473,-2314.356421,4554.738128,LG
-17.63774768,-4.489254299,-46.46530436,-2813.106752,-2462.979213,4531.024075,LG
-17.19864711,-5.391299191,-52.89143242,-2672.138746,-2609.158988,4502.967804,LG
-16.74379044,-6.288233247,-59.26436497,-2528.390868,-2752.776089,4470.338403,LG
-16.27117633,-7.178734047,-65.57979191,-2382.290276,-2893.664214,4433.426302,LG
-15.78371791,-8.0623594,-71.82950429,-2233.696266,-3031.708856,4392.01007,LG
-15.27945303,-8.937801277,-78.00930796,-2083.039962,-3166.749284,4346.388069,LG
-14.76131905,-9.804631092,-84.11113347,-1930.185972,-3298.676693,4296.348203,LG
-14.2273911,-10.66155865,-90.13092695,-1775.568808,-3427.336458,4242.196606,LG
-13.6806288,-11.50817237,-96.06078252,-1619.057802,-3552.626001,4183.730336,LG
-13.11914253,-12.34320327,-101.8968104,-1461.090261,-3674.397318,4121.263108,LG
-12.54591215,-13.16626014,-107.6312917,-1301.539637,-3792.554557,4054.600921,LG
-11.9590811,-13.97609848,-113.2605237,-1140.845425,-3906.956826,3984.064843,LG
-11.3616473,-14.77235069,-118.7769973,-978.8845769,-4017.515474,3909.469572,LG
-10.75178503,-15.55379996,-124.1772195,-816.0981588,-4124.097176,3831.143272,LG
-10.132508,-16.3201055,-129.4539126,-652.3659945,-4226.620933,3748.909058,LG
-9.50201897,-17.07008127,-134.6038146,-488.1300915,-4324.961416,3663.101904,LG
-8.863345097,-17.80341629,-139.6199005,-323.2725095,-4419.04569,3573.553037,LG
-8.214715184,-18.51895832,-144.4991599,-158.2355627,-4508.756825,3480.603922,LG
-7.559167395,-19.21642912,-149.2348406,7.097095874,-4594.030332,3384.09356,LG
-6.894954073,-19.89471307,-153.8242031,172.2834849,-4674.758047,3284.369561,LG
-6.225121885,-20.55356747,-158.260787,337.4390034,-4750.884276,3181.278338,LG
-5.547944136,-21.19191604,-162.5421425,502.1226442,-4822.309951,3075.173269,LG
-4.866473431,-21.80955426,-166.6621185,666.4495042,-4888.988491,2965.907789,LG
-4.179001408,-22.40544776,-170.6185723,829.980191,-4950.830217,2853.840648,LG
-3.488583995,-22.97943269,-174.4056789,992.8301435,-5007.797941,2738.831884,LG
-2.793528484,-23.53051898,-178.0216186,1154.562222,-5059.811635,2621.245196,LG
-2.096891472,-24.05858578,-181.4609079,1315.292846,-5106.843741,2500.946787,LG
-1.396993197,-24.56268955,-184.7220649,1474.58776,-5148.824104,2378.30486,LG
-0.696888236,-25.04275461,-187.7999617,1632.564998,-5185.735001,2253.191323,LG
0.005092963,-25.49788598,-190.6934676,1788.793811,-5217.516334,2125.978415,LG
0.705900545,-25.92805511,-193.397823,1943.394471,-5244.160375,1996.54327,LG
1.4071966,-26.33241747,-195.9122603,2095.940349,-5265.617227,1865.261678,LG
2.105938707,-26.71099339,-198.2323995,2246.554562,-5281.889284,1732.0155,LG
2.803784247,-27.0629905,-200.3578468,2394.815205,-5292.936951,1597.183577,LG
3.497700943,-27.38847958,-202.2846115,2540.848838,-5298.772828,1460.651984,LG
4.189344209,-27.68672183,-204.0126825,2684.238858,-5299.367687,1322.802095,LG
4.875694607,-27.95783992,-205.5384667,2825.115852,-5294.744377,1183.523671,LG
5.558408308,-28.2011499,-206.8623433,2963.069086,-5284.884057,1043.20009,LG
6.234481389,-28.41682743,-207.9811235,3098.233732,-5269.819828,901.7242597,LG
6.905573472,-28.60424448,-208.8955829,3230.205473,-5249.543221,759.4810222,LG
7.568698783,-28.76363068,-209.6029421,3359.124606,-5224.097548,616.3658836,LG
8.225523051,-28.89441474,-210.1043771,3484.593755,-5193.484653,472.7646011,LG
8.873081245,-28.99688099,-210.3975217,3606.758857,-5157.757982,328.5747226,LG
9.513047804,-29.07051552,-210.4839553,3725.229977,-5116.92959,184.182365,LG
10.14248098,-29.11565785,-210.3617265,3840.159185,-5071.062941,39.48655713,LG
10.76306646,-29.13185182,-210.0328195,3951.164459,-5020.180161,-105.126784,LG
11.37188824,-29.11949248,-209.4956979,4058.404465,-4964.35457,-249.7577135,LG
11.97064575,-29.07818159,-208.75275,4161.50554,-4903.618191,-394.0210753,LG
12.55645113,-29.00836976,-207.8028536,4260.633383,-4838.054001,-538.016574,LG
13.13101992,-28.90971663,-206.6487989,4355.423102,-4767.703697,-681.3603755,LG
13.69149472,-28.78272823,-205.2898746,4446.047832,-4692.659681,-824.152398,LG
14.2396095,-28.62712179,-203.7292693,4532.15184,-4612.973072,-966.010688,LG
14.77253952,-28.44345839,-201.9666783,4613.916067,-4528.745418,-1107.035938,LG
15.29203938,-28.23151236,-200.0056833,4690.994287,-4440.036967,-1246.848628,LG
15.79531914,-27.9918992,-197.8463801,4763.575587,-4346.958105,-1385.550781,LG
16.28415611,-27.72444963,-195.4927363,4831.323565,-4249.577881,-1522.765858,LG
16.75579714,-27.42983274,-192.9452406,4894.435755,-4148.015174,-1658.597756,LG
17.21204424,-27.10793473,-190.2082387,4952.585859,-4042.34747,-1792.673458,LG
17.65018295,-26.75947724,-187.2826027,5005.980126,-3932.701761,-1925.099271,LG
18.07204183,-26.38440077,-184.1730461,5054.302603,-3819.163577,-2055.506226,LG
18.47494684,-25.98347829,-180.880814,5097.768483,-3701.867611,-2184.003567,LG
18.86075485,-25.55670321,-177.4109766,5136.072367,-3580.907007,-2310.226882,LG
19.22683386,-25.10489839,-173.7651396,5169.438579,-3456.423721,-2434.288865,LG
19.57507061,-24.62810859,-169.9487169,5197.572443,-3328.518051,-2555.830161,LG
19.90287665,-24.12720489,-165.9636617,5220.707567,-3197.338744,-2674.967403,LG
20.21217003,-23.60228166,-161.8157173,5238.56012,-3062.992772,-2791.346778,LG
20.50040718,-23.05425632,-157.5071692,5251.373108,-2925.635171,-2905.089334,LG
20.76953877,-22.48327088,-153.044075,5258.873637,-2785.379076,-3015.847259,LG
21.01706727,-21.89028709,-148.4290361,5261.314182,-2642.385292,-3123.746471,LG
21.24497714,-21.27549249,-143.6684075,5258.432828,-2496.77258,-3228.445601,LG
21.45081791,-20.63989088,-138.7650896,5250.491553,-2348.706966,-3330.075873,LG
21.63660879,-19.98371302,-133.7257165,5237.239433,-2198.31228,-3428.302777,LG
21.79994728,-19.30800242,-128.5534688,5218.947934,-2045.759205,-3523.263252,LG
21.94288815,-18.61303055,-123.2552411,5195.377091,-1891.176062,-3614.630042,LG
22.06307754,-17.89987806,-117.8344744,5166.807813,-1734.737606,-3702.546186,LG
22.16260645,-17.16885452,-112.2983035,5133.011016,-1576.576055,-3786.692048,LG
22.23917023,-16.42107504,-106.6504094,5094.276963,-1416.86963,-3867.217126,LG
22.29489658,-15.65688446,-100.8981457,5050.387338,-1255.753839,-3943.809746,LG
22.32753039,-14.8774295,-95.0454121,5001.641628,-1093.409756,-4016.626192,LG
22.33923642,-14.0830874,-89.09975906,4947.832135,-929.975554,-4085.363063,LG
22.32780931,-13.27503351,-83.06528217,4889.267399,-765.6345321,-4150.183733,LG
22.29545101,-12.45367442,-76.94970629,4825.750146,-600.5268977,-4210.793354,LG
22.24000591,-11.620211,-70.75729973,4757.597765,-434.8375379,-4267.362658,LG
22.16371312,-10.77507605,-64.49593813,4684.623174,-268.7080536,-4319.605604,LG
22.06446668,-9.91949279,-58.17003874,4607.152365,-102.3242778,-4367.700516,LG
21.94454267,-9.053916964,-51.7876039,4525.008182,64.17144094,-4411.370379,LG
21.80188443,-8.179590843,-45.35317539,4438.524938,230.5929705,-4450.801319,LG
21.63880462,-7.296989787,-38.8748576,4347.535098,396.7978626,-4485.725527,LG
21.45329543,-6.407371755,-32.35729198,4252.380979,562.6003345,-4516.337105,LG
21.24770558,-5.51122831,-25.80865993,4152.904328,727.8584868,-4542.377603,LG
21.02007541,-4.609829664,-19.23367733,4049.455113,892.387533,-4564.049234,LG
20.77278902,-3.703680117,-12.6405772,3941.883991,1056.046768,-4581.103026,LG
20.50393411,-2.794058647,-6.03412434,3830.548196,1218.653047,-4593.749408,LG
20.21592924,-1.881478776,0.577422174,3715.306888,1380.067498,-4601.748966,LG
19.90690849,-0.967224723,7.189274367,3596.524151,1540.109254,-4605.320414,LG
19.57932389,-0.051815684,13.7931728,3474.067215,1698.641915,-4604.233943,LG
19.23135474,0.863462431,20.38433208,3348.306566,1855.487516,-4598.716585,LG
18.86548536,1.778088315,26.95451816,3219.117037,2010.51275,-4588.54815,LG
18.47993897,2.690777929,33.49897393,3086.875042,2163.543176,-4573.963984,LG
18.07723085,3.601011424,40.00951641,2951.462524,2314.449192,-4554.753492,LG
17.65562669,4.507510192,46.48144242,2813.261328,2463.060482,-4531.160298,LG
17.21767123,5.409759399,52.90664547,2672.159988,2609.251743,-4502.983342,LG
16.76167106,6.306489408,59.28050167,2528.545252,2752.857374,-4470.474452,LG
16.29019878,7.197193936,65.59500625,2382.311709,2893.756951,-4433.442012,LG
15.80160015,8.080615829,71.84563964,2233.850459,3031.790156,-4392.145947,LG
15.29847382,8.956260848,78.02452359,2083.061584,3166.842005,-4346.403952,LG
14.77920289,9.822887788,84.12726746,1930.339974,3298.75801,-4296.483907,LG
14.24641023,10.6800179,90.14614387,1775.59062,3427.429162,-4242.21266,LG
13.69851424,11.52642934,96.07691517,1619.211614,3552.707334,-4183.865869,LG
13.13816001,12.36166221,101.9120286,1461.112262,3674.490005,-4121.279333,LG
12.56379919,13.18451737,107.647423,1301.693259,3792.635906,-4054.736282,LG
11.97809693,13.9945571,113.2757432,1140.867614,3907.049496,-3984.08124,LG
11.37953593,14.79060818,118.7931273,979.0380105,4017.596838,-3909.604763,LG
10.77079921,15.57225827,124.1924403,816.120536,4124.18983,-3831.159839,LG
10.15039821,16.33836325,129.4700412,652.5192396,4226.702312,-3749.044078,LG
9.521031511,17.08853926,134.6190366,488.152656,4325.054053,-3663.11864,LG
8.881236895,17.82167431,139.6360278,323.4255667,4419.127085,-3573.687887,LG
8.233726089,18.53741601,144.5143832,158.258314,4508.849445,-3480.620828,LG
7.577060771,19.2346874,149.2509665,-6.944226077,4594.111743,-3384.228241,LG
6.913963348,19.91317044,153.8394277,-172.2605475,4674.850651,-3284.386636,LG
6.243016834,20.57182601,158.2769116,-337.2863205,4750.965703,-3181.41285,LG
5.566951784,21.2103731,162.5573683,-502.0995211,4822.402539,-3075.190513,LG
4.884369949,21.82781306,166.6782418,-666.2970076,4889.069932,-2966.042133,LG
4.198007434,22.42390451,170.6337994,-829.9568828,4950.922789,-2853.858059,LG
3.506482076,22.99769175,174.4218009,-992.6778328,5007.879398,-2738.96606,LG
2.812532894,23.54897542,178.0368469,-1154.538729,5059.90419,-2621.262774,LG
2.114791114,24.0768451,181.4770286,-1315.14072,5106.925213,-2501.080796,LG
1.415995994,24.58114569,184.7372945,-1474.564083,5148.916643,-2378.322606,LG
0.714789432,25.06101418,187.8160811,-1632.413057,5185.816489,-2253.325165,LG
0.013908226,25.5163418,190.7086984,-1788.769951,5217.608857,-2125.996327,LG
-0.687997798,25.94631494,193.4139411,-1943.242714,5244.241878,-1996.676945,LG
-1.388197015,26.35087298,195.9274923,-2095.916305,5265.709733,-1865.279755,LG
-2.088034415,26.72925348,198.2485163,-2246.40299,5281.970802,-1732.149009,LG
-2.784786261,27.08144571,200.3730801,-2394.790979,5293.029441,-1597.20182,LG
-3.479795109,27.40673992,202.300727,-2540.697448,5298.854362,-1460.785328,LG
-4.170347817,27.70517674,204.027917,-2684.21445,5299.460162,-1322.820503,LG
-4.857787236,27.97610052,205.5545808,-2824.964645,5294.825926,-1183.65685,LG
-5.539413506,28.2196045,206.877579,-2963.044497,5284.976516,-1043.218663,LG
-6.216572485,28.43508828,207.9972364,-3098.082707,5269.901392,-901.857274,LG
-6.886580255,28.62269877,208.9108199,-3230.180703,5249.635664,-759.4997588,LG
-7.550788351,28.78189178,209.6190537,-3358.973763,5224.179127,-616.498734,LG
-8.206531415,28.91286873,210.1196153,-3484.568804,5193.577079,-472.7835012,LG
-8.85516929,29.01514235,210.413632,-3606.608195,5157.839576,-328.7074093,LG
-9.494057745,29.08896921,210.4991947,-3725.204846,5117.022001,-184.2014282,LG
-10.1245675,29.13391946,210.3778356,-3840.008703,5071.14455,-39.61908076,LG
-10.74407797,29.15030521,210.0480601,-3951.139148,5020.272556,105.1075582,LG
-11.35397325,29.13775434,209.5118057,-4058.254164,4964.436195,249.6253525,LG
-11.95165883,29.09663468,208.7679919,-4161.480051,4903.71057,394.0016874,LG
-12.53853463,29.02663186,207.8189601,-4260.483261,4838.13564,537.8843752,LG
-13.11203457,28.92816942,206.6640419,-4355.397434,4767.796061,681.3408259,LG
-13.67357672,28.80099058,205.3059798,-4445.897889,4692.741335,824.0203609,LG
-14.2206257,28.64557429,203.7445136,-4532.125995,4613.06542,965.9909771,LG
-14.75462002,28.461721,201.9827823,-4613.766302,4528.827087,1106.904062,LG
-15.27305714,28.24996456,200.0209288,-4690.968265,4440.129299,1246.828757,LG
-15.77739814,28.01016205,197.8624827,-4763.426001,4347.039788,1385.419066,LG
-16.26517542,27.74290152,195.507983,-4831.297366,4249.670197,1522.745826,LG
-16.73787464,27.44809584,192.9613421,-4894.286346,4148.096872,1658.466201,LG
-17.1930651,27.12638633,190.2234866,-4952.559484,4042.43977,1792.653266,LG
-17.63225896,26.77774059,187.2987029,-5005.830893,3932.783474,1924.967876,LG
-18.05306422,26.40285207,184.1882952,-5054.276052,3819.255862,2055.485875,LG
-18.45702138,26.00174187,180.8969129,-5097.619427,3701.949339,2183.872331,LG
-18.84177878,25.57515422,177.4262268,-5136.04564,3580.999277,2310.206372,LG
-19.20890691,25.12316222,173.7812373,-5169.2897,3456.505463,2434.157788,LG
-19.55609608,24.64655931,169.9639684,-5197.545542,3328.610305,2555.809492,LG
-19.88494822,24.14546897,165.9797581,-5220.558862,3197.4205,2674.836485,LG
-20.19319703,23.62073208,161.8309699,-5238.533044,3063.08501,2791.325952,LG
-20.48247728,23.07252063,157.5232644,-5251.224579,2925.716942,2904.958574,LG
-20.75056729,22.50172101,153.0593288,-5258.846388,2785.4713,3015.826274,LG
-20.99913591,21.90855165,148.4451301,-5261.165827,2642.467078,3123.615868,LG
-21.22600717,21.29394232,143.6836625,-5258.405406,2496.864787,3228.424459,LG
-21.43288509,20.65815568,138.7811823,-5250.343372,2348.788766,3329.945428,LG
-21.61764035,20.00216257,133.7409726,-5237.211837,2198.404472,3428.281479,LG
-21.782013,19.32626746,128.5695603,-5218.799927,2045.841019,3523.132964,LG
-21.92392121,18.6314798,123.2704984,-5195.349323,1891.26824,3614.608588,LG
-22.0451418,17.91814334,117.8505647,-5166.659979,1734.819435,3702.416054,LG
-22.14364103,17.18730349,112.3135619,-5132.983076,1576.668217,3786.670439,LG
-22.22123304,16.43934056,106.6664984,-5094.129301,1416.951473,3867.08715,LG
-22.27593265,15.67533313,100.9134054,-5050.359227,1255.845986,3943.787981,LG
-22.30959176,14.89569525,95.0614999,-5001.494138,1093.491613,4016.496371,LG
-22.320274,14.10153579,89.11501985,-4947.803853,930.0676856,4085.341143,LG
-22.30986924,13.2932995,83.08136876,-4889.120081,765.7164036,4150.054067,LG
-22.27649007,12.47212252,76.96496823,-4825.721694,600.6190143,4210.77128,LG
-22.2220644,11.63847723,70.7733851,-4757.450618,434.9194236,4267.233147,LG
-22.14475368,10.79352386,64.51120122,-4684.594552,268.8001551,4319.583375,LG
-22.04652374,9.937759256,58.1861229,-4607.005388,102.4061776,4367.571159,LG
-21.92558471,9.072364493,51.80286814,-4524.979391,-64.07935443,4411.347997,LG
-21.78394006,8.197857544,45.36925834,-4438.378131,-230.5110566,4450.672115,LG
-21.61984815,7.315437031,38.89012298,-4347.506138,-396.705791,4485.702992,LG
-21.43534964,6.42563869,32.37337373,-4252.234342,-562.5184066,4516.208054,LG
-21.22875058,5.529675269,25.82392645,-4152.8752,-727.7664302,4542.354915,LG
-21.0021282,4.628096833,19.24975787,-4049.308645,-892.3055911,4563.920336,LG
-20.7538355,3.722126792,12.65584486,-3941.854694,-1055.954727,4581.080186,LG
-20.48598548,2.812326049,6.050203687,-3830.401896,-1218.571091,4593.620662,LG
-20.19697719,1.899925168,-0.562153385,-3715.277424,-1379.975472,4601.725975,LG
-19.88895845,0.985492356,-7.173196215,-3596.37802,-1540.027285,4605.191819,LG
-19.5603733,0.070261794,-13.77790288,-3474.037585,-1698.549903,4604.2108,LG
-19.21340329,-0.845194567,-20.36825512,-3348.160602,-1855.405532,4598.588142,LG
-18.84653623,-1.759642486,-26.93924711,-3219.08724,-2010.420753,4588.524856,LG
-18.46198612,-2.672509834,-33.48289816,-3086.729245,-2163.461179,4573.835692,LG
-18.05828318,-3.582565876,-39.99424425,-2951.432561,-2314.357209,4554.730048,LG
-17.63767244,-4.489241867,-46.46536783,-2813.115697,-2462.97847,4531.032156,LG
-17.19872501,-5.391314131,-52.89137218,-2672.12986,-2609.159775,4502.959747,LG
-16.74371542,-6.288220854,-59.26442826,-2528.399788,-2752.775349,4470.346461,LG
-16.27125401,-7.178748947,-65.57973184,-2382.281415,-2893.664998,4433.418268,LG
-15.78364311,-8.062347047,-71.8295674,-2233.705161,-3031.708118,4392.018105,LG
-15.2795305,-8.937816138,-78.00924807,-2083.031126,-3166.750066,4346.380059,LG
-14.76124447,-9.804618779,-84.11119641,-1930.194841,-3298.675957,4296.356215,LG
-14.22746834,-10.66157347,-90.13086724,-1775.559998,-3427.337238,4242.188618,LG
-13.68055444,-11.5081601,-96.06084528,-1619.066645,-3552.625267,4183.738325,LG
-13.11921956,-12.34321806,-101.8967509,-1461.081476,-3674.398095,4121.255143,LG
-12.545838,-13.16624791,-107.6313542,-1301.548455,-3792.553826,4054.608887,LG
-11.95915791,-13.97611322,-113.2604643,-1140.836666,-3906.957601,3984.056902,LG
-11.36157337,-14.77233849,-118.7770598,-978.8933702,-4017.514745,3909.477515,LG
-10.75186162,-15.55381467,-124.1771603,-816.0894247,-4124.097949,3831.135353,LG
-10.13243428,-16.32009334,-129.4539748,-652.3747626,-4226.620206,3748.916978,LG
-9.502095349,-17.07009594,-134.6037556,-488.1213825,-4324.962187,3663.094007,LG
-8.863271594,-17.80340417,-139.6199626,-323.2812526,-4419.044965,3573.560934,LG
-8.214791348,-18.51897295,-144.4991011,-158.2268787,-4508.757594,3480.596048,LG
-7.559094107,-19.21641704,-149.2349025,7.088377815,-4594.029609,3384.101435,LG
-6.895030023,-19.89472766,-153.8241445,172.292144,-4674.758813,3284.36171,LG
-6.225048811,-20.55355543,-158.2608487,337.4303103,-4750.883556,3181.28619,LG
-5.548019872,-21.19193059,-162.542084,502.1312784,-4822.310715,3075.165441,LG
-4.866400571,-21.80954226,-166.6621801,666.4408359,-4888.987772,2965.915619,LG
-4.179076931,-22.40546227,-170.618514,829.9888004,-4950.83098,2853.832842,LG
-3.488511348,-22.97942073,-174.4057403,992.8215001,-5007.797224,2738.839691,LG
-2.793603795,-23.53053346,-178.0215604,1154.570806,-5059.812395,2621.237412,LG
-2.096819038,-24.05857386,-181.4609691,1315.284227,-5106.843026,2500.954572,LG
-1.397068296,-24.56270399,-184.7220069,1474.59632,-5148.824863,2378.297099,LG
-0.696816013,-25.04274272,-187.8000227,1632.556404,-5185.734289,2253.199086,LG
0.005018076,-25.49790038,-190.6934098,1788.802347,-5217.51709,2125.970676,LG
0.705972557,-25.92804325,-193.3978838,1943.385901,-5244.159665,1996.55101,LG
1.407121923,-26.33243183,-195.9122027,2095.948859,-5265.617981,1865.253961,LG
2.106010509,-26.71098158,-198.2324602,2246.546017,-5281.888575,1732.023218,LG
2.803709781,-27.06300482,-200.3577894,2394.823691,-5292.937703,1597.175883,LG
3.497772535,-27.3884678,-202.284672,2540.840317,-5298.772122,1460.659681,LG
4.189269951,-27.68673612,-204.0126252,2684.24732,-5299.368437,1322.794423,LG
4.875765989,-27.95782818,-205.538527,2825.107356,-5294.743673,1183.531345,LG
5.558334259,-28.20116415,-206.8622861,2963.077524,-5284.884805,1043.19244,LG
6.234552562,-28.41681573,-207.9811837,3098.22526,-5269.819126,901.731912,LG
6.905499631,-28.60425869,-208.8955259,3230.213886,-5249.543967,759.4733936,LG
7.568769748,-28.76361901,-209.6030021,3359.116159,-5224.096849,616.373514,LG
8.225449418,-28.89442891,-210.1043203,3484.602144,-5193.485397,472.7569944,LG
8.873152002,-28.99686937,-210.3975815,3606.750434,-5157.757284,328.5823312,LG
9.512974378,-29.07052966,-210.4838987,3725.238342,-5116.930332,184.1747802,LG
10.14255153,-29.11564626,-210.3617862,3840.150786,-5071.062245,39.49414388,LG
10.76299324,-29.13186592,-210.032763,3951.172799,-5020.180901,-105.1343471,LG
11.37195859,-29.11948093,-209.4957574,4058.39609,-4964.353877,-249.7501485,LG
11.97057274,-29.07819565,-208.7526938,4161.513857,-4903.618929,-394.0286168,LG
12.55652127,-29.00835824,-207.802913,4260.625031,-4838.053309,-538.0090307,LG
13.13094711,-28.90973066,-206.6487428,4355.431395,-4767.704433,-681.3678953,LG
13.69156466,-28.78271675,-205.2899338,4446.039504,-4692.658992,-824.1448762,LG
14.2395369,-28.62713579,-203.7292133,4532.160109,-4612.973806,-966.0181862,LG
14.77260925,-28.44344695,-201.9667374,4613.907763,-4528.74473,-1107.028438,LG
15.29196698,-28.23152632,-200.0056275,4691.002532,-4440.037699,-1246.856105,LG
15.79538867,-27.99188779,-197.8464389,4763.567307,-4346.95742,-1385.543302,LG
16.28408391,-27.72446355,-195.4926807,4831.331787,-4249.578611,-1522.773313,LG
16.75586646,-27.42982137,-192.9452993,4894.427499,-4148.01449,-1658.590299,LG
17.21197225,-27.10794861,-190.2081833,4952.594058,-4042.348197,-1792.680891,LG
17.65025207,-26.75946591,-187.2826612,5005.971893,-3932.70108,-1925.091835,LG
18.07197004,-26.38441461,-184.1729908,5054.310777,-3819.164303,-2055.513638,LG
18.47501576,-25.98346699,-180.8808724,5097.760273,-3701.866932,-2183.996152,LG
18.86068326,-25.55671702,-177.4109214,5136.080518,-3580.907731,-2310.234273,LG
19.22690257,-25.10488712,-173.7651978,5169.430394,-3456.423043,-2434.281471,LG
19.57499922,-24.62812237,-169.948662,5197.58057,-3328.518773,-2555.837531,LG
19.90294516,-24.12719367,-165.9637197,5220.699404,-3197.338068,-2674.960031,LG
20.21209885,-23.6022954,-161.8156625,5238.568224,-3062.993491,-2791.354127,LG
20.50047549,-23.05424513,-157.5072271,5251.364969,-2925.634498,-2905.081983,LG
20.76946778,-22.48328459,-153.0440203,5258.881718,-2785.379794,-3015.854586,LG
21.01713538,-21.89027594,-148.4290938,5261.306066,-2642.384621,-3123.739141,LG
21.24490635,-21.27550616,-143.668353,5258.440886,-2496.773295,-3228.452907,LG
21.45088582,-20.63987976,-138.7651471,5250.483461,-2348.706296,-3330.068564,LG
21.63653821,-19.98372665,-133.7256621,5237.247467,-2198.312993,-3428.310063,LG
21.800015,-19.30799134,-128.5535262,5218.939865,-2045.758537,-3523.255964,LG
21.94281776,-18.61304414,-123.2551869,5195.385103,-1891.176774,-3614.637307,LG
22.06314505,-17.89986702,-117.8345317,5166.799767,-1734.73694,-3702.538919,LG
22.16253626,-17.16886809,-112.2982495,5133.019004,-1576.576764,-3786.699293,LG
22.23923754,-16.42106403,-106.6504665,5094.268939,-1416.868966,-3867.20988,LG
22.29482658,-15.65689798,-100.8980919,5050.395303,-1255.754547,-3943.816969,LG
22.32759751,-14.87741852,-95.04546901,5001.633628,-1093.409094,-4016.618966,LG
22.33916663,-14.08310089,-89.09970537,4947.840077,-929.9762597,-4085.370266,LG
22.32787624,-13.27502257,-83.06533893,4889.259422,-765.6338724,-4150.176528,LG
22.2953814,-12.45368787,-76.94965276,4825.758066,-600.5276015,-4210.800536,LG
22.24007264,-11.62020009,-70.75735632,4757.58981,-434.8368802,-4267.355474,LG
22.16364371,-10.77508947,-64.49588475,4684.631071,-268.7087555,-4319.612765,LG
22.06453322,-9.919481921,-58.17009518,4607.144433,-102.323622,-4367.693353,LG
21.94447346,-9.053930351,-51.78755068,4525.016056,64.17074102,-4411.37752,LG
21.80195077,-8.179580009,-45.35323167,4438.517029,230.5936243,-4450.794176,LG
21.6387356,-7.29700314,-38.87480454,4347.542949,396.7971646,-4485.732648,LG
21.45336157,-6.407360955,-32.3573481,4252.373092,562.6009865,-4516.329982,LG
21.24763675,-5.511241628,-25.80860703,4152.912157,727.8577907,-4542.384703,LG
21.02014137,-4.609818899,-19.23373329,4049.447249,892.388183,-4564.042132,LG
20.77272039,-3.7036934,-12.64052446,3941.891797,1056.046074,-4581.110106,LG
20.50399987,-2.794047917,-6.03418015,3830.540354,1218.653695,-4593.742326,LG
20.2158608,-1.881492025,0.577474767,3715.314671,1380.066806,-4601.756026,LG
19.90697405,-0.967214027,7.189218713,3596.516332,1540.109901,-4605.313352,LG
19.57925564,-0.051828898,13.79322524,3474.074977,1698.641224,-4604.240982,LG
19.23142011,0.863473093,20.38427658,3348.29877,1855.48816,-4598.709544,LG
18.86541731,1.778075135,26.95457044,3219.124776,2010.512061,-4588.555169,LG
18.48000416,2.690788556,33.49891859,3086.867267,2163.543819,-4573.956963,LG
18.07716298,3.600998278,40.00956854,2951.470241,2314.448505,-4554.760491,LG
17.65569168,4.507520785,46.48138723,2813.253575,2463.061122,-4531.153296,LG
17.21760355,5.409746287,52.90669744,2672.167683,2609.251058,-4502.99032,LG
16.76173587,6.306499967,59.28044663,2528.537522,2752.858012,-4470.467471,LG
16.2901313,7.197180858,65.59505807,2382.319381,2893.756268,-4433.448971,LG
15.80166476,8.080626353,71.84558475,2233.842751,3031.790793,-4392.138985,LG
15.29840653,8.956247804,78.02457526,2083.069235,3166.841324,-4346.41089,LG
14.77926731,9.822898279,84.12721273,1930.332288,3298.758645,-4296.476966,LG
14.24634312,10.68000489,90.14619538,1775.598248,3427.428483,-4242.219579,LG
13.69857848,11.52643979,96.07686059,1619.20395,3552.707966,-4183.858947,LG
13.13809309,12.36164924,101.91208,1461.119869,3674.489328,-4121.286232,LG
12.56386323,13.18452779,107.6473685,1301.685617,3792.636537,-4054.72938,LG
11.9780302,13.99454416,113.2757944,1140.875199,3907.048821,-3984.088119,LG
11.37959979,14.79061857,118.793073,979.0303901,4017.597467,-3909.597881,LG
10.77073267,15.57224536,124.1924913,816.1280989,4124.189157,-3831.166698,LG
10.15046188,16.33837361,129.4699871,652.511641,4226.70294,-3749.037216,LG
9.520965157,17.08852639,134.6190875,488.1601972,4325.053381,-3663.12548,LG
8.881300378,17.82168463,139.6359738,323.4179898,4419.12771,-3573.681045,LG
8.233659921,18.53740316,144.514434,158.2658335,4508.848776,-3480.627647,LG
7.577124068,19.23469769,149.2509127,-6.951781315,4594.112367,-3384.221418,LG
6.913897365,19.91315763,153.8394783,-172.2530496,4674.849983,-3284.393436,LG
6.243079946,20.57183627,158.276858,-337.2938541,4750.966325,-3181.406047,LG
5.566885987,21.21036032,162.5574188,-502.0920448,4822.401873,-3075.197293,LG
4.884432875,21.82782329,166.6781883,-666.3045197,4889.070552,-2966.035349,LG
4.197941822,22.42389177,170.6338497,-829.949428,4950.922125,-2853.864821,LG
3.506544818,22.99770194,174.4217475,-992.6853234,5007.880016,-2738.959295,LG
2.812467465,23.54896271,178.0368971,-1154.531296,5059.903528,-2621.269516,LG
2.114853672,24.07685526,181.4769754,-1315.14819,5106.92583,-2501.074051,LG
1.415930749,24.58113301,184.7373445,-1474.556671,5148.915983,-2378.329328,LG
0.714851807,25.06102431,187.816028,-1632.420505,5185.817104,-2253.318439,LG
0.013843164,25.51632916,190.7087483,-1788.76256,5217.608198,-2126.00303,LG
-0.687935607,25.94632503,193.4138881,-1943.250141,5244.242491,-1996.670238,LG
-1.388261894,26.35086037,195.9275421,-2095.908936,5265.709077,-1865.286439,LG
-2.087972405,26.72926354,198.2484635,-2246.410395,5281.971413,-1732.142322,LG
-2.784850959,27.08143313,200.3731297,-2394.783631,5293.028786,-1597.208485,LG
-3.479733282,27.40674994,202.3006743,-2540.704833,5298.854971,-1460.77866,LG
-4.170412333,27.70516419,204.0279664,-2684.207123,5299.459508,-1322.827149,LG
-4.85772559,27.97611051,205.5545283,-2824.972008,5294.826533,-1183.650201,LG
-5.539477841,28.21959198,206.8776283,-2963.037191,5284.975864,-1043.225289,LG
-6.21651102,28.43509824,207.9971841,-3098.090049,5269.901998,-901.8506441,LG
-6.88664441,28.62268629,208.910869,-3230.173418,5249.635014,-759.5063664,LG
-7.550727066,28.78190171,209.6190015,-3358.981084,5224.179731,-616.492123,LG
-8.20659539,28.91285628,210.1196643,-3484.56154,5193.576432,-472.7900899,LG
-8.855108185,29.01515225,210.4135799,-3606.615495,5157.840178,-328.7008173,LG
-9.494121541,29.08895679,210.4992436,-3725.197603,5117.021355,-184.207998,LG
-10.12450658,29.13392932,210.3777837,-3840.015983,5071.14515,-39.61250762,LG
-10.74414159,29.15029282,210.0481088,-3951.131926,5020.271912,105.1010073,LG
-11.35391251,29.13776417,209.5117539,-4058.261422,4964.436793,249.6319069,LG
-11.95172227,29.09662232,208.7680405,-4161.47285,4903.709928,393.9951553,LG
-12.53847406,29.02664166,207.8189085,-4260.490498,4838.136236,537.8909108,LG
-13.11209783,28.92815709,206.6640904,-4355.390254,4767.79542,681.3343125,LG
-13.67351633,28.80100035,205.3059283,-4445.905106,4692.74193,824.0268777,LG
-14.22068879,28.64556199,203.7445618,-4532.118835,4613.064781,965.9844824,LG
-14.7545598,28.46173073,201.982731,-4613.773499,4528.82768,1106.91056,LG
-15.27312005,28.2499523,200.0209769,-4690.961125,4440.128661,1246.822281,LG
-15.7773381,28.01017176,197.8624315,-4763.433177,4347.04038,1385.425545,LG
-16.26523815,27.74288929,195.508031,-4831.290247,4249.669562,1522.739368,LG
-16.73781478,27.44810551,192.961291,-4894.293502,4148.097462,1658.472662,LG
-17.19312765,27.12637413,190.2235344,-4952.552385,4042.439137,1792.646827,LG
-17.63219928,26.77775023,187.2986519,-5005.838028,3932.784062,1924.974319,LG
-18.0531266,26.40283991,184.1883429,-5054.268974,3819.25523,2055.479454,LG
-18.45696187,26.00175148,180.8968622,-5097.626541,3701.949925,2183.878755,LG
-18.84184099,25.57514208,177.4262744,-5136.038582,3580.998647,2310.19997,LG
-19.20884758,25.1231718,173.7811866,-5169.296794,3456.506047,2434.164194,LG
-19.55615811,24.6465472,169.9640158,-5197.538504,3328.609676,2555.803109,LG
-19.88488906,24.14547851,165.9797076,-5220.565936,3197.421083,2674.842873,LG
-20.19325888,23.62072001,161.8310172,-5238.526027,3063.084383,2791.319587,LG
-20.4824183,23.07253015,157.5232141,-5251.231633,2925.717523,2904.964943,LG
-20.75062897,22.50170897,153.0593759,-5258.839391,2785.470674,3015.819927,LG
-20.9990771,21.90856114,148.4450799,-5261.17286,2642.467657,3123.622219,LG
-21.22606868,21.29393031,143.6837095,-5258.398429,2496.864164,3228.418131,LG
-21.43282645,20.65816514,138.7811322,-5250.350386,2348.789343,3329.95176,LG
-21.61770169,20.00215059,133.7410195,-5237.20488,2198.40385,3428.275168,LG
-21.78195453,19.32627688,128.5695104,-5218.80692,2045.841595,3523.139278,LG
-21.92398238,18.63146785,123.2705451,-5195.342387,1891.26762,3614.602295,LG
-22.04508351,17.91815274,117.8505149,-5166.666952,1734.820009,3702.42235,LG
-22.14370202,17.18729157,112.3136085,-5132.97616,1576.667598,3786.664164,LG
-22.22117492,16.43934992,106.6664488,-5094.136254,1416.952045,3867.093428,LG
-22.27599347,15.67532125,100.9134518,-5050.35233,1255.845369,3943.781724,LG
-22.3095338,14.89570458,95.06145039,-5001.501072,1093.492184,4016.502631,LG
-22.32033465,14.10152393,89.11506615,-4947.796976,930.0670708,4085.334905,LG
-22.30981146,13.2933088,83.08131939,-4889.126995,765.7169725,4150.060309,LG
-22.27655056,12.47211069,76.96501439,-4825.714837,600.6184011,4210.765059,LG
-22.22200678,11.6384865,70.77333586,-4757.457512,434.9199908,4267.239371,LG
-22.14481399,10.79351207,64.51124724,-4684.587714,268.7995436,4319.577172,LG
-22.0464663,9.937768496,58.1860738,-4607.012262,102.4067431,4367.577365,LG
-21.92564486,9.072352725,51.80291403,-4524.972573,-64.07996422,4411.341812,LG
-21.78388278,8.197866753,45.36920938,-4438.384986,-230.5104927,4450.678304,LG
-21.61990812,7.315425293,38.89016873,-4347.49934,-396.7063992,4485.696825,LG
-21.43529253,6.425647869,32.3733249,-4252.241177,-562.5178444,4516.214225,LG
-21.22881039,5.529663561,25.82397207,-4152.868421,-727.7670366,4542.348766,LG
-21.00207126,4.628105982,19.24970918,-4049.31546,-892.3050306,4563.926489,LG
-20.75389514,3.722115114,12.65589035,-3941.847935,-1055.955332,4581.074054,LG
-20.4859287,2.812335167,6.050155132,-3830.408692,-1218.570532,4593.626798,LG
-20.19703666,1.89991352,-0.562108035,-3715.270684,-1379.976075,4601.71986,LG
-19.88890184,0.985501445,-7.173244634,-3596.384796,-1540.026727,4605.197938,LG
-19.56043261,0.070250175,-13.77785767,-3474.030864,-1698.550504,4604.204703,LG
-19.21334685,-0.845185508,-20.3683034,-3348.16736,-1855.404976,4598.594243,LG
-18.84659538,-1.759654075,-26.93920203,-3219.080539,-2010.421352,4588.518777,LG
-18.46192985,-2.672500805,-33.48294631,-3086.735983,-2163.460625,4573.841775,LG
-18.05834215,-3.582577435,-39.9941993,-2951.425879,-2314.357807,4554.723986,LG
-17.63761633,-4.489232868,-46.46541585,-2813.122416,-2462.977918,4531.038222,LG
-17.19878382,-5.39132566,-52.89132737,-2672.123197,-2609.160371,4502.953703,LG
-16.74365947,-6.288211884,-59.26447614,-2528.406488,-2752.774798,4470.352509,LG
-16.27131266,-7.178760448,-65.57968716,-2382.274772,-2893.665593,4433.412241,LG
-15.78358733,-8.062338106,-71.82961516,-2233.711841,-3031.707569,4392.024136,LG
-15.27958898,-8.937827609,-78.00920352,-2083.024502,-3166.750659,4346.374049,LG
-14.76118885,-9.804609868,-84.11124402,-1930.201502,-3298.67541,4296.362229,LG
-14.22752666,-10.66158491,-90.13082282,-1775.553392,-3427.33783,4242.182626,LG
-13.68049898,-11.50815122,-96.06089277,-1619.073288,-3552.624722,4183.744322,LG
-13.11927772,-12.34322947,-101.8967066,-1461.07489,-3674.398685,4121.249168,LG
-12.54578271,-13.16623906,-107.6314016,-1301.555079,-3792.553282,4054.614866,LG
-11.9592159,-13.9761246,-113.2604202,-1140.830098,-3906.958189,3984.050943,LG
-11.36151824,-14.77232967,-118.777107,-978.8999746,-4017.514202,3909.483478,LG
-10.75191946,-15.55382602,-124.1771163,-816.0828763,-4124.098536,3831.129412,LG
-10.13237932,-16.32008455,-129.4540219,-652.3813481,-4226.619665,3748.922923,LG
-9.50215302,-17.07010726,-134.6037117,-488.114853,-4324.962772,3663.088083,LG
-8.863216791,-17.80339541,-139.6200095,-323.2878193,-4419.044425,3573.566863,LG
-8.214848857,-18.51898425,-144.4990573,-158.2203681,-4508.758177,3480.590141,LG
-7.559039466,-19.21640831,-149.2349493,7.08182988,-4594.029072,3384.107346,LG
-6.895087372,-19.89473893,-153.8241008,172.2986359,-4674.759395,3284.35582,LG
-6.22499433,-20.55354672,-158.2608954,337.4237811,-4750.88302,3181.292085,LG
-5.54807706,-21.19194183,-162.5420405,502.1377516,-4822.311296,3075.159568,LG
-4.86634625,-21.80953358,-166.6622266,666.4343253,-4888.987238,2965.921497,LG
-4.179133959,-22.40547349,-170.6184706,829.995255,-4950.831558,2853.826986,LG
-3.488457187,-22.97941208,-174.4057867,992.8150081,-5007.796692,2738.845552,LG
-2.793660664,-23.53054464,-178.0215172,1154.577242,-5059.812973,2621.231573,LG
-2.096765036,-24.05856523,-181.4610154,1315.277754,-5106.842495,2500.960416,LG
-1.397125006,-24.56271515,-184.7219638,1474.602737,-5148.825438,2378.291276,LG
-0.69676217,-25.04273413,-187.8000689,1632.549949,-5185.733759,2253.204913,LG
0.004961524,-25.49791151,-190.6933668,1788.808746,-5217.517664,2125.96487,LG
0.706026241,-25.92803469,-193.3979299,1943.379465,-5244.159137,1996.556821,LG
1.40706553,-26.33244293,-195.9121598,2095.95524,-5265.618553,1865.248172,LG
2.106064035,-26.71097304,-198.2325062,2246.539599,-5281.888049,1732.029012,LG
2.803653545,-27.06301589,-200.3577466,2394.830053,-5292.938274,1597.17011,LG
3.497825903,-27.38845929,-202.2847178,2540.833918,-5298.771597,1460.665458,LG
4.189213873,-27.68674716,-204.0125826,2684.253664,-5299.369007,1322.788667,LG
4.8758192,-27.9578197,-205.5385727,2825.100974,-5294.743149,1183.537106,LG
5.558278338,-28.20117516,-206.8622437,2963.083849,-5284.885373,1043.1867,LG
6.234605617,-28.41680727,-207.9812293,3098.218897,-5269.818605,901.7376562,LG
6.905443866,-28.60426968,-208.8954836,3230.220194,-5249.544533,759.4676704,LG
7.568822646,-28.76361059,-209.6030475,3359.109813,-5224.096328,616.3792419,LG
8.225393808,-28.89443987,-210.1042781,3484.608433,-5193.485961,472.7512876,LG
8.873204745,-28.99686097,-210.3976268,3606.744107,-5157.756765,328.5880426,LG
9.512918924,-29.07054059,-210.4838566,3725.244613,-5116.930895,184.1690897,LG
10.14260412,-29.11563789,-210.3618314,3840.144477,-5071.061728,39.49983893,LG
10.76293794,-29.13187683,-210.032721,3951.179053,-5020.181462,-105.1400212,LG
11.37201102,-29.11947259,-209.4958025,4058.389799,-4964.353361,-249.7444698,LG
11.97051759,-29.07820653,-208.7526519,4161.520092,-4903.619489,-394.0342746,LG
12.55657355,-29.00834993,-207.8029579,4260.618758,-4838.052795,-538.0033682,LG
13.13089212,-28.9097415,-206.648701,4355.437612,-4767.704992,-681.3735369,LG
13.69161678,-28.78270846,-205.2899786,4446.033249,-4692.658479,-824.13923,LG
14.23948206,-28.62714661,-203.7291717,4532.166308,-4612.974363,-966.0238116,LG
14.77266122,-28.44343869,-201.966782,4613.901526,-4528.744219,-1107.022807,LG
15.2919123,-28.23153711,-200.0055861,4691.008714,-4440.038254,-1246.861714,LG
15.79544048,-27.99187956,-197.8464835,4763.561088,-4346.95691,-1385.537688,LG
16.28402938,-27.72447431,-195.4926393,4831.337951,-4249.579165,-1522.778906,LG
16.75591812,-27.42981317,-192.9453438,4894.421298,-4148.013982,-1658.584701,LG
17.21191787,-27.10795935,-190.208142,4952.600204,-4042.34875,-1792.686468,LG
17.65030358,-26.75945774,-187.2827055,5005.965709,-3932.700573,-1925.086253,LG
18.07191581,-26.38442533,-184.1729497,5054.316906,-3819.164853,-2055.519199,LG
18.47506712,-25.98345884,-180.8809166,5097.754107,-3701.866427,-2183.990586,LG
18.86062919,-25.5567277,-177.4108804,5136.086628,-3580.90828,-2310.239819,LG
19.22695378,-25.104879,-173.7652418,5169.424245,-3456.42254,-2434.275921,LG
19.5749453,-24.62813303,-169.9486211,5197.586664,-3328.51932,-2555.84306,LG
19.90299622,-24.12718557,-165.9637637,5220.693273,-3197.337566,-2674.954497,LG
20.21204507,-23.60230603,-161.8156218,5238.574299,-3062.994038,-2791.359641,LG
20.5005264,-23.05423706,-157.5072709,5251.358856,-2925.633997,-2905.076465,LG
20.76941416,-22.48329519,-153.0439797,5258.887776,-2785.380339,-3015.860084,LG
21.01718614,-21.8902679,-148.4291375,5261.29997,-2642.384122,-3123.733638,LG
21.24485287,-21.27551673,-143.6683125,5258.446927,-2496.773839,-3228.458389,LG
21.45093643,-20.63987175,-138.7651907,5250.477382,-2348.705798,-3330.063077,LG
21.63648488,-19.9837372,-133.7256218,5237.25349,-2198.313535,-3428.315529,LG
21.80006546,-19.30798335,-128.5535697,5218.933804,-2045.758041,-3523.250493,LG
21.94276458,-18.61305467,-123.2551466,5195.391108,-1891.177315,-3614.642757,LG
22.06319537,-17.89985906,-117.834575,5166.793723,-1734.736446,-3702.533463,LG
22.16248323,-17.16887858,-112.2982093,5133.024993,-1576.577303,-3786.704727,LG
22.23928771,-16.42105609,-106.6505097,5094.262913,-1416.868473,-3867.20444,LG
22.2947737,-15.65690846,-100.8980519,5050.401275,-1255.755084,-3943.822388,LG
22.32764753,-14.87741062,-95.0455121,5001.627619,-1093.408602,-4016.613542,LG
22.33911389,-14.08311134,-89.09966547,4947.846032,-929.9767957,-4085.375669,LG
22.32792611,-13.27501469,-83.0653819,4889.25343,-765.6333822,-4150.171119,LG
22.29532882,-12.45369829,-76.94961297,4825.764003,-600.5281361,-4210.805924,LG
22.24012236,-11.62019224,-70.75739918,4757.583835,-434.8363915,-4267.350081,LG
22.16359127,-10.77509986,-64.49584508,4684.636991,-268.7092886,-4319.618137,LG
22.06458279,-9.919474094,-58.17013792,4607.138475,-102.3231347,-4367.687975,LG
21.94442117,-9.053940717,-51.78751113,4525.021959,64.17020936,-4411.382877,LG
21.80200019,-8.179572208,-45.35327429,4438.511088,230.5941101,-4450.788814,LG
21.63868346,-7.29701348,-38.87476511,4347.548835,396.7966344,-4485.737989,LG
21.45341085,-6.407353181,-32.35739061,4252.367168,562.6014708,-4516.324635,LG
21.24758475,-5.511251942,-25.80856771,4152.918026,727.857262,-4542.390029,LG
21.0201905,-4.609811151,-19.23377568,4049.441342,892.3886659,-4564.0368,LG
20.77266854,-3.703703689,-12.64048526,3941.897649,1056.045547,-4581.115417,LG
20.50404886,-2.794040195,-6.034222418,3830.534464,1218.654176,-4593.73701,LG
20.21580909,-1.881502287,0.577513844,3715.320507,1380.06628,-4601.761321,LG
19.9070229,-0.96720633,7.189176561,3596.510459,1540.110381,-4605.308051,LG
19.57920408,-0.051839135,13.7932642,3474.080795,1698.6407,-4604.246263,LG
19.23146882,0.863480763,20.38423455,3348.292913,1855.488638,-4598.704258,LG
18.86536588,1.778064923,26.95460928,3219.130577,2010.511538,-4588.560435,LG
18.48005271,2.690796201,33.49887667,3086.861427,2163.544296,-4573.951692,LG
18.0771117,3.600988092,40.00960727,2951.476026,2314.447984,-4554.765741,LG
17.65574009,4.507528404,46.48134542,2813.247752,2463.061598,-4531.148041,LG
17.21755242,5.409736126,52.90673606,2672.173451,2609.250538,-4502.995556,LG
16.76178414,6.30650756,59.28040494,2528.531715,2752.858487,-4470.46223,LG
16.2900803,7.197170723,65.59509657,2382.325133,2893.755749,-4433.454191,LG
15.80171289,8.080633921,71.84554318,2233.836961,3031.791266,-4392.13376,LG
15.29835567,8.956237694,78.02461364,2083.07497,3166.840807,-4346.416096,LG
14.7793153,9.822905821,84.12717127,1930.326514,3298.759116,-4296.471756,LG
14.24629241,10.67999481,90.14623365,1775.603967,3427.427967,-4242.224769,LG
13.69862632,11.52644731,96.07681925,1619.198193,3552.708437,-4183.853752,LG
13.13804252,12.36163918,101.9121181,1461.125571,3674.488813,-4121.291408,LG
12.56391094,13.18453528,107.6473273,1301.679877,3792.637005,-4054.7242,LG
11.97797977,13.99453412,113.2758324,1140.880885,3907.048308,-3984.09328,LG
11.37964735,14.79062603,118.7930319,979.0246659,4017.597934,-3909.592715,LG
10.77068238,15.57223535,124.1925292,816.1337684,4124.188645,-3831.171844,LG
10.15050931,16.33838105,129.4699461,652.5059331,4226.703406,-3749.032064,LG
9.520915008,17.0885164,134.6191253,488.1658503,4325.052871,-3663.130611,LG
8.881347661,17.82169205,139.6359329,323.4122982,4419.128175,-3573.675908,LG
8.233609913,18.5373932,144.5144717,158.2714703,4508.848267,-3480.632764,LG
7.577171212,19.23470508,149.2508719,-6.957456664,4594.11283,-3384.216296,LG
6.913847496,19.9131477,153.8395159,-172.247429,4674.849476,-3284.398538,LG
6.24312695,20.57184363,158.2768173,-337.2995133,4750.966786,-3181.400939,LG
5.566836256,21.21035041,162.5574563,-502.0864404,4822.401367,-3075.20238,LG
4.884479741,21.82783063,166.6781478,-666.3101627,4889.071013,-2966.030257,LG
4.19789223,22.42388188,170.6338871,-829.9438397,4950.92162,-2853.869893,LG
3.506591545,22.99770926,174.4217071,-992.6909503,5007.880475,-2738.954217,LG
2.812418011,23.54895285,178.0369343,-1154.525723,5059.903025,-2621.274574,LG
2.114900261,24.07686255,181.476935,-1315.1538,5106.926287,-2501.068987,LG
1.415881433,24.58112317,184.7373816,-1474.551115,5148.915481,-2378.334371,LG
0.714898258,25.06103157,187.8159878,-1632.4261,5185.81756,-2253.31339,LG
0.013793985,25.51631935,190.7087853,-1788.75702,5217.607697,-2126.008059,LG
-0.687889293,25.94633227,193.413848,-1943.25572,5244.242946,-1996.665204,LG
-1.388310936,26.35085058,195.927579,-2095.903411,5265.708577,-1865.291454,LG
-2.087926228,26.72927076,198.2484235,-2246.415958,5281.971866,-1732.137302,LG
-2.784899864,27.08142336,200.3731665,-2394.778122,5293.028288,-1597.213485,LG
-3.479687241,27.40675714,202.3006345,-2540.71038,5298.855423,-1460.773654,LG
-4.170461102,27.70515445,204.0280031,-2684.201631,5299.459012,-1322.832135,LG
-4.857679685,27.97611768,205.5544886,-2824.977539,5294.826984,-1183.64521,LG
-5.539526475,28.21958227,206.8776649,-2963.031714,5284.975369,-1043.230261,LG
-6.216465251,28.43510538,207.9971444,-3098.095565,5269.902447,-901.8456671,LG
-6.886692908,28.6226766,208.9109055,-3230.167957,5249.63452,-759.5113235,LG
-7.550681433,28.78190883,209.6189619,-3358.986584,5224.180179,-616.4871603,LG
-8.206643754,28.91284662,210.1197007,-3484.556095,5193.575939,-472.7950327,LG
-8.855062686,29.01515934,210.4135405,-3606.620979,5157.840625,-328.6958688,LG
-9.49416977,29.08894715,210.4992798,-3725.192174,5117.020864,-184.2129267,LG
-10.12446121,29.13393639,210.3777443,-3840.021451,5071.145595,-39.60757323,LG
-10.74418968,29.15028321,210.048145,-3951.126512,5020.271422,105.0960928,LG
-11.35386728,29.13777122,209.5117147,-4058.266875,4964.437237,249.6368271,LG
-11.95177023,29.09661273,208.7680765,-4161.467451,4903.709439,393.9902549,LG
-12.53842897,29.02664869,207.8188694,-4260.495935,4838.136679,537.8958169,LG
-13.11214565,28.92814752,206.6641263,-4355.384871,4767.794933,681.3294262,LG
-13.67347137,28.80100735,205.3058893,-4445.910528,4692.742371,824.0317698,LG
-14.22073648,28.64555245,203.7445977,-4532.113467,4613.064295,965.9796101,LG
-14.75451497,28.46173771,201.9826921,-4613.778905,4528.82812,1106.915438,LG
-15.27316761,28.24994278,200.0210127,-4690.955773,4440.128177,1246.817422,LG
-15.7772934,28.01017871,197.8623927,-4763.438567,4347.040818,1385.430409,LG
-16.26528558,27.7428798,195.5080666,-4831.284911,4249.669078,1522.734524,LG
-16.73777022,27.44811244,192.9612523,-4894.298877,4148.097899,1658.477512,LG
-17.19317495,27.12636465,190.2235699,-4952.547065,4042.438655,1792.641996,LG
-17.63215485,26.77775713,187.2986134,-5005.843388,3932.784498,1924.979155,LG
-18.05317377,26.40283045,184.1883783,-5054.263668,3819.254749,2055.474638,LG
-18.45691756,26.00175837,180.8968237,-5097.631886,3701.95036,2183.883578,LG
-18.84188802,25.57513265,177.4263097,-5136.033292,3580.998167,2310.195167,LG
-19.20880341,25.12317865,173.7811483,-5169.302123,3456.50648,2434.169002,LG
-19.55620501,24.6465378,169.964051,-5197.533229,3328.609198,2555.79832,LG
-19.88484502,24.14548535,165.9796694,-5220.57125,3197.421515,2674.847668,LG
-20.19330566,23.62071063,161.8310523,-5238.520767,3063.083907,2791.314811,LG
-20.48237439,23.07253696,157.5231759,-5251.236932,2925.717954,2904.969724,LG
-20.75067561,22.50169961,153.0594109,-5258.834146,2785.470199,3015.815166,LG
-20.99903332,21.90856792,148.4450418,-5261.178144,2642.468087,3123.626987,LG
-21.2261152,21.29392098,143.6837444,-5258.393199,2496.86369,3228.413383,LG
-21.4327828,20.6581719,138.7810943,-5250.355654,2348.789771,3329.956514,LG
-21.61774807,20.00214127,133.7410542,-5237.199666,2198.403378,3428.270434,LG
-21.78191101,19.32628362,128.5694725,-5218.812174,2045.842022,3523.144018,LG
-21.92402864,18.63145856,123.2705797,-5195.337187,1891.267148,3614.597575,LG
-22.04504012,17.91815945,117.8504771,-5166.672191,1734.820434,3702.427077,LG
-22.14374815,17.1872823,112.3136431,-5132.970975,1576.667128,3786.659457,LG
-22.22113165,16.43935661,106.6664111,-5094.141478,1416.95247,3867.098141,LG
-22.27603947,15.675312,100.9134863,-5050.34716,1255.8449,3943.777031,LG
-22.30949067,14.89571126,95.06141285,-5001.506281,1093.492607,4016.507331,LG
-22.32038052,14.10151471,89.11510051,-4947.791821,930.0666031,4085.330225,LG
-22.30976845,13.29331545,83.08128195,-4889.132189,765.7173944,4150.064995,LG
-22.2765963,12.47210149,76.96504865,-4825.709697,600.6179347,4210.760393,LG
-22.2219639,11.63849312,70.77329853,-4757.462691,434.9204114,4267.244044,LG
-22.14485961,10.79350289,64.5112814,-4684.582589,268.7990785,4319.572519,LG
-22.04642355,9.937775099,58.18603657,-4607.017427,102.4071625,4367.582025,LG
-21.92569035,9.072343572,51.80294808,-4524.967462,-64.08042814,4411.337172,LG
-21.78384016,8.197873334,45.36917225,-4438.390135,-230.5100746,4450.68295,LG
-21.61995349,7.315416163,38.89020268,-4347.494244,-396.7068618,4485.692198,LG
-21.43525003,6.425654427,32.37328788,-4252.246312,-562.5174275,4516.218858,LG
-21.22885563,5.529654453,25.82400592,-4152.86334,-727.767498,4542.344152,LG
-21.00202889,4.628112516,19.24967226,-4049.320581,-892.304615,4563.931109,LG
-20.75394026,3.722106029,12.65592409,-3941.842869,-1055.955792,4581.069454,LG
-20.48588646,2.81234168,6.05011831,-3830.413798,-1218.570118,4593.631404,LG
-20.19708165,1.899904457,-0.562074391,-3715.265632,-1379.976534,4601.715273,LG
-19.88885972,0.985507935,-7.173281356,-3596.389888,-1540.026314,4605.202531,LG
-19.56047747,0.070241134,-13.77782413,-3474.025827,-1698.550962,4604.20013,LG
-19.21330485,-0.84517904,-20.36834002,-3348.172436,-1855.404564,4598.598823,LG
-18.84664011,-1.759663094,-26.93916859,-3219.075516,-2010.421809,4588.514216,LG
-18.46188797,-2.67249436,-33.48298283,-3086.741045,-2163.460214,4573.846342,LG
-18.05838677,-3.582586432,-39.99416596,-2951.420871,-2314.358263,4554.719439,LG
-17.63757458,-4.489226445,-46.46545227,-2813.127464,-2462.977509,4531.042776,LG
-17.19882831,-5.391334635,-52.89129413,-2672.118203,-2609.160825,4502.949169,LG
-16.74361785,-6.288205484,-59.26451246,-2528.411521,-2752.77439,4470.35705,LG
-16.27135703,-7.1787694,-65.57965402,-2382.269792,-2893.666045,4433.40772,LG
-15.78354583,-8.062331728,-71.82965138,-2233.71686,-3031.707162,4392.028664,LG
-15.27963322,-8.93783654,-78.00917048,-2083.019537,-3166.751111,4346.36954,LG
-14.76114747,-9.804603511,-84.11128015,-1930.206507,-3298.675004,4296.366744,LG
-14.22757078,-10.66159382,-90.13078988,-1775.548442,-3427.33828,4242.17813,LG
-13.68045773,-11.50814488,-96.06092879,-1619.078278,-3552.624317,4183.748824,LG
-13.11932172,-12.34323836,-101.8966737,-1461.069954,-3674.399134,4121.244685,LG
-12.54574158,-13.16623274,-107.6314375,-1301.560055,-3792.552879,4054.619355,LG
-11.95925978,-13.97613347,-113.2603874,-1140.825176,-3906.958637,3984.046474,LG
-11.36147723,-14.77232338,-118.7771428,-978.9049364,-4017.5138,3909.487954,LG
-10.75196321,-15.55383487,-124.1770837,-816.0779683,-4124.098983,3831.124955,LG
-10.13233843,-16.32007828,-129.4540577,-652.3862958,-4226.619264,3748.927387,LG
-9.502196653,-17.07011608,-134.6036791,-488.1099591,-4324.963217,3663.083639,LG
-8.863176022,-17.80338916,-139.6200452,-323.2927528,-4419.044026,3573.571313,LG
-8.214892369,-18.51899305,-144.4990249,-158.2154882,-4508.758621,3480.58571,LG
-7.558998818,-19.21640208,-149.2349848,7.076910414,-4594.028673,3384.111784,LG
-6.895130763,-19.89474771,-153.8240685,172.3035017,-4674.759838,3284.351401,LG
-6.224953804,-20.55354052,-158.2609308,337.4188756,-4750.882622,3181.29651,LG
-5.548120331,-21.19195059,-162.5420083,502.1426034,-4822.311738,3075.155162,LG
-4.866305844,-21.8095274,-166.662262,666.4294339,-4888.986842,2965.925909,LG
-4.17917711,-22.40548222,-170.6184385,830.0000928,-4950.831999,2853.822593,LG
-3.4884169,-22.97940592,-174.405822,992.8101306,-5007.796297,2738.849952,LG
-2.793703695,-23.53055335,-178.0214851,1154.582066,-5059.813412,2621.227192,LG
-2.096724869,-24.0585591,-181.4610506,1315.27289,-5106.842101,2500.964803,LG
-1.397167918,-24.56272384,-184.7219318,1474.607547,-5148.825877,2378.286908,LG
-0.696722123,-25.04272801,-187.800104,1632.545099,-5185.733367,2253.209288,LG
0.004918731,-25.49792018,-190.6933349,1788.813542,-5217.518101,2125.960515,LG
0.70606617,-25.92802859,-193.3979648,1943.374629,-5244.158746,1996.561183,LG
1.407022856,-26.33245158,-195.912128,2095.960022,-5265.618989,1865.243829,LG
2.106103845,-26.71096697,-198.232541,2246.534777,-5281.887659,1732.033362,LG
2.803610989,-27.06302452,-200.3577149,2394.834822,-5292.938708,1597.165779,LG
3.497865595,-27.38845324,-202.2847526,2540.829109,-5298.771208,1460.669795,LG
4.189171434,-27.68675577,-204.012551,2684.258419,-5299.36944,1322.784349,LG
4.875858774,-27.95781367,-205.5386073,2825.09618,-5294.742762,1183.541431,LG
5.558236017,-28.20118375,-206.8622122,2963.08859,-5284.885805,1043.182394,LG
6.234645073,-28.41680126,-207.9812638,3098.214116,-5269.818218,901.7419686,LG
6.905401662,-28.60427824,-208.8954522,3230.224921,-5249.544964,759.463377,LG
7.568861986,-28.7636046,-209.603082,3359.105046,-5224.095943,616.3835419,LG
8.225351722,-28.89444842,-210.1042468,3484.613147,-5193.486391,472.7470065,LG
8.873243968,-28.996855,-210.3976612,3606.739353,-5157.756381,328.5923303,LG
9.512876954,-29.07054911,-210.4838254,3725.249313,-5116.931324,184.164821,LG
10.14264322,-29.11563194,-210.3618657,3840.139737,-5071.061345,39.50411438,LG
10.76289608,-29.13188533,-210.0326899,3951.183739,-5020.18189,-105.1442777,LG
11.37205001,-29.11946666,-209.4958367,4058.385072,-4964.352979,-249.7402066,LG
11.97047586,-29.07821501,-208.7526209,4161.524765,-4903.619915,-394.0385188,LG
12.55661242,-29.00834402,-207.802992,4260.614045,-4838.052414,-537.9991172,LG
13.1308505,-28.90974997,-206.6486701,4355.442272,-4767.705417,-681.377769,LG
13.69165554,-28.78270258,-205.2900126,4446.02855,-4692.6581,-824.1349911,LG
14.23944055,-28.62715505,-203.7291409,4532.170955,-4612.974787,-966.0280315,LG
14.77269987,-28.44343283,-201.9668159,4613.89684,-4528.743841,-1107.018581,LG
15.29187091,-28.23154554,-200.0055553,4691.013347,-4440.038677,-1246.865922,LG
15.79547901,-27.99187372,-197.8465173,4763.556415,-4346.956533,-1385.533473,LG
16.2839881,-27.72448271,-195.4926087,4831.34257,-4249.579587,-1522.783102,LG
16.75595654,-27.42980735,-192.9453775,4894.416638,-4148.013606,-1658.580498,LG
17.21187671,-27.10796773,-190.2081115,4952.60481,-4042.349171,-1792.690652,LG
17.65034188,-26.75945193,-187.2827391,5005.961063,-3932.700198,-1925.082063,LG
18.07187476,-26.38443369,-184.1729192,5054.321499,-3819.165273,-2055.523371,LG
18.47510531,-25.98345306,-180.8809501,5097.749474,-3701.866053,-2183.986407,LG
18.86058825,-25.55673604,-177.4108501,5136.091208,-3580.908699,-2310.243978,LG
19.22699186,-25.10487324,-173.7652753,5169.419625,-3456.422167,-2434.271755,LG
19.57490448,-24.62814135,-169.9485908,5197.59123,-3328.519738,-2555.847208,LG
19.90303418,-24.12717983,-165.963797,5220.688667,-3197.337195,-2674.950342,LG
20.21200436,-23.60231433,-161.8155916,5238.578853,-3062.994454,-2791.363776,LG
20.50056424,-23.05423134,-157.5073042,5251.354262,-2925.633627,-2905.072322,LG
20.76937356,-22.48330347,-153.0439496,5258.892316,-2785.380754,-3015.864208,LG
21.01722387,-21.8902622,-148.4291707,5261.29539,-2642.383753,-3123.729507,LG
21.24481239,-21.27552499,-143.6682825,5258.451454,-2496.774253,-3228.462501,LG
21.45097405,-20.63986607,-138.7652238,5250.472815,-2348.70543,-3330.058958,LG
21.63644451,-19.98374544,-133.7255918,5237.258004,-2198.313948,-3428.319629,LG
21.80010296,-19.30797769,-128.5536027,5218.929249,-2045.757674,-3523.246386,LG
21.94272432,-18.61306289,-123.2551168,5195.395609,-1891.177726,-3614.646846,LG
22.06323276,-17.89985342,-117.8346079,5166.789182,-1734.73608,-3702.529368,LG
22.16244308,-17.16888679,-112.2981796,5133.029481,-1576.577714,-3786.708804,LG
22.23932499,-16.42105047,-106.6505425,5094.258384,-1416.868108,-3867.200356,LG
22.29473366,-15.65691664,-100.8980222,5050.40575,-1255.755494,-3943.826453,LG
22.3276847,-14.87740501,-95.04554483,5001.623103,-1093.408239,-4016.60947,LG
22.33907396,-14.0831195,-89.09963591,4947.850494,-929.9772042,-4085.379723,LG
22.32796317,-13.27500911,-83.06541454,4889.248927,-765.6330195,-4150.167059,LG
22.295289,-12.45370643,-76.94958351,4825.768452,-600.5285435,-4210.809966,LG
22.24015931,-11.62018668,-70.75743173,4757.579346,-434.8360298,-4267.346032,LG
22.16355157,-10.77510799,-64.49581571,4684.641427,-268.7096949,-4319.622168,LG
22.06461964,-9.919468551,-58.17017038,4607.133998,-102.3227742,-4367.683938,LG
21.94438157,-9.05394882,-51.78748185,4525.026383,64.16980416,-4411.386895,LG
21.80203693,-8.179566685,-45.35330666,4438.506623,230.5944696,-4450.784788,LG
21.63864397,-7.297021563,-38.87473591,4347.553246,396.7962303,-4485.741996,LG
21.45344748,-6.407347678,-32.35742289,4252.362717,562.6018291,-4516.320621,LG
21.24754537,-5.511260006,-25.8085386,4152.922424,727.8568589,-4542.394025,LG
21.02022702,-4.609805667,-19.23380787,4049.436903,892.3890232,-4564.032798,LG
20.77262927,-3.703711733,-12.64045624,3941.902035,1056.045145,-4581.119401,LG
20.50408526,-2.79403473,-6.034254524,3830.530038,1218.654532,-4593.733019,LG
20.21576993,-1.881510312,0.577542781,3715.32488,1380.065879,-4601.765294,LG
19.9070592,-0.967200886,7.189144543,3596.506045,1540.110736,-4605.304071,LG
19.57916502,-0.051847141,13.79329305,3474.085155,1698.6403,-4604.250224,LG
19.231505,0.863486188,20.38420261,3348.288512,1855.488992,-4598.700289,LG
18.86532694,1.778056937,26.95463804,3219.134925,2010.51114,-4588.564384,LG
18.4800888,2.690801607,33.49884482,3086.857039,2163.544649,-4573.947735,LG
18.07707287,3.600980125,40.00963595,2951.480361,2314.447586,-4554.76968,LG
17.65577607,4.50753379,46.48131367,2813.243376,2463.06195,-4531.144095,LG
17.21751368,5.409728178,52.90676465,2672.177774,2609.250141,-4502.999483,LG
16.76182,6.306512927,59.28037327,2528.527352,2752.858837,-4470.458296,LG
16.29004168,7.197162794,65.59512507,2382.329443,2893.755354,-4433.458107,LG
15.80174865,8.080639269,71.8455116,2233.83261,3031.791616,-4392.129837,LG
15.29831716,8.956229784,78.02464206,2083.079268,3166.840412,-4346.42,LG
14.77935095,9.82291115,84.12713978,1930.322176,3298.759465,-4296.467844,LG
14.246254,10.67998691,90.14626198,1775.608252,3427.427574,-4242.228663,LG
13.69866187,11.52645262,96.07678784,1619.193867,3552.708784,-4183.849851,LG
13.13800422,12.3616313,101.9121464,1461.129844,3674.488421,-4121.29529,LG
12.56394638,13.18454058,107.647296,1301.675563,3792.637352,-4054.72031,LG
11.97794157,13.99452627,113.2758606,1140.885146,3907.047917,-3984.097151,LG
11.37968268,14.79063131,118.7930007,979.0203645,4017.59828,-3909.588836,LG
10.77064429,15.57222752,124.1925573,816.1380169,4124.188255,-3831.175704,LG
10.15054454,16.3383863,129.4699149,652.501644,4226.70375,-3749.028197,LG
9.520877019,17.08850859,134.6191533,488.1700865,4325.052482,-3663.13446,LG
8.881382785,17.82169728,139.6359019,323.4080214,4419.128518,-3573.672052,LG
8.233572028,18.53738541,144.5144996,158.2756943,4508.847879,-3480.636602,LG
7.577206231,19.2347103,149.2508409,-6.96172134,4594.113172,-3384.212451,LG
6.913809716,19.91313992,153.8395437,-172.2432172,4674.849089,-3284.402365,LG
6.243161865,20.57184883,158.2767864,-337.3037658,4750.967128,-3181.397105,LG
5.566798581,21.21034265,162.557484,-502.0822407,4822.400981,-3075.206196,LG
4.884514552,21.82783581,166.6781169,-666.3144031,4889.071353,-2966.026433,LG
4.197854658,22.42387414,170.6339147,-829.9396521,4950.921235,-2853.873698,LG
3.506626252,22.99771442,174.4216764,-992.6951786,5007.880815,-2738.950405,LG
2.812380543,23.54894512,178.0369619,-1154.521548,5059.902641,-2621.278368,LG
2.114934864,24.07686769,181.4769044,-1315.158017,5106.926626,-2501.065186,LG
1.415844068,24.58111547,184.7374091,-1474.546951,5148.915098,-2378.338155,LG
0.714932758,25.0610367,187.8159572,-1632.430304,5185.817897,-2253.3096,LG
0.013756723,25.51631166,190.7088127,-1788.752869,5217.607316,-2126.011831,LG
-0.687854896,25.94633737,193.4138175,-1943.259912,5244.243282,-1996.661424,LG
-1.388348096,26.35084291,195.9276063,-2095.899272,5265.708196,-1865.295215,LG
-2.087891934,26.72927584,198.2483931,-2246.420138,5281.972202,-1732.133533,LG
-2.784936921,27.08141571,200.3731937,-2394.773995,5293.027908,-1597.217236,LG
-3.47965305,27.4067622,202.3006041,-2540.714548,5298.855757,-1460.769896,LG
-4.170498057,27.70514682,204.0280303,-2684.197515,5299.458633,-1322.835875,LG
-4.857645595,27.97612273,205.5544583,-2824.981696,5294.827317,-1183.641462,LG
-5.539563328,28.21957466,206.877692,-2963.02761,5284.974991,-1043.23399,LG
-6.216431264,28.43511041,207.9971142,-3098.099709,5269.902779,-901.8419305,LG
-6.88672966,28.622669,208.9109325,-3230.163865,5249.634143,-759.5150419,LG
-7.550647547,28.78191384,209.6189318,-3358.990716,5224.18051,-616.4834343,LG
-8.206680404,28.91283904,210.1197276,-3484.552015,5193.575563,-472.7987404,LG
-8.855028901,29.01516434,210.4135105,-3606.6251,5157.840955,-328.6921535,LG
-9.494206319,29.08893959,210.4993066,-3725.188105,5117.020489,-184.2166237,LG
-10.12442753,29.13394137,210.3777144,-3840.02556,5071.145924,-39.60386862,LG
-10.74422613,29.15027567,210.0481717,-3951.122456,5020.271048,105.0924063,LG
-11.35383369,29.13777617,209.5116849,-4058.270972,4964.437565,249.6405211,LG
-11.95180658,29.0966052,208.7681032,-4161.463406,4903.709066,393.986579,LG
-12.53839549,29.02665363,207.8188396,-4260.500021,4838.137006,537.8995004,LG
-13.1121819,28.92814002,206.6641529,-4355.380838,4767.794561,681.3257609,LG
-13.67343798,28.80101227,205.3058596,-4445.914602,4692.742697,824.0354427,LG
-14.22077263,28.64554496,203.7446242,-4532.109446,4613.063924,965.9759553,LG
-14.75448169,28.46174261,201.9826625,-4613.782967,4528.828445,1106.919101,LG
-15.27320366,28.2499353,200.0210391,-4690.951763,4440.127807,1246.813778,LG
-15.77726022,28.01018359,197.8623632,-4763.442618,4347.041143,1385.434061,LG
-16.26532153,27.74287234,195.5080929,-4831.280912,4249.66871,1522.73089,LG
-16.73773713,27.44811731,192.9612229,-4894.302916,4148.098222,1658.481154,LG
-17.1932108,27.12635722,190.2235962,-4952.543078,4042.438287,1792.638373,LG
-17.63212186,26.77776198,187.298584,-5005.847416,3932.78482,1924.982786,LG
-18.05320952,26.40282304,184.1884044,-5054.259692,3819.254382,2055.471025,LG
-18.45688468,26.0017632,180.8967944,-5097.635903,3701.950681,2183.887198,LG
-18.84192368,25.57512525,177.4263358,-5136.029328,3580.997801,2310.191565,LG
-19.20877062,25.12318347,173.7811191,-5169.306128,3456.506801,2434.172613,LG
-19.55624057,24.64653042,169.964077,-5197.529276,3328.608834,2555.794727,LG
-19.88481233,24.14549014,165.9796403,-5220.575244,3197.421834,2674.851268,LG
-20.19334111,23.62070326,161.8310782,-5238.516826,3063.083543,2791.311229,LG
-20.48234179,23.07254174,157.5231469,-5251.240914,2925.718272,2904.973314,LG
-20.75071097,22.50169226,153.0594367,-5258.830216,2785.469836,3015.811594,LG
-20.99900082,21.90857269,148.4450129,-5261.182115,2642.468404,3123.630566,LG
-21.22615046,21.29391365,143.6837701,-5258.389281,2496.863328,3228.409821,LG
-21.4327504,20.65817664,138.7810654,-5250.359614,2348.790088,3329.960083,LG
-21.61778324,20.00213396,133.7410799,-5237.195759,2198.403017,3428.266883,LG
-21.78187871,19.32628835,128.5694437,-5218.816122,2045.842337,3523.147577,LG
-21.92406371,18.63145127,123.2706054,-5195.333291,1891.266788,3614.594034,LG
-22.04500791,17.91816416,117.8504484,-5166.676128,1734.820749,3702.430625,LG
-22.14378312,17.18727503,112.3136686,-5132.96709,1576.666769,3786.655926,LG
-22.22109955,16.4393613,106.6663825,-5094.145404,1416.952783,3867.10168,LG
-22.27607435,15.67530474,100.9135117,-5050.343287,1255.844542,3943.77351,LG
-22.30945866,14.89571593,95.06138429,-5001.510196,1093.492919,4016.510859,LG
-22.3204153,14.10150747,89.1151259,-4947.787959,930.0662459,4085.326714,LG
-22.30973654,13.29332011,83.08125347,-4889.136092,765.7177058,4150.068513,LG
-22.27663099,12.47209426,76.96507397,-4825.705846,600.6175785,4210.756892,LG
-22.22193208,11.63849776,70.77327013,-4757.466583,434.9207219,4267.247552,LG
-22.1448942,10.79349568,64.51130664,-4684.578749,268.7987232,4319.569029,LG
-22.04639182,9.937779722,58.18600825,-4607.021308,102.407472,4367.585523,LG
-21.92572484,9.072336378,51.80297324,-4524.963633,-64.08078244,4411.333692,LG
-21.78380853,8.19787794,45.36914401,-4438.394006,-230.509766,4450.686438,LG
-21.61998789,7.315408986,38.89022777,-4347.490426,-396.7072152,4485.688728,LG
-21.43521849,6.425659016,32.3732597,-4252.250171,-562.5171199,4516.222336,LG
-21.22888993,5.529647293,25.82403093,-4152.859533,-727.7678504,4542.340692,LG
-21.00199745,4.628117089,19.24964416,-4049.324429,-892.3043083,4563.934577,LG
-20.75397447,3.722098885,12.65594903,-3941.839073,-1055.956143,4581.066004,LG
-20.48585511,2.812346235,6.050090291,-3830.417635,-1218.569812,4593.634863,LG
-20.19711576,1.89989733,-0.562049531,-3715.261847,-1379.976884,4601.711833,LG
-19.88882846,0.985512473,-7.173309299,-3596.393714,-1540.026009,4605.205979,LG
-19.56051149,0.070234024,-13.77779934,-3474.022053,-1698.551311,4604.196699,LG
-19.2132737,-0.845174518,-20.36836789,-3348.176252,-1855.404261,4598.602262,LG
-18.84667404,-1.759670187,-26.93914388,-3219.071753,-2010.422157,4588.510796,LG
-18.46185691,-2.672489855,-33.48301062,-3086.744849,-2163.459911,4573.849771,LG
-18.0584206,-3.582593509,-39.99414132,-2951.417119,-2314.35861,4554.716028,LG
-17.63754361,-4.489221956,-46.46547998,-2813.131257,-2462.977207,4531.046195,LG
-17.19886205,-5.391341695,-52.89126957,-2672.114462,-2609.161172,4502.945767,LG
-16.74358697,-6.288201012,-59.2645401,-2528.415304,-2752.774089,4470.360459,LG
-16.27139068,-7.178776444,-65.57962954,-2382.266062,-2893.666391,4433.404328,LG
-15.78351504,-8.062327273,-71.82967894,-2233.720632,-3031.706862,4392.032063,LG
-15.27966678,-8.937843567,-78.00914607,-2083.015817,-3166.751456,4346.366159,LG
-14.76111678,-9.804599073,-84.11130764,-1930.210268,-3298.674705,4296.370133,LG
-14.22760425,-10.66160083,-90.13076555,-1775.544733,-3427.338624,4242.174758,LG
-13.68042713,-11.50814046,-96.06095621,-1619.082028,-3552.624019,4183.752204,LG
-13.11935509,-12.34324535,-101.8966495,-1461.066255,-3674.399477,4121.241323,LG
-12.54571107,-13.16622834,-107.6314649,-1301.563794,-3792.552581,4054.622726,LG
-11.95929306,-13.97614045,-113.2603633,-1140.821488,-3906.958979,3984.043121,LG
-11.36144681,-14.77231899,-118.7771701,-978.9086656,-4017.513504,3909.491314,LG
-10.7519964,-15.55384183,-124.1770595,-816.0742911,-4124.099324,3831.121612,LG
-10.1323081,-16.3200739,-129.4540849,-652.3900144,-4226.618968,3748.930738,LG
-9.502229754,-17.07012303,-134.6036551,-488.1062925,-4324.963558,3663.080306,LG
-8.863145788,-17.80338481,-139.6200723,-323.2964608,-4419.043731,3573.574655,LG
-8.21492538,-18.51899998,-144.4990009,-158.2118323,-4508.758961,3480.582386,LG
-7.558968674,-19.21639774,-149.2350119,7.073212954,-4594.02838,3384.115116,LG
-6.895163683,-19.89475462,-153.8240446,172.3071471,-4674.760177,3284.348087,LG
-6.22492375,-20.5535362,-158.2609578,337.4151887,-4750.882329,3181.299832,LG
-5.548153161,-21.19195749,-162.5419844,502.1462383,-4822.312075,3075.151857,LG
-4.866275881,-21.80952309,-166.6622889,666.4257575,-4888.98655,2965.929222,LG
-4.17920985,-22.4054891,-170.6184147,830.0037172,-4950.832336,2853.819297,LG
-3.488387027,-22.97940163,-174.4058488,992.8064647,-5007.796006,2738.853255,LG
-2.793736345,-23.53056022,-178.0214615,1154.58568,-5059.813748,2621.223906,LG
-2.096695086,-24.05855482,-181.4610773,1315.269235,-5106.841811,2500.968097,LG
-1.397200478,-24.56273069,-184.7219082,1474.611151,-5148.826212,2378.283632,LG
-0.696692429,-25.04272375,-187.8001307,1632.541454,-5185.733078,2253.212572,LG
0.00488626,-25.49792701,-190.6933114,1788.817135,-5217.518435,2125.957248,LG
0.706095774,-25.92802435,-193.3979915,1943.370994,-5244.158457,1996.564458,LG
1.406990473,-26.3324584,-195.9121046,2095.963605,-5265.619322,1865.240571,LG
2.106133361,-26.71096274,-198.2325676,2246.531153,-5281.887371,1732.036628,LG
2.803578695,-27.06303132,-200.3576916,2394.838394,-5292.939041,1597.162531,LG
3.497895022,-27.38844903,-202.2847791,2540.825495,-5298.770922,1460.673052,LG
4.189139229,-27.68676256,-204.0125277,2684.261981,-5299.369771,1322.78111,LG
4.875888112,-27.95780948,-205.5386337,2825.092576,-5294.742476,1183.544678,LG
5.5582039,-28.20119052,-206.8621889,2963.092142,-5284.886136,1043.179165,LG
6.234674323,-28.41679708,-207.9812902,3098.210522,-5269.817933,901.7452064,LG
6.905369633,-28.604285,-208.895429,3230.228463,-5249.545294,759.4601567,LG
7.568891148,-28.76360043,-209.6031082,3359.101463,-5224.095659,616.3867704,LG
8.225319781,-28.89445516,-210.1042237,3484.616678,-5193.48672,472.7437955,LG
8.873273042,-28.99685085,-210.3976874,3606.73578,-5157.756098,328.5955496,LG
9.5128451,-29.07055584,-210.4838023,3725.252834,-5116.931652,184.1616191,LG
10.14267221,-29.11562781,-210.3618918,3840.136174,-5071.061062,39.50732448,LG
10.76286432,-29.13189204,-210.032667,3951.18725,-5020.182217,-105.1474703,LG
11.37207891,-29.11946254,-209.4958627,4058.38152,-4964.352698,-249.7370056,LG
11.97044418,-29.0782217,-208.752598,4161.528266,-4903.620242,-394.0417023,LG
12.55664124,-29.00833992,-207.803018,4260.610503,-4838.052133,-537.9959254,LG
13.13081891,-28.90975664,-206.6486473,4355.445762,-4767.705742,-681.3809433,LG
13.69168427,-28.78269849,-205.2900385,4446.025017,-4692.65782,-824.1318085,LG
14.23940905,-28.62716171,-203.7291182,4532.174435,-4612.975112,-966.0311967,LG
14.7727285,-28.44342876,-201.9668418,4613.893317,-4528.743562,-1107.015407,LG
15.29183949,-28.23155218,-200.0055326,4691.016817,-4440.039001,-1246.869078,LG
15.79550756,-27.99186967,-197.846543,4763.552903,-4346.956255,-1385.530309,LG
16.28395677,-27.72448935,-195.4925861,4831.346031,-4249.579909,-1522.786249,LG
16.755985,-27.42980331,-192.9454032,4894.413136,-4148.013329,-1658.577343,LG
17.21184546,-27.10797435,-190.2080889,4952.60826,-4042.349493,-1792.69379,LG
17.65037026,-26.75944791,-187.2827648,5005.95757,-3932.699922,-1925.078916,LG
18.0718436,-26.38444029,-184.1728968,5054.324939,-3819.165594,-2055.5265,LG
18.4751336,-25.98344905,-180.8809757,5097.745992,-3701.865778,-2183.98327,LG
18.86055717,-25.55674263,-177.4108277,5136.094639,-3580.909019,-2310.247098,LG
19.22702007,-25.10486925,-173.7653008,5169.416153,-3456.421892,-2434.268626,LG
19.57487348,-24.62814792,-169.9485685,5197.594651,-3328.520057,-2555.850319,LG
19.9030623,-24.12717585,-165.9638225,5220.685204,-3197.336921,-2674.947223,LG
20.21197345,-23.60232089,-161.8155693,5238.582264,-3062.994772,-2791.366879,LG
20.50059228,-23.05422738,-157.5073296,5251.35081,-2925.633354,-2905.069212,LG
20.76934274,-22.48331001,-153.0439274,5258.895718,-2785.381072,-3015.867301,LG
21.01725183,-21.89025825,-148.429196,5261.291947,-2642.383481,-3123.726406,LG
21.24478165,-21.27553152,-143.6682604,5258.454845,-2496.77457,-3228.465586,LG
21.45100192,-20.63986214,-138.765249,5250.469382,-2348.705159,-3330.055865,LG
21.63641385,-19.98375196,-133.7255698,5237.261386,-2198.314264,-3428.322704,LG
21.80013075,-19.30797377,-128.5536278,5218.925826,-2045.757404,-3523.243302,LG
21.94269375,-18.61306938,-123.2550948,5195.398981,-1891.178041,-3614.649912,LG
22.06326047,-17.89984951,-117.834633,5166.785768,-1734.73581,-3702.526293,LG
22.1624126,-17.16889327,-112.2981577,5133.032843,-1576.578028,-3786.711862,LG
22.23935261,-16.42104658,-106.6505675,5094.25498,-1416.86784,-3867.19729,LG
22.29470326,-15.6569231,-100.8980004,5050.409102,-1255.755807,-3943.829502,LG
22.32771224,-14.87740114,-95.04556977,5001.619709,-1093.407971,-4016.606412,LG
22.33904364,-14.08312595,-89.09961412,4947.853836,-929.9775169,-4085.382763,LG
22.32799063,-13.27500525,-83.06543942,4889.245543,-765.6327525,-4150.16401,LG
22.29525876,-12.45371287,-76.94956178,4825.771785,-600.5288553,-4210.812998,LG
22.24018668,-11.62018284,-70.75745654,4757.575971,-434.8357637,-4267.342992,LG
22.16352141,-10.77511441,-64.49579405,4684.64475,-268.7100059,-4319.62519,LG
22.06464692,-9.919464724,-58.17019512,4607.130633,-102.3225089,-4367.680906,LG
21.94435149,-9.053955228,-51.78746025,4525.029696,64.16949398,-4411.38991,LG
21.80206413,-8.179562873,-45.35333134,4438.503268,230.5947341,-4450.781765,LG
21.63861398,-7.297027956,-38.87471438,4347.556551,396.7959209,-4485.745002,LG
21.4534746,-6.40734388,-32.3574475,4252.359371,562.6020928,-4516.317607,LG
21.24751546,-5.511266384,-25.80851714,4152.925719,727.8565504,-4542.397022,LG
21.02025406,-4.609801884,-19.23383241,4049.433567,892.389286,-4564.029792,LG
20.77259944,-3.703718097,-12.64043484,3941.90532,1056.044837,-4581.122389,LG
20.50411222,-2.794030962,-6.034279002,3830.52671,1218.654794,-4593.730022,LG
20.21574018,-1.881516662,0.577564109,3715.328155,1380.065573,-4601.768274,LG
19.90708607,-0.967197132,7.189120131,3596.502728,1540.110997,-4605.301083,LG
19.57913536,-0.051853476,13.79331431,3474.088422,1698.639994,-4604.253195,LG
19.2315318,0.863489927,20.38417827,3348.285204,1855.489253,-4598.69731,LG
18.86529735,1.778050616,26.95465924,3219.138182,2010.510834,-4588.567347,LG
18.48011551,2.690805331,33.49882054,3086.85374,2163.544908,-4573.944764,LG
18.07704336,3.600973819,40.00965708,2951.483609,2314.447282,-4554.772634,LG
17.6558027,4.5075375,46.48128945,2813.240087,2463.062209,-4531.141132,LG
17.21748426,5.409721886,52.90678571,2672.181012,2609.249838,-4503.002429,LG
16.76184656,6.306516623,59.28034912,2528.524072,2752.859095,-4470.455342,LG
16.29001233,7.197156516,65.59514607,2382.332672,2893.755051,-4433.461044,LG
15.80177512,8.08064295,71.84548751,2233.829339,3031.791873,-4392.126891,LG
15.29828789,8.956223521,78.02466299,2083.082487,3166.84011,-4346.422929,LG
14.77937735,9.822914816,84.12711575,1930.318915,3298.759721,-4296.464906,LG
14.24622481,10.67998067,90.14628286,1775.611462,3427.427273,-4242.231583,LG
13.69868819,11.52645627,96.07676388,1619.190614,3552.70904,-4183.846922,LG
13.13797511,12.36162507,101.9121672,1461.133045,3674.48812,-4121.298202,LG
12.56397261,13.18454421,107.6472721,1301.67232,3792.637607,-4054.717389,LG
11.97791254,13.99452005,113.2758813,1140.888337,3907.047617,-3984.100054,LG
11.37970884,14.79063493,118.7929769,979.0171309,4017.598534,-3909.585924,LG
10.77061534,15.57222131,124.192578,816.1411991,4124.187956,-3831.178599,LG
10.15057061,16.33838991,129.4698912,652.4984196,4226.704003,-3749.025293,LG
9.520848152,17.08850239,134.6191739,488.1732596,4325.052184,-3663.137347,LG
8.881408784,17.82170088,139.6358782,323.4048061,4419.128771,-3573.669156,LG
8.233543239,18.53737923,144.5145201,158.2788582,4508.847581,-3480.63948,LG
7.577232151,19.23471388,149.2508173,-6.964927446,4594.113424,-3384.209564,LG
6.913781006,19.91313375,153.8395642,-172.2400624,4674.848792,-3284.405235,LG
6.243187706,20.5718524,158.2767628,-337.3069628,4750.967378,-3181.394226,LG
5.566769949,21.2103365,162.5575044,-502.079095,4822.400685,-3075.209058,LG
4.884540315,21.82783936,166.6780934,-666.3175909,4889.071603,-2966.023563,LG
4.197826104,22.423868,170.6339351,-829.9365156,4950.92094,-2853.876552,LG
3.506651937,22.99771796,174.4216529,-992.6983574,5007.881064,-2738.947543,LG
2.812352067,23.548939,178.0369822,-1154.51842,5059.902346,-2621.281214,LG
2.114960471,24.07687121,181.476881,-1315.161186,5106.926874,-2501.062331,LG
1.415815669,24.58110936,184.7374293,-1474.543833,5148.914805,-2378.340992,LG
0.714958288,25.06104021,187.8159339,-1632.433465,5185.818145,-2253.306753,LG
0.013728401,25.51630557,190.7088329,-1788.749759,5217.607023,-2126.014661,LG
-0.687829443,25.94634087,193.4137943,-1943.263064,5244.243529,-1996.658586,LG
-1.38837634,26.35083683,195.9276264,-2095.896171,5265.707904,-1865.298036,LG
-2.087866559,26.72927933,198.2483699,-2246.423281,5281.972448,-1732.130703,LG
-2.784965089,27.08140965,200.3732138,-2394.770903,5293.027617,-1597.220049,LG
-3.479627751,27.40676567,202.300581,-2540.717682,5298.856003,-1460.767075,LG
-4.170526148,27.70514077,204.0280503,-2684.194432,5299.458343,-1322.83868,LG
-4.857620374,27.97612619,205.5544353,-2824.984821,5294.827562,-1183.638649,LG
-5.539591342,28.21956862,206.8777119,-2963.024536,5284.974702,-1043.236787,LG
-6.216406118,28.43511386,207.9970912,-3098.102825,5269.903023,-901.8391248,LG
-6.886757598,28.62266298,208.9109523,-3230.1608,5249.633854,-759.5178307,LG
-7.550622478,28.78191727,209.6189089,-3358.993824,5224.180753,-616.4806366,LG
-8.206708266,28.91283302,210.1197474,-3484.548959,5193.575275,-472.8015212,LG
-8.855003908,29.01516775,210.4134876,-3606.628198,5157.841197,-328.6893638,LG
-9.494234106,29.08893359,210.4993264,-3725.185058,5117.020201,-184.2193966,LG
-10.12440261,29.13394477,210.3776916,-3840.02865,5071.146166,-39.6010869,LG
-10.74425384,29.15026968,210.0481914,-3951.119417,5020.270761,105.0896414,LG
-11.35380885,29.13777956,209.5116621,-4058.274053,4964.437806,249.6432949,LG
-11.95183422,29.09659923,208.7681228,-4161.460377,4903.70878,393.9838221,LG
-12.53837072,29.026657,207.8188169,-4260.503093,4838.137246,537.9022662,LG
-13.11220946,28.92813406,206.6641724,-4355.377817,4767.794276,681.3230119,LG
-13.67341329,28.80101563,205.305837,-4445.917665,4692.742937,824.0382007,LG
-14.22080011,28.64553901,203.7446437,-4532.106434,4613.06364,965.9732142,LG
-14.75445708,28.46174596,201.9826399,-4613.786022,4528.828683,1106.921851,LG
-15.27323107,28.24992937,200.0210585,-4690.94876,4440.127523,1246.811045,LG
-15.77723568,28.01018693,197.8623407,-4763.445664,4347.04138,1385.436803,LG
-16.26534886,27.74286642,195.5081123,-4831.277918,4249.668427,1522.728165,LG
-16.73771267,27.44812063,192.9612004,-4894.305954,4148.098459,1658.483888,LG
-17.19323806,27.12635131,190.2236155,-4952.540092,4042.438005,1792.635655,LG
-17.63209747,26.77776529,187.2985616,-5005.850445,3932.785057,1924.985513,LG
-18.05323671,26.40281714,184.1884237,-5054.256715,3819.254101,2055.468315,LG
-18.45686036,26.00176649,180.8967721,-5097.638922,3701.950916,2183.889917,LG
-18.84195079,25.57511937,177.426355,-5136.026359,3580.997521,2310.188863,LG
-19.20874637,25.12318675,173.7810968,-5169.30914,3456.507035,2434.175324,LG
-19.55626761,24.64652455,169.9640961,-5197.526316,3328.608554,2555.792033,LG
-19.88478816,24.14549341,165.979618,-5220.578247,3197.422068,2674.853971,LG
-20.19336808,23.62069741,161.8310973,-5238.513874,3063.083264,2791.308543,LG
-20.4823177,23.07254499,157.5231247,-5251.243908,2925.718506,2904.97601,LG
-20.75073787,22.50168642,153.0594558,-5258.827273,2785.469558,3015.808915,LG
-20.9989768,21.90857593,148.4449908,-5261.185101,2642.468637,3123.633254,LG
-21.22617728,21.29390782,143.6837891,-5258.386346,2496.86305,3228.40715,LG
-21.43272645,20.65817987,138.7810434,-5250.362591,2348.79032,3329.962763,LG
-21.61780999,20.00212814,133.7410988,-5237.192832,2198.40274,3428.264219,LG
-21.78185483,19.32629156,128.5694217,-5218.819091,2045.842568,3523.15025,LG
-21.92409038,18.63144546,123.2706242,-5195.330374,1891.266512,3614.591378,LG
-22.04498411,17.91816736,117.8504265,-5166.679088,1734.820979,3702.43329,LG
-22.14380972,17.18726923,112.3136874,-5132.964181,1576.666494,3786.653278,LG
-22.22107581,16.43936449,106.6663606,-5094.148356,1416.953013,3867.104337,LG
-22.27610088,15.67529896,100.9135305,-5050.340386,1255.844267,3943.77087,LG
-22.309435,14.89571911,95.06136248,-5001.513139,1093.493148,4016.513509,LG
-22.32044176,14.1015017,89.11514457,-4947.785067,930.0659718,4085.324081,LG
-22.30971295,13.29332327,83.08123172,-4889.139027,765.7179342,4150.071155,LG
-22.27665737,12.47208851,76.96509258,-4825.702962,600.6173051,4210.754267,LG
-22.22190857,11.63850091,70.77324843,-4757.46951,434.9209496,4267.250187,LG
-22.14492051,10.79348994,64.51132519,-4684.575874,268.7984506,4319.566411,LG
-22.04636838,9.937782859,58.18598661,-4607.024226,102.407699,4367.58815,LG
-21.92575109,9.072330651,51.80299174,-4524.960766,-64.08105437,4411.331081,LG
-21.78378515,8.197881064,45.36912242,-4438.396916,-230.5095398,4450.689057,LG
-21.62001406,7.315403271,38.89024621,-4347.487567,-396.7074864,4485.686125,LG
-21.43519519,6.425662127,32.37323818,-4252.253073,-562.5168944,4516.224948,LG
-21.22891604,5.529641591,25.82404931,-4152.856682,-727.7681209,4542.338097,LG
-21.00197421,4.628120187,19.24962269,-4049.327322,-892.3040834,4563.937182,LG
-20.7540005,3.722093196,12.65596735,-3941.83623,-1055.956413,4581.063416,LG
-20.48583195,2.812349321,6.05006888,-3830.42052,-1218.569588,4593.63746,LG
-20.19714173,1.899891654,-0.562031262,-3715.259013,-1379.977153,4601.709253,LG
-19.88880537,0.985515546,-7.173330653,-3596.396591,-1540.025786,4605.208569,LG
-19.56053739,0.07022836,-13.77778113,-3474.019227,-1698.55158,4604.194126,LG
-19.21325068,-0.845171458,-20.36838919,-3348.179121,-1855.404038,4598.604844,LG
-18.84669987,-1.759675839,-26.93912572,-3219.068935,-2010.422425,4588.50823,LG
-18.46183396,-2.672486807,-33.48303186,-3086.74771,-2163.459689,4573.852346,LG
-18.05844636,-3.582599148,-39.99412322,-2951.414309,-2314.358877,4554.713469,LG
-17.63752073,-4.489218921,-46.46550117,-2813.13411,-2462.976985,4531.048762,LG
-17.19888774,-5.391347322,-52.89125153,-2672.11166,-2609.161438,4502.943217,LG
-16.74356416,-6.28819799,-59.26456123,-2528.418148,-2752.773868,4470.363019,LG
-16.27141629,-7.178782058,-65.57961155,-2382.263268,-2893.666657,4433.401785,LG
-15.7834923,-8.062324263,-71.82970001,-2233.723468,-3031.706642,4392.034616,LG
-15.27969232,-8.937849169,-78.00912814,-2083.013032,-3166.751721,4346.363623,LG
-14.76109411,-9.804596075,-84.11132865,-1930.213096,-3298.674486,4296.372679,LG
-14.22762972,-10.66160642,-90.13074767,-1775.541955,-3427.338888,4242.172229,LG
-13.68040452,-11.50813748,-96.06097717,-1619.084849,-3552.6238,4183.754742,LG
-13.1193805,-12.34325093,-101.8966316,-1461.063486,-3674.399741,4121.238801,LG
-12.54568853,-13.16622536,-107.6314858,-1301.566607,-3792.552363,4054.625256,LLG
-11.9593184,-13.97614601,-113.2603455,-1140.818727,-3906.959242,3984.040607,LLG
-16.47296238,8.657830648,-134.2002795,-1038.234879,-3745.588054,3730.496795,LLG
-10.64746169,18.00624212,-136.1562564,-811.5660265,-3749.698259,3702.023934,LLG
-7.078938866,29.68576029,-155.9497705,-612.7930977,-3733.690845,3461.910244,LLG
-5.715354457,37.90016835,-165.7206829,-443.7751398,-3755.541066,3336.255288,LLG
-12.07632296,54.02418104,-174.9995118,-362.1663432,-3690.641514,3221.019746,LLG
-10.55163736,64.84769884,-184.1786148,-186.1530837,-3685.530593,3094.591034,LLG
-7.138256665,73.37772629,-198.1715381,15.04497128,-3714.153334,2916.2834,LLG
-4.046907532,84.56362199,-207.1212893,206.1420965,-3702.318513,2787.418413,LLG
-5.550631146,96.62590488,-215.9167686,345.6465444,-3686.032556,2664.980169,LLG
-5.649014813,106.2264935,-225.8898171,498.6290462,-3691.066563,2514.998424,LLG
-6.063510528,116.1783615,-235.5713185,652.5929892,-3695.79784,2373.718272,LLG
-4.021983562,127.2089274,-243.2890267,830.6333866,-3678.111503,2242.63444,LLG
-1.953816333,136.5470731,-252.5075497,1011.766694,-3684.216039,2097.823282,LLG
-0.788116965,145.4906973,-261.374117,1175.568617,-3684.490136,1944.19398,LLG
-2.099681669,155.7535414,-268.625884,1313.814784,-3671.196512,1814.3112,LLG
-1.823672062,165.6320027,-275.5570411,1466.013228,-3652.375675,1674.338414,LLG
-0.044780523,173.994628,-283.6567175,1639.52761,-3653.442862,1524.347941,LLG
1.869959505,182.6316212,-290.7818339,1807.29853,-3639.828761,1373.102968,LLG
2.125909296,191.796132,-296.9986632,1957.890033,-3620.9161,1236.672537,LLG
2.279860164,200.2840711,-303.1827714,2100.951334,-3599.104101,1087.212975,LLG
2.668221496,208.3399732,-309.3911865,2250.050075,-3582.988363,941.2858224,LLG
3.858165039,216.5111623,-314.7608406,2401.757372,-3553.987907,792.5085689,LLG
5.157602616,224.30287,-320.077957,2556.83934,-3529.69484,648.054525,LLG
6.135478001,231.5802292,-325.1703146,2700.531209,-3499.925048,493.6552245,LLG
6.282845564,239.0114117,-329.6541398,2836.508006,-3467.988212,350.3390629,LLG
6.700407125,246.2842894,-333.541711,2968.69512,-3426.399424,201.6482089,LLG
7.737307339,252.9644015,-337.5461538,3110.166044,-3391.440895,55.19912168,LLG
8.992031786,259.2799585,-341.1461568,3246.345823,-3349.032487,-98.37151732,LLG
9.671688076,265.6559426,-344.1903173,3376.87716,-3305.032439,-241.464942,LLG
10.12646022,271.6981051,-346.7863769,3497.078781,-3253.388294,-390.9860256,LLG
10.66474396,277.3741188,-349.2355383,3619.637806,-3205.159469,-534.9768119,LLG
11.52895019,282.7583183,-351.1834924,3738.235957,-3148.718753,-684.2944296,LLG
12.44759269,287.9241146,-352.8212714,3858.186152,-3093.714415,-826.0053661,LLG
13.25390188,292.6683056,-354.0785964,3968.623489,-3032.130138,-974.117142,LLG
13.74835328,297.2313398,-354.975235,4075.896762,-2971.391937,-1113.904324,LLG
14.26915502,301.5098358,-355.3475423,4175.4794,-2902.55654,-1257.998754,LLG
14.98578317,305.454111,-355.5013703,4277.740342,-2836.360894,-1395.410467,LLG
15.84355267,308.9669279,-355.2733327,4373.350425,-2763.903111,-1538.375022,LLG
16.49886336,312.2964603,-354.6675307,4466.44505,-2692.148427,-1672.549029,LLG
17.02035609,315.2926506,-353.5797403,4549.627986,-2613.138714,-1810.684661,LLG
17.52460297,317.9856506,-352.2283281,4632.461126,-2536.294228,-1941.305393,LLG
18.16468035,320.2868288,-350.453915,4708.552875,-2453.054887,-2076.144321,LLG
18.81619553,322.3334341,-348.3641376,4784.276828,-2371.366675,-2202.655939,LLG
19.42978772,323.9880169,-345.8546272,4851.036572,-2283.482976,-2332.979321,LLG
19.90152095,325.3806059,-343.0367171,4915.434164,-2197.27163,-2454.889478,LLG
20.36391529,326.4138735,-339.7720226,4971.281757,-2104.706306,-2579.847581,LLG
20.86059036,327.1590938,-336.2272101,5026.721701,-2014.196642,-2696.562508,LLG
21.42585318,327.4922195,-332.2966275,5074.448966,-1918.20311,-2816.59305,LLG
21.9049636,327.5641846,-328.0639497,5120.084476,-1824.001484,-2927.89971,LLG
22.32144472,327.2746755,-323.405705,5156.458944,-1723.98188,-3041.590489,LLG
22.6877086,326.7035083,-318.473437,5191.101156,-1626.128915,-3146.713714,LLG
23.10511413,325.7392052,-313.1606491,5217.880852,-1523.130359,-3254.303132,LLG
23.50695671,324.502518,-307.574773,5243.168937,-1422.306569,-3353.115358,LLG
23.89552619,322.8886726,-301.6083112,5259.812744,-1316.451692,-3453.926913,LLG
24.20052825,321.0049787,-295.3790262,5274.055777,-1212.899476,-3545.874005,LLG
24.49386621,318.7543693,-288.7773044,5279.766948,-1104.52881,-3639.462405,LLG
24.7664496,316.2337116,-281.9282975,5283.763472,-998.6455684,-3724.160399,LLG
25.06559296,313.3359614,-274.7378433,5279.730505,-888.4132543,-3810.410804,LLG
25.31002586,310.1753558,-267.3107213,5273.480918,-780.7731683,-3887.671127,LLG
25.52621591,306.6628482,-259.540126,5258.635028,-668.8474743,-3966.003022,LLG
25.68825123,302.8936395,-251.5469143,5241.56435,-559.6661666,-4035.300424,LLG
25.86441713,298.7672834,-243.2409116,5216.523353,-446.6483544,-4105.589677,LLG
26.00921104,294.3889532,-234.7300808,5189.493075,-336.5515468,-4166.834006,LLG
26.14746532,289.6693916,-225.9181629,5154.348242,-222.8218994,-4228.761944,LLG
26.22502556,284.7087979,-216.9152042,5116.861629,-112.1376742,-4281.593379,LLG
26.29173391,279.4179531,-207.6298823,5071.365023,1.896904708,-4334.897279,LLG
26.32047459,273.8941521,-198.1722826,5023.827041,112.7104446,-4379.116801,LLG
26.35599223,268.0475036,-188.4565973,4968.64073,226.5394278,-4423.669643,LLG
26.3452925,261.9778199,-178.5875484,4911.339807,336.9834205,-4459.152455,LLG
26.31972249,255.603534,-168.4757119,4846.304438,450.2273189,-4494.730853,LLG
26.24397886,249.019938,-158.227497,4779.174916,559.9501539,-4521.240876,LLG
26.16815675,242.1414709,-147.7620448,4704.686502,672.1428146,-4547.745223,LLG
26.05439201,235.0636794,-137.1826863,4628.323058,780.6249491,-4565.25265,LLG
25.93503112,227.7076794,-126.4063172,4544.734031,891.3252628,-4582.597688,LLG
25.76620492,220.1679741,-115.5344924,4459.225802,998.182137,-4590.978259,LLG
25.58827348,212.3660231,-104.4880879,4366.678657,1106.987699,-4599.081926,LLG
25.36926614,204.3939627,-93.36818965,4272.430354,1211.78323,-4598.306043,LLG
25.14903264,196.1748017,-82.09824616,4171.473703,1318.244215,-4597.176811,LLG
24.88696525,187.8005275,-70.77667763,4068.931836,1420.540084,-4587.260809,LLG
24.61586986,179.1981015,-59.32697919,3959.838879,1524.260452,-4576.89847,LLG
24.30052712,170.4577724,-47.84647915,3849.2814,1623.68033,-4557.842847,LLG
23.98114633,161.5062866,-36.26274568,3732.501643,1724.257048,-4538.300997,LLG
23.62390506,152.4324412,-24.67171391,3614.494754,1820.374972,-4510.203488,LLG
23.26206075,143.1664881,-13.00116,3490.53414,1917.407676,-4481.581269,LLG
22.85862296,133.7965806,-1.3448022,3365.476873,2009.855556,-4444.530632,LLG
22.4488053,124.2541574,10.36720197,3234.736858,2102.982755,-4406.937725,LLG
22.00105823,114.6254651,22.04210679,3103.13613,2191.389459,-4361.075758,LLG
21.55076306,104.8435216,33.7479119,2966.199563,2280.239196,-4314.682734,LLG
21.06375957,94.99366419,45.39386182,2828.617662,2364.242683,-4260.193043,LLG
20.57192747,85.01130205,57.04707123,2685.982987,2448.475197,-4205.189499,LLG
20.04294151,74.98049943,68.61843434,2542.912959,2527.751436,-4142.269282,LLG
19.51116483,64.83755259,80.17282187,2395.136238,2607.043404,-4078.880204,LLG
18.9458535,54.66492889,91.62247826,2247.192333,2681.265135,-4007.78199,LLG
18.37865395,44.4010313,103.0313945,2094.879596,2755.303401,-3936.274423,LLG
17.77760917,34.12742575,114.3138868,1942.629616,2824.178072,-3857.268426,LLG
17.17433184,23.78382366,125.5324116,1786.342336,2892.683548,-3777.92776,LLG
16.53941745,13.45014424,136.6026384,1630.387794,2955.935281,-3691.32,LLG
15.90455293,3.067457198,147.5856811,1470.764193,3018.639191,-3604.473714,LLG
15.23986729,-7.285508175,158.3990469,1311.744196,3076.010592,-3510.604086,LLG
14.57518371,-17.66608616,169.1028851,1149.399547,3132.672435,-3416.603553,LLG
13.88145088,-27.99684746,179.6164588,987.9238177,3183.936962,-3315.833131,LLG
13.18909646,-38.33404178,189.9985793,823.4893985,3234.340738,-3215.056974,LLG
12.47024818,-48.60177217,200.1700612,660.2151382,3279.289023,-3107.781153,LLG
11.75409277,-58.85491935,210.1887984,494.3486981,3323.238306,-3000.639527,LLG
11.012541,-69.01876427,219.9775387,329.91931,3361.689704,-2887.275744,LLG
10.27427638,-79.14702794,229.5931827,163.2572756,3399.019541,-2774.197605,LLG
9.512512973,-89.16653141,238.9600763,-1.678253902,3430.819101,-2655.187426,LLG
8.755758906,-99.12995329,248.1341394,-168.4735618,3461.385864,-2536.629646,LLG
7.977473955,-108.9654599,257.0415371,-333.2515987,3486.402413,-2412.439549,LLG
7.205095,-118.7245886,265.7374344,-499.5280625,3510.091018,-2288.878465,LLG
6.412609592,-128.3369071,274.1497838,-663.5028788,3528.223469,-2159.992207,LLG
5.627341063,-137.8530434,282.3328871,-828.6118888,3544.94644,-2031.923138,LLG
4.824125134,-147.2040677,290.216406,-991.1274742,3556.118488,-1898.845548,LLG
4.029572179,-156.439655,297.8539426,-1154.415477,3565.813651,-1766.783499,LLG
3.218709216,-165.492252,305.1770144,-1314.827395,3569.977434,-1630.035122,LLG
2.417578063,-174.4106579,312.2385622,-1475.65921,3572.612518,-1494.508404,LLG
1.601991798,-183.1288309,318.9718431,-1633.333244,3569.748395,-1354.623853,LLG
0.797670417,-191.6948022,325.4291404,-1791.075131,3565.317355,-1216.175807,LLG
-0.019153961,-200.0439918,331.5455163,-1945.381635,3555.432194,-1073.703445,LLG
-0.823477776,-208.2236426,337.3727231,-2099.414884,3543.957177,-932.8883585,LLG
-1.63861962,-216.1706446,342.8476337,-2249.744484,3527.086931,-788.3855263,LLG
-2.439929139,-223.9315714,348.0214529,-2399.466734,3508.6183,-645.7663461,LLG
-3.250106101,-231.4448412,352.8328157,-2545.221205,3484.825721,-499.7993055,LLG
-4.045030781,-238.7563798,357.3324548,-2690.042737,3459.440366,-355.9469076,LLG
-4.847063336,-245.8060816,361.4608264,-2830.643221,3428.815744,-209.087617,LLG
-5.63261387,-252.6392707,365.268237,-2969.997913,3396.618671,-64.57666946,LLG
-6.42349708,-259.1973733,368.6969115,-3104.88753,3359.279664,82.59966197,LLG
-7.196510854,-265.5251864,371.7967423,-3238.228097,3320.402125,227.1915052,LLG
-7.973038276,-271.5656528,374.5117379,-3366.869683,3276.492384,374.107778,LLG
-8.730430696,-277.3630573,376.8914427,-3493.672989,3231.091983,518.2027797,LLG
-9.489671105,-282.8618606,378.8816432,-3615.556785,3180.781624,664.2833217,LLG
-10.22852666,-288.1058994,380.5315472,-3735.326625,3129.041865,807.3061022,LLG
-10.96749843,-293.0411739,381.788689,-3849.968103,3072.526088,951.9782374,LLG
-11.68481591,-297.711109,382.7019734,-3962.234069,3014.655028,1093.357417,LLG
-12.40061925,-302.0632242,383.2206904,-4069.177469,2952.153533,1236.053909,LLG
-13.09361508,-306.1405618,383.3934761,-4173.500333,2888.383649,1375.225049,LLG
-13.78351733,-309.8921751,383.1713446,-4272.321206,2820.140031,1515.386607,LLG
-14.44944082,-313.360775,382.6026704,-4368.292201,2750.726846,1651.793973,LLG
-15.11070992,-316.4969414,381.6401775,-4458.597011,2677.007149,1788.870974,LLG
-15.74690838,-319.3430723,380.3320124,-4545.840215,2602.22835,1921.969851,LLG
-16.37700218,-321.8512653,378.6325917,-4627.270055,2523.320475,2055.424972,LLG
-16.98099505,-324.0636445,376.5898407,-4705.444558,2443.474969,2184.683964,LLG
-17.57746213,-325.9338271,374.1598367,-4777.675191,2359.687264,2313.994026,LLG
-18.14683103,-327.5036887,371.3902979,-4846.475028,2275.093725,2438.896873,LLG
-18.70733912,-328.7283499,368.2389437,-4909.218457,2186.753816,2563.55496,LLG
-19.23984915,-329.6494588,364.753298,-4968.375186,2097.749679,2683.60282,LLG
-19.76224541,-330.2236324,360.8926892,-5021.381357,2005.203293,2803.120398,LLG
-20.25579091,-330.4923188,356.7044475,-5070.66431,1912.143293,2917.833686,LLG
-20.73803097,-330.4136183,352.1494791,-5113.721156,1815.752714,3031.742348,LLG
-21.19064927,-330.0287933,347.2749279,-5152.938466,1719.00748,3140.662619,LLG
-21.63087373,-329.2974089,342.0432474,-5185.873582,1619.15027,3248.51609,LLG
-22.04078877,-328.2605597,336.5013931,-5214.873342,1519.104969,3351.207946,LLG
-22.43729604,-326.8792626,330.6133256,-5237.554216,1416.172402,3452.58377,LLG
-22.80287541,-325.1944579,324.4258085,-5256.224485,1313.225087,3548.636447,LLG
-23.15412651,-323.1685907,317.9042745,-5268.559029,1207.620596,3643.137647,LLG
-23.47392786,-320.8424557,311.0952914,-5276.828768,1102.180742,3732.166735,LLG
-23.77857852,-318.1799059,303.9657221,-5278.765975,994.318391,3819.423446,LLG
-24.05133786,-315.2215997,296.5619273,-5276.6051,886.8052313,3901.072357,LLG
-24.30821152,-311.9327743,288.8521574,-5268.134855,777.1080025,3980.743205,LLG
-24.53284321,-308.3539549,280.8825564,-5255.554313,667.9488697,4054.684573,LLG
-24.74095973,-304.4517349,272.6227189,-5236.707735,556.8470492,4126.458084,LLG
-24.91657932,-300.2665093,264.1185572,-5213.759676,446.4757296,4192.39509,LLG
-25.07514982,-295.7662006,255.3409624,-5184.608869,334.4051901,4255.990901,LLG
-25.20105676,-290.9910727,246.3355985,-5151.386194,223.2601688,4313.6584,LLG
-25.30948201,-285.9103461,237.0746056,-5112.043916,110.6606346,4368.828351,LLG
-25.38517675,-280.5641495,227.6033813,-5068.680085,-0.81660489,4417.993946,LLG
-25.44306188,-274.9229688,217.895265,-5019.299445,-113.5032621,4464.523089,LLG
-25.4682434,-269.0267926,207.9953655,-4965.967895,-224.8699843,4504.988039,LLG
-25.47538673,-262.8473378,197.87817,-4906.741596,-337.2015223,4542.695462,LLG
-25.44994975,-256.4244442,187.5884763,-4843.655011,-448.0154991,4574.295451,LLG
-25.40635166,-249.7310229,177.1018668,-4774.814686,-559.5510303,4603.035009,LLG
-25.33039519,-242.8067538,166.4628031,-4702.224259,-669.3722627,4625.640815,LLG
-25.23625643,-235.6257047,155.6479087,-4624.039534,-779.6739998,4645.301703,LLG
-25.1100756,-228.2273832,144.7012821,-4542.233878,-888.0664735,4658.819685,LLG
-24.96579317,-220.5869734,133.6005326,-4455.011268,-996.701465,4669.326871,LLG
-24.78988255,-212.743795,122.389368,-4364.315337,-1103.234858,4673.699348,LLG
-24.59605367,-204.6741068,111.0463277,-4268.397101,-1209.776685,4675.01388,LLG
-24.37110484,-196.4170239,99.61469849,-4169.170899,-1314.028067,4670.219357,LLG
-24.1285197,-187.9498371,88.07389287,-4064.933632,-1418.058538,4662.338509,LLG
-23.85541606,-179.3114376,76.46674596,-3957.570765,-1519.614042,4648.391753,LLG
-23.56505733,-170.4801037,64.77348635,-3845.423937,-1620.724837,4631.34904,LLG
-23.24487413,-161.4944816,53.03646564,-3730.350104,-1719.181286,4608.301027,LLG
-22.90791302,-152.3337916,41.23667044,-3610.734449,-1816.975571,4582.166077,LLG
-22.54191027,-143.0364128,29.41593591,-3488.405725,-1911.942071,4550.103783,LLG
-22.15970024,-133.5824605,17.55594875,-3361.791476,-2006.036065,4514.982055,LLG
-21.74931899,-124.0100226,5.697994456,-3232.692531,-2097.135548,4474.028117,LLG
-21.32339265,-114.3000617,-6.175598308,-3099.577592,-2187.160036,4430.060495,LLG
-20.87024962,-104.4903488,-18.02412774,-2964.219783,-2274.030744,4380.372721,LLG
-20.40231095,-94.56264583,-29.86468135,-2825.12774,-2359.632537,4327.734951,LLG
-19.9081909,-84.55438023,-41.65717517,-2684.047077,-2441.929449,4269.505696,LLG
-19.40010925,-74.44806339,-53.41817053,-2539.525145,-2522.772779,4208.407698,LLG
-18.86695934,-64.28075179,-65.10823561,-2393.280195,-2600.168974,4141.863105,LLG
-18.32076235,-54.03565658,-76.74346294,-2243.897053,-2675.936814,4072.548144,LLG
-17.75068346,-43.74943458,-88.28510714,-2093.066722,-2748.124757,3997.947248,LLG
-17.16854822,-33.40594651,-99.74884861,-1939.410266,-2818.520082,3920.690974,LLG
-16.563787,-23.04142009,-111.0966623,-1784.591522,-2885.212839,3838.324679,LLG
-15.94803235,-12.64031509,-122.3438724,-1627.266549,-2949.95979,3753.434041,LLG
-15.31097261,-2.238400218,-133.4532078,-1469.072067,-3010.892159,3663.623972,LLG
-14.66404943,8.179316247,-144.4396914,-1308.697883,-3069.737137,3571.436007,LLG
-13.99720215,18.577555,-155.2668388,-1147.753625,-3124.666692,3474.533235,LLG
-13.32168385,28.97080986,-165.9494253,-984.9616012,-3177.379359,3375.41374,LLG
-12.62767784,39.32432158,-176.4517857,-821.9043478,-3226.087407,3271.797398,LLG
-11.9262504,49.65213637,-186.7885001,-657.3354319,-3272.461593,3166.139483,LLG
-11.2078216,59.92004575,-196.9247532,-492.8102701,-3314.754038,3056.21527,LLG
-10.48327262,70.1416983,-206.8749813,-327.11245,-3354.608558,2944.437812,LLG
-9.743253333,80.28346704,-216.6052491,-161.7702274,-3390.316663,2828.636385,LLG
-8.998461373,90.35865236,-226.1298982,4.404021725,-3423.49603,2711.182374,LLG
-8.239769261,100.3342392,-235.415902,169.9092635,-3452.477083,2589.957652,LLG
-7.477692323,110.2232286,-244.477555,335.9055571,-3478.852126,2467.292442,LLG
-6.703318642,119.9932474,-253.2827667,500.9191651,-3500.990003,2341.119811,LLG
-5.926982493,129.6570451,-261.8458302,666.0837928,-3520.458373,2213.729287,LLG
-5.139980497,139.1829202,-270.1356166,829.9530837,-3535.663995,2083.103723,LLG
-4.352466862,148.5834178,-278.1664612,993.6355876,-3548.150571,1951.49238,LLG
-3.555939651,157.8275366,-285.9082207,1155.712424,-3556.362255,1816.926495,LLG
-2.760373899,166.9276629,-293.3753139,1317.268169,-3561.819441,1681.615453,LLG
-1.957462161,175.853524,-300.5386051,1476.911517,-3563.003143,1543.637468,LLG
-1.157001105,184.6173919,-307.4126359,1635.704233,-3561.411057,1405.16241,LLG
-0.350870805,193.1897492,-313.9692979,1792.28269,-3555.560505,1264.314074,LLG
0.451309805,201.5827972,-320.2232923,1947.686987,-3546.927057,1123.223138,LLG
1.257480021,209.7677993,-326.147556,2100.581274,-3534.063772,980.0575825,LLG
2.058198037,217.7569278,-331.7569838,2251.985105,-3518.424634,836.9091968,LLG
2.861229313,225.5222516,-337.0255736,2400.590511,-3498.597851,691.9887562,LLG
3.657308682,233.0759535,-341.9684452,2547.397595,-3476.016315,547.3494349,LLG
4.454034527,240.3909315,-346.5606707,2691.126361,-3449.302783,401.243425,LLG
5.242317882,247.4794172,-350.8176239,2832.75853,-3419.869513,255.6855345,LLG
6.029596681,254.3151588,-354.715462,2971.042169,-3386.373193,108.9680039,LLG
6.806957752,260.9104732,-358.2698386,3106.941657,-3350.205868,-36.932496,LLG
7.581685124,267.2399787,-361.4580043,3239.233198,-3310.05752,-183.6850322,LLG
8.345041082,273.3161117,-364.2959157,3368.864836,-3267.300369,-329.3508605,LLG
9.104162176,279.1143789,-366.7619227,3494.640979,-3220.657038,-475.561697,LLG
9.850485802,284.6473682,-368.8723052,3617.494314,-3171.480272,-620.4165295,LLG
10.59100732,289.8914911,-370.6065152,3736.257499,-3118.524666,-765.5110478,LLG
11.31733893,294.8595168,-371.9811732,3851.848803,-3063.123805,-908.9817908,LLG
12.03634097,299.5287759,-372.976834,3963.129169,-3004.063575,-1052.389728,LLG
12.73980008,303.9122467,-373.6104727,4071.003354,-2942.65868,-1193.90878,LLG
13.43444763,307.9881911,-373.8637447,4174.360597,-2877.725596,-1335.066481,LLG
14.11224436,311.7698214,-373.7539912,4274.093006,-2810.560398,-1474.07397,LLG
14.77979851,315.2363412,-373.263963,4369.118112,-2740.009437,-1612.426613,LLG
15.42924454,318.4012199,-372.4113753,4460.316201,-2667.350376,-1748.372608,LLG
16.06707327,321.2446102,-371.1800669,4546.633064,-2591.458716,-1883.376393,LLG
16.68559248,323.7802588,-369.5881323,4628.937946,-2513.59389,-2015.723075,LLG
17.29118107,325.9892736,-367.6204875,4706.204847,-2432.659813,-2146.847374,LLG
17.87631966,327.8856962,-365.2956083,4779.292715,-2349.897842,-2275.071152,LLG
18.4472806,329.4515928,-362.5994751,4847.203674,-2264.239556,-2401.800603,LLG
18.99671682,330.7013153,-359.550944,4910.787074,-2176.908365,-2525.394187,LLG
19.53079925,331.6178891,-356.1370435,4969.073056,-2086.862748,-2647.230727,LLG
20.0423525,332.2159886,-352.3770065,5022.902024,-1995.308271,-2765.705125,LLG
20.53745106,332.479597,-348.2588911,5071.331999,-1901.229544,-2882.169958,LLG
21.00909054,332.4237215,-343.8022999,5115.195049,-1805.814362,-2995.056408,LLG
21.46325373,332.0332991,-338.9962993,5153.576905,-1708.072686,-3105.691897,LLG
21.89310641,331.3236766,-333.8608521,5187.301862,-1609.174592,-3212.543714,LLG
22.30454423,330.2807389,-328.3860093,5215.483164,-1508.154609,-3316.915185,LLG
22.69090227,328.9201767,-322.5920815,5238.937844,-1406.165123,-3417.309525,LLG
23.05799334,327.228814,-316.4700775,5256.80643,-1302.264438,-3515.006985,LLG
23.3993208,325.2226877,-310.0406406,5269.899165,-1197.587257,-3608.546512,LLG
23.72061872,322.8895495,-303.295709,5277.383594,-1091.214866,-3699.18627,LLG
24.01555763,320.2457815,-296.2562405,5280.06359,-984.2642759,-3785.500724,LLG
24.28979671,317.2800499,-288.9150717,5277.133421,-875.8389531,-3868.7269,LLG
24.53717241,314.0090784,-281.2934547,5269.390961,-767.0381902,-3947.474562,LLG
24.76327267,310.422432,-273.3850907,5256.056873,-656.9868346,-4022.960498,LLG
24.96209846,306.5371701,-265.2115034,5237.923356,-546.7664172,-4093.82953,LLG
25.13916987,302.3437377,-256.7672234,5214.237105,-435.5223669,-4161.279078,LLG
25.28865088,297.8595218,-248.0740206,5185.784922,-324.3183964,-4223.98876,LLG
25.41599689,293.0758272,-239.1272172,5151.839137,-212.3197182,-4283.137451,LLG
25.51553322,288.010357,-229.9488022,5113.181385,-100.5721584,-4337.439286,LLG
25.59265351,282.6552532,-220.5348499,5069.109202,11.74008177,-4388.055375,LLG
25.6418426,277.0285217,-210.9075391,5020.399239,123.5891406,-4433.734069,LLG
25.66843504,271.1231168,-201.063655,4966.373775,235.7726187,-4475.619451,LLG
25.66707324,264.9573317,-191.0255343,4907.804614,347.2807046,-4512.493762,LLG
25.64303509,258.5249056,-180.7906306,4844.038283,458.8935844,-4545.484753,LLG
25.59111848,251.844401,-170.3814056,4775.841834,569.6195894,-4573.408207,LLG
25.5165468,244.9103136,-159.7959364,4702.585509,680.2222668,-4597.376192,LLG
25.41427117,237.7414549,-149.0567753,4625.031657,789.7281874,-4616.237662,LLG
25.28946245,230.3330457,-138.1625772,4542.573682,898.8850259,-4631.089602,LLG
25.13722254,222.7041247,-127.1359486,4455.96923,1006.737691,-4640.813742,LLG
24.9626715,214.8506054,-115.9760752,4364.634275,1114.018742,-4646.492544,LLG
24.76105946,206.7917293,-104.7055803,4269.321728,1219.791524,-4647.040088,LLG
24.53745711,198.5240681,-93.32413265,4169.469514,1324.774221,-4643.524829,LLG
24.28726011,190.0670404,-81.85433362,4065.825731,1428.048716,-4634.892749,LLG
24.01549103,181.4178402,-70.29628602,3957.849609,1530.319547,-4622.198759,LLG
23.71768819,172.5960352,-58.67252975,3846.284313,1630.68723,-4604.42027,LLG
23.39882704,163.5994044,-46.98355234,3730.609706,1729.843367,-4582.599075,LLG
23.05458555,154.4476357,-35.25179176,3611.563872,1826.907199,-4555.743508,LLG
22.68989281,145.1390541,-23.47807028,3488.646603,1922.558089,-4524.882624,LLG
22.30056331,135.693437,-11.68468297,3362.590711,2015.934087,-4489.055153,LLG
21.89148035,126.1096156,0.127263474,3232.915199,2107.702994,-4449.277742,LLG
21.4585916,116.4074248,11.93565828,3100.347384,2197.021746,-4404.618965,LLG
21.00673492,106.5861608,23.73916077,2964.424733,2284.547238,-4356.083351,LLG
20.53198778,96.66568308,35.51588612,2825.868816,2369.455359,-4302.768735,LLG
20.03914271,86.64571094,47.2643101,2684.2348,2452.392733,-4245.667779,LLG
19.52440339,76.54609428,58.96281552,2540.238221,2532.554261,-4183.906972,LLG
18.99251698,66.36693276,70.60974481,2393.451165,2610.576907,-4118.46731,LLG
18.4398097,56.12803172,82.18378998,2244.582825,2685.674627,-4048.503307,LLG
17.87098308,45.82982791,93.68320995,2093.221405,2758.475315,-3974.984459,LLG
17.28248208,35.49204644,105.0870472,1940.069418,2828.212012,-3897.092646,LLG
16.67896213,25.11541734,116.3935263,1784.730374,2895.504105,-3815.785989,LLG
16.05698306,14.71954929,127.5820809,1627.899749,2959.603737,-3730.273057,LLG
15.42115359,4.305421526,138.6509501,1469.195533,3021.122325,-3641.500678,LLG
14.76814439,-6.107510298,149.5799986,1309.305784,3079.331109,-3548.70341,LLG
14.10251668,-16.51806199,160.3675272,1147.86214,3134.834051,-3452.816834,LLG
13.4210479,-26.90696772,170.9938715,985.5448446,3186.92147,-3353.100775,LLG
12.72825083,-37.2728826,181.4574404,821.9983388,3236.190351,-3250.47958,LLG
12.02100549,-47.59676748,191.7390782,657.8946422,3281.950058,-3144.237597,LLG
11.30377515,-57.87716082,201.8373476,492.8901528,3324.791055,-3035.287916,LLG
10.57353815,-68.09528694,211.7336385,327.64824,3364.041691,-2922.938644,LLG
9.834707038,-78.24961142,221.4267109,161.83641,3400.286331,-2808.09156,LLG
9.084354166,-88.32165851,230.8985364,-3.891052695,3432.872238,-2690.077752,LLG
8.326840015,-98.30986418,240.1481146,-169.8563829,3462.378072,-2569.7876,LLG
7.559326585,-108.1960887,249.1580326,-335.4148235,3488.169907,-2446.57438,LLG
6.786120848,-117.9787811,257.9275702,-500.879197,3510.821066,-2321.316954,LLG
6.00447004,-127.6401731,266.4399628,-665.6147206,3529.716313,-2193.389976,LLG
5.218626081,-137.1787686,274.694809,-829.9256468,3545.423967,-2063.660652,LLG
4.425917007,-146.5772056,282.6760229,-993.1876162,3557.347342,-1931.52419,LLG
3.630538054,-155.8340839,290.3835587,-1155.697146,3566.050051,-1797.835969,LLG
2.829893601,-164.9324815,297.8020382,-1316.840749,3570.953796,-1662.010921,LLG
2.0281205,-173.8711338,304.9318054,-1476.908034,3572.617754,-1524.892408,LLG
1.222695003,-182.6335918,311.7582166,-1635.296829,3570.481827,-1385.914244,LLG
0.417693819,-191.218765,318.282038,-1792.290646,3565.100994,-1245.90756,LLG
-0.389339389,-199.6107093,324.4893848,-1947.299072,3555.933148,-1104.324206,LLG
-1.194389862,-207.8085454,330.3814753,-2100.60032,3543.529276,-961.9828509,LLG
-1.999850979,-215.7968641,335.9452058,-2251.616166,3527.365027,-818.3525258,LLG
-2.801771768,-223.5750333,341.1822742,-2400.620307,3507.987573,-674.2391933,LLG
-3.602487072,-231.1282078,346.0803778,-2547.047129,3484.89006,-529.1282082,LLG
-4.398111569,-238.4560366,350.6417186,-2691.166574,3458.615991,-383.8125648,LLG
-5.190925947,-245.5442657,354.8548124,-2832.426047,3428.675729,-237.7930858,LLG
-5.977112404,-252.3928575,358.7223877,-2971.092474,3395.609219,-91.84952408,LLG
-6.758901808,-258.9881749,362.2337933,-3106.626675,3358.943738,54.5026854,LLG
-7.532545739,-265.3305245,365.3923037,-3239.293276,3319.215756,200.4973135,LLG
-8.300229516,-271.4069096,368.188113,-3368.566884,3275.96914,346.6051654,LLG
-9.058275947,-277.2180091,370.6250583,-3494.710521,3229.736935,492.073825,LLG
-9.808828999,-282.7514893,372.6941883,-3617.212932,3180.07925,637.3611842,LLG
-10.54828452,-288.0084278,374.3999164,-3736.3362,3127.525731,781.7289341,LLG
-11.27874925,-292.977173,375.7341529,-3851.583542,3071.652356,925.6228926,LLG
-11.99669385,-297.659226,376.7018984,-3963.216732,3012.985368,1068.319154,LLG
-12.70419182,-302.0436354,377.2959282,-4070.753773,2951.116224,1210.252292,LLG
-13.39779037,-306.1323471,377.5218386,-4174.456732,2886.567729,1350.713101,LLG
-14.07953369,-309.9151257,377.373271,-4273.858675,2818.94641,1490.125726,LLG
-14.74604718,-313.3943819,376.856422,-4369.222535,2748.771573,1627.795956,LLG
-15.39934949,-316.5606095,375.9657979,-4460.096699,2675.664384,1764.138314,LLG
-16.03614579,-319.4167009,374.7081973,-4546.745497,2600.140563,1898.47387,LLG
-16.65843289,-321.9538902,373.0789866,-4628.732862,2521.835469,2031.208311,LLG
-17.26299718,-324.1755668,371.0855663,-4706.32502,2441.261127,2161.678274,LLG
-17.85181714,-326.0737135,368.724155,-4779.101646,2358.066617,2290.28138,LLG
-18.42176182,-327.6522287,366.0027511,-4847.331322,2272.760136,2416.370103,LLG
-18.97479472,-328.9038504,362.9184155,-4910.609626,2185.004006,2540.334748,LLG
-19.50786881,-329.8329959,359.4797379,-4969.207919,2095.302436,2661.54389,LLG
-20.02293587,-330.4331618,355.6846084,-5022.737812,2003.330493,2780.381245,LLG
-20.51703393,-330.7092916,351.5421981,-5071.473826,1909.588221,2896.231738,LLG
-20.9921061,-330.655642,347.0512108,-5115.043696,1813.76292,3009.4732,LLG
-21.44527651,-330.2776871,342.221387,-5153.725448,1716.350273,3119.50714,LLG
-21.87848249,-329.5704427,337.0522252,-5187.163001,1617.049285,3226.706181,LLG
-22.28893518,-328.5399156,331.5540201,-5215.638181,1516.351064,3330.488632,LLG
-22.67856882,-327.1818764,325.7270442,-5238.811114,1413.965787,3431.222563,LLG
-23.0446823,-325.5028645,319.5821286,-5256.967686,1310.379753,3528.343277,LLG
-23.38920932,-323.4993992,313.1202959,-5269.784214,1205.313767,3622.214912,LLG
-23.70953712,-321.1785489,306.3528933,-5277.550858,1099.24907,3712.289946,LLG
-24.00760116,-318.5375733,299.2816673,-5279.960075,991.9165408,3798.929174,LLG
-24.28087749,-315.5840641,291.9184583,-5277.306468,883.7921058,3881.602404,LLG
-24.53130549,-312.3160101,284.2657084,-5269.298545,774.6161547,3960.667649,LLG
-24.75645028,-308.7415179,276.3357255,-5256.235484,664.859027,4035.612176,LLG
-24.95825708,-304.859292,268.1316165,-5237.84171,554.2700585,4106.791746,LLG
-25.13438022,-300.6779435,259.6661295,-5214.421064,443.3137199,4173.711187,LLG
-25.28677248,-296.1968762,250.943003,-5185.713724,331.7477237,4236.724499,LLG
-25.41317734,-291.4251927,241.9753955,-5152.028234,220.0303812,4295.354155,LLG
-25.51555666,-286.3629779,232.7676422,-5113.120321,107.9272108,4349.952851,LLG
-25.59174283,-281.0198103,223.3332799,-5069.303233,-4.109931963,4400.06075,LLG
-25.64370809,-275.3964355,213.6772036,-5020.348002,-116.3082949,4446.02967,LLG
-25.66937336,-269.5028899,203.8132947,-4966.572539,-228.2227794,4487.417486,LLG
-25.67072236,-263.340557,193.7469693,-4907.762904,-340.0739696,4524.575521,LLG
-25.64576392,-256.9199114,183.4924178,-4844.241586,-451.4238282,4557.079355,LLG
-25.59649412,-250.2429497,173.0555369,-4775.809356,-562.4868426,4585.28016,LLG
-25.52100896,-243.3205621,162.4507886,-4702.793159,-672.8323425,4608.771185,LLG
-25.42131753,-236.1553315,151.6845088,-4625.008125,-782.6692811,4627.903758,LLG
-25.29560204,-228.75854,140.7713923,-4542.785493,-891.5746597,4642.288728,LLG
-25.14588508,-221.1333277,129.7181707,-4455.954363,-999.7524538,4652.27785,LLG
-24.97043391,-213.2913423,118.5397319,-4364.850065,-1106.787639,4657.499467,LLG
-24.77128487,-205.2362506,107.2431587,-4269.315252,-1212.87976,4658.305995,LLG
-24.54678896,-196.9800381,95.84349095,-4169.689107,-1317.622065,4654.343138,LLG
-24.2989963,-188.5268661,84.34811753,-4065.827379,-1421.210209,4645.964162,LLG
-24.02634017,-179.8890278,72.77218762,-3958.072829,-1523.246004,4632.831966,LLG
-23.73088428,-171.0711454,61.12335025,-3846.293822,-1623.921741,4615.30082,LLG
-23.41114251,-162.0857886,49.4168211,-3730.836386,-1722.848083,4593.050621,LLG
-23.06919179,-152.9380051,37.66046238,-3611.580986,-1820.21447,4566.436752,LLG
-22.7036248,-143.6406085,25.86951263,-3488.876576,-1915.640693,4535.155877,LLG
-22.31653112,-134.1990351,14.05200003,-3362.615181,-2009.313842,4499.564571,LLG
-21.90658019,-124.6263086,2.223141891,-3233.148305,-2100.863099,4459.376001,LLG
-21.4758735,-114.9282161,-9.60891523,-3100.378965,-2190.473689,4414.947967,LLG
-21.02315509,-105.1179559,-21.42901959,-2964.660815,-2277.784439,4366.009846,LLG
-20.55053739,-95.20162721,-33.22895393,-2825.90727,-2362.979176,4312.920662,LLG
-20.05683675,-85.19256691,-44.99367654,-2684.473704,-2445.706613,4255.425674,LLG
-19.54417541,-75.09714636,-56.71494707,-2540.283314,-2526.149625,4193.885093,LLG
-19.01143952,-64.92880387,-68.37787817,-2393.692741,-2603.967034,4128.059704,LLG
-18.46075987,-54.69414251,-79.97425377,-2244.63433,-2679.341192,4058.310827,LLG
-17.8910898,-44.40666415,-91.48938499,-2093.465506,-2751.941242,3984.414387,LLG
-17.30456715,-34.07316254,-102.915127,-1940.127111,-2821.94942,3906.732702,LLG
-16.70020974,-23.70716465,-114.2370329,-1784.976859,-2889.045375,3825.056425,LLG
-16.08016082,-13.31561336,-125.4470755,-1627.963414,-2953.411614,3739.748724,LLG
-15.44349979,-2.912021952,-136.5310929,-1469.444263,-3014.738467,3650.614534,LLG
-14.79237358,7.496559367,-147.4812211,-1309.375209,-3073.20907,3558.017699,LLG
-14.12592017,17.89667009,-158.2836255,-1148.112979,-3128.524584,3461.776963,LLG
-13.44628824,28.28119461,-168.9306495,-985.6198207,-3180.869114,3362.256636,LLG
-12.75267128,38.63676437,-179.4088272,-822.251154,-3229.954783,3259.288778,LLG
-12.04721766,48.95624026,-189.7107532,-657.9749675,-3275.966976,3153.237921,LLG
-11.32917316,59.22638475,-199.82337,-493.1448156,-3318.628884,3043.948921,LLG
-10.60068373,69.44007692,-209.7395654,-327.7337166,-3358.127459,2931.786263,LLG
-9.861044143,79.58424915,-219.4467293,-162.0927945,-3394.197048,2816.607055,LLG
-9.112395656,89.65184003,-228.9380836,3.800618088,-3427.026425,2698.775441,LLG
-8.354078654,99.62999036,-238.2015025,169.5983994,-3456.361156,2578.160215,LLG
-7.588227362,109.511739,-247.2305813,335.3196195,-3482.392071,2455.124857,LLG
-6.814224346,119.2844732,-256.0137142,500.6197339,-3504.875989,2329.549264,LLG
-6.03419435,128.9413722,-264.544907,665.5149315,-3524.006002,2201.795906,LLG
-5.247558633,138.4701068,-272.813108,829.6648207,-3539.550195,2071.755182,LLG
-4.456429948,147.8640361,-280.8127689,993.0834219,-3551.704095,1939.788183,LLG
-3.660264706,157.1111509,-288.533424,1155.435071,-3560.247042,1805.795193,LLG
-2.861161101,166.2050284,-295.9700044,1316.732326,-3565.377144,1670.135536,LLG
-2.058607128,175.1340147,-303.1126602,1476.644819,-3566.88496,1532.718751,LLG
-1.254683806,183.8919424,-309.9568333,1635.184347,-3564.971295,1393.901989,LLG
-0.448907118,192.4675473,-316.4933173,1792.026401,-3559.437862,1253.603398,LLG
0.356661743,200.8549531,-322.7180938,1947.182699,-3550.488252,1112.177538,LLG
1.162482403,209.0433184,-328.6226255,2100.335149,-3537.935246,969.5505133,LLG
1.966516169,217.0270927,-334.2034603,2251.496066,-3521.985278,826.0738545,LLG
2.769201876,224.7958887,-339.452753,2400.354313,-3502.46208,681.6809626,LLG
3.568526012,232.3445148,-344.3676419,2546.923461,-3479.574962,536.7198942,LLG
4.364910205,239.6630677,-348.9409945,2690.899856,-3453.158466,391.1306787,LLG
5.156368804,246.7467461,-353.1705611,2832.298967,-3423.424781,245.2574437,LLG
5.943309782,253.5861594,-357.0499399,2970.825131,-3390.219089,99.04617622,LLG
6.723778016,260.1769259,-360.5775122,3106.496334,-3353.756432,-47.16338684,LLG
7.498171339,266.510194,-363.747622,3239.025401,-3313.892444,-193.4199728,LLG
8.26456779,272.5820295,-366.5592979,3368.433431,-3270.844965,-339.388702,LLG
9.02335853,278.3841446,-369.0076426,3494.442206,-3224.479862,-485.1136875,LLG
9.772657354,283.9130783,-371.0923451,3617.076512,-3175.01769,-630.2653754,LLG
10.51285215,289.1611289,-372.8092766,3736.067534,-3122.334313,-774.8839331,LLG
11.24209501,294.1253324,-374.1587974,3851.444295,-3066.652892,-918.6456007,LLG
11.96077388,298.7985939,-375.1375541,3962.947804,-3007.859021,-1061.587263,LLG
12.66708165,303.1784677,-375.7465859,4070.611838,-2946.178332,-1203.391421,LLG
13.36140952,307.2584841,-375.9833191,4174.187626,-2881.505865,-1344.092333,LLG
14.04199358,311.0367349,-375.8494767,4273.714185,-2814.069563,-1483.379221,LLG
14.70923147,314.5073915,-375.343266,4368.953334,-2743.773602,-1621.284363,LLG
15.36140478,317.6691002,-374.4670956,4459.949786,-2670.848053,-1757.504159,LLG
15.99892063,320.5166875,-373.2199524,4546.476282,-2595.205895,-1892.06954,LLG
16.62010831,323.0493684,-371.6049295,4628.583653,-2517.079122,-2024.684531,LLG
17.22538731,325.2626359,-369.6217892,4706.055868,-2436.389168,-2155.379336,LLG
17.81313679,327.1562858,-367.2743049,4778.950265,-2353.36972,-2283.866036,LLG
18.38379139,328.7264867,-364.5630071,4847.06231,-2267.950295,-2410.174717,LLG
18.93578209,329.9736245,-361.492343,4910.456196,-2180.366022,-2534.02594,LLG
19.46956135,330.8945497,-358.0636011,4968.939121,-2090.554119,-2655.450256,LLG
19.98361386,331.4902458,-354.2818924,5022.58245,-1998.750885,-2774.177109,LLG
20.47841239,331.7582492,-350.1492507,5071.205313,-1904.900834,-2890.238088,LLG
20.95249704,331.700145,-345.6714386,5114.886519,-1809.24115,-3003.371909,LLG
21.40636325,331.314157,-340.8512193,5153.457291,-1711.723221,-3113.61174,LLG
21.83860815,330.6024742,-335.694992,5187.004121,-1612.584812,-3220.705942,LLG
22.24975199,329.5640067,-330.2062307,5215.370448,-1511.783754,-3324.689783,LLG
22.63845038,328.2015465,-324.3919532,5238.650641,-1409.55807,-3425.321617,LLG
23.00525043,326.5146864,-318.2563237,5256.700443,-1305.871592,-3522.63931,LLG
23.34886745,324.5068183,-311.8069579,5269.622254,-1200.962265,-3616.411534,LLG
23.66987725,322.1782116,-305.0486868,5277.284169,-1094.799464,-3706.679225,LLG
23.96705598,319.5328523,-297.9897008,5279.796732,-987.6207129,-3793.221673,LLG
24.24100979,316.5716779,-290.6354717,5277.040396,-879.4004633,-3876.083324,LLG
24.4905766,313.2992602,-282.9947392,5269.133922,-770.3754591,-3955.054365,LLG
24.71639438,309.7171935,-275.0735873,5255.970088,-660.5247569,-4030.183164,LLG
24.91736358,305.8306247,-266.8812775,5237.675905,-550.083954,-4101.27105,LLG
25.09415526,301.6417917,-258.4244757,5214.156404,-439.0362326,-4168.370696,LLG
25.24573297,297.1564032,-249.7129345,5185.546834,-327.6156693,-4231.294794,LLG
25.37280194,292.3773246,-240.753869,5151.764367,-215.8090885,-4290.100671,LLG
25.47438924,287.310811,-231.5574911,5112.95244,-103.8486663,-4344.612569,LLG
25.55123513,281.9603371,-222.1315304,5069.040214,8.275616791,-4394.892785,LLG
25.60243039,276.3326865,-212.4866238,5020.17922,120.3338689,-4440.777274,LLG
25.62875103,270.4319229,-202.6309787,4966.310422,232.3334411,-4482.333581,LLG
25.62935155,264.2653381,-192.5756212,4907.593311,344.0471115,-4519.409501,LLG
25.60504415,257.837562,-182.3291983,4843.980423,455.4800496,-4552.078078,LLG
25.5550469,251.1563727,-171.9030873,4775.639039,566.4080897,-4580.199037,LLG
25.48020849,244.2269416,-161.3063351,4702.533001,676.8347042,-4603.85113,LLG
25.37981015,237.0575084,-150.550631,4624.837169,786.5391692,-4622.906079,LLG
25.25473716,229.6537597,-139.6453804,4542.526388,895.5237403,-4637.448517,LLG
25.10433336,222.0243703,-128.6025442,4455.782849,1003.571517,-4647.362188,LLG
24.92952046,214.1755133,-117.4318435,4364.592061,1110.684014,-4652.737747,LLG
24.7297042,206.1162707,-106.145469,4269.143261,1216.648531,-4653.470952,LLG
24.50584237,197.8532714,-94.75341406,4169.43225,1321.466309,-4649.658581,LLG
24.25740165,189.395975,-83.26805609,4065.654988,1424.929219,-4641.208365,LLG
23.98537543,180.7514343,-71.699616,3957.817164,1527.038686,-4628.223268,LLG
23.6892902,171.9294545,-60.0606144,3846.121107,1627.591519,-4610.622921,LLG
23.37017421,162.937479,-48.36145433,3730.581956,1726.589772,-4588.516502,LLG
23.02761245,153.7856256,-36.61475511,3611.408021,1823.835543,-4561.835428,LLG
22.66266713,144.4816931,-24.83105596,3488.623423,1919.331954,-4530.695082,LLG
22.27498028,135.0360777,-13.02302995,3362.442037,2012.886734,-4495.038525,LLG
21.86564694,125.4568975,-1.20130609,3232.896468,2104.504494,-4454.987297,LLG
21.43436454,115.7547912,10.62143408,3100.205712,2193.998922,-4410.495924,LLG
20.98225967,105.9381588,22.43451834,2964.410334,2281.376527,-4361.692023,LLG
20.50908331,96.01784497,34.22530216,2825.733976,2366.457271,-4308.541372,LLG
20.01599219,86.00249318,45.98311675,2684.224617,2449.249949,-4251.177544,LLG
19.50278883,75.9031165,57.69540002,2540.110045,2529.581098,-4189.577328,LLG
18.97065848,65.72856256,69.35153315,2393.445085,2607.462169,-4123.880101,LLG
18.41945308,55.48997434,80.93908169,2244.46115,2682.726558,-4054.073381,LLG
17.85038458,45.19636388,92.44752297,2093.219316,2755.388727,-3980.302165,LLG
17.26335207,34.85896493,103.8645951,1939.954082,2825.289191,-3902.564394,LLG
16.65959229,24.48691355,115.1799171,1784.732169,2892.445755,-3821.010461,LLG
16.03904902,14.09149472,126.381444,1627.790597,2956.706299,-3735.64839,LLG
15.40298172,3.681927712,137.4589818,1469.201105,3018.092282,-3646.633724,LLG
14.75137631,-6.730491109,148.4007456,1309.202662,3076.459174,-3553.9842,LLG
14.08551274,-17.13650027,159.1967726,1147.871385,3131.832373,-3457.860223,LLG
13.40541641,-27.52483205,169.8355807,985.4476012,3184.07514,-3358.288852,LLG
12.71238542,-37.88622383,180.3074815,822.0111557,3233.217081,-3255.435044,LLG
12.00648185,-48.20947653,190.6013373,657.8031309,3279.129425,-3149.334753,LLG
11.28901949,-58.48536734,200.7077757,492.906442,3321.846222,-3040.157148,LLG
10.56009421,-68.7028057,210.6160439,327.5623167,3361.246827,-2927.946631,LLG
9.82103296,-78.85264929,220.3171263,161.8560741,3397.369951,-2812.876218,LLG
9.071962389,-88.92395559,229.8006938,-3.97152904,3430.103205,-2694.998285,LLG
8.314219945,-98.90770305,239.0581263,-169.8334392,3459.490148,-2574.489305,LLG
7.547960011,-108.7931362,248.079556,-335.4899908,3485.426752,-2451.409136,LLG
6.774527796,-118.571394,256.856796,-500.8530669,3507.961588,-2325.937293,LLG
5.99410228,-128.2319465,265.3804748,-665.6847139,3526.999072,-2198.140599,LLG
5.208033633,-137.766132,273.6428746,-829.8964214,3542.592917,-2068.201177,LLG
4.416522235,-147.1636837,281.6351542,-993.2525678,3554.656037,-1936.192286,LLG
3.620920356,-156.4161773,289.3500983,-1155.664915,3563.247397,-1802.298199,LLG
2.82144654,-165.5136459,296.7794275,-1316.900789,3568.288438,-1666.598063,LLG
2.019452247,-174.4479398,303.9164609,-1476.872883,3569.843455,-1529.277831,LLG
1.215170914,-183.2094274,310.7535106,-1635.352082,3567.842416,-1390.421971,LLG
0.409950248,-191.7902693,317.2844592,-1792.252662,3562.354999,-1250.217632,LLG
-0.395964717,-200.1812036,323.5022378,-1947.349663,3553.319674,-1108.754026,LLG
-1.201232991,-208.3747361,329.4013195,-2100.559586,3540.811523,-966.2189958,LLG
-2.00560124,-216.3620075,334.9752795,-2251.662217,3524.777469,-822.7059137,LLG
-2.807738173,-224.1359016,340.2192061,-2400.576906,3505.297992,-678.4028056,LLG
-3.607385456,-231.6879933,345.1273411,-2547.088758,3482.328388,-533.4066077,LLG
-4.403224463,-239.011576,349.6954102,-2691.120584,3455.954504,-387.9050094,LLG
-5.194995146,-246.0986887,353.9183415,-2832.46337,3426.139902,-241.9979104,LLG
-5.981394505,-252.9430641,357.7925178,-2971.043975,3392.975738,-95.87213722,LLG
-6.762164029,-259.5372334,361.3135712,-3106.659806,3356.433707,50.37005176,LLG
-7.536019277,-265.8753967,364.4785582,-3239.242344,3316.610186,196.5432237,LLG
-8.30270649,-271.9506037,367.2838296,-3368.595934,3273.484848,342.5433679,LLG
-9.060962675,-277.7575478,369.7271298,-3494.65723,3227.159174,488.1869777,LLG
-9.81054199,-283.2898215,371.80554,-3617.23801,3177.620631,633.3688962,LLG
-10.55020573,-288.5426357,373.5175039,-3736.280623,3124.975668,777.9080755,LLG
-11.27971907,-293.5101478,374.8608425,-3851.604754,3069.219338,921.6988152,LLG
-11.99787036,-298.1881082,375.8347073,-3963.158943,3010.462887,1064.563056,LLG
-12.70443882,-302.5712593,376.4376651,-4070.771224,2948.708725,1206.395153,LLG
-13.39824257,-306.6559106,376.6695806,-4174.396798,2884.072707,1347.020562,LLG
-14.0790778,-310.4374073,376.5297704,-4273.872466,2816.564342,1486.334281,LLG
-14.745795,-313.9126355,376.0188151,-4369.160527,2746.303879,1624.165798,LLG
-15.3982102,-317.077559,375.1367811,-4460.10693,2673.307652,1760.411342,LLG
-16.03520876,-319.9296552,373.8849652,-4546.68148,2597.700064,1894.90494,LLG
-16.65662926,-322.4655198,372.2641811,-4628.739631,2519.503973,2027.544618,LLG
-17.26139438,-324.6832344,370.2764385,-4706.259061,2438.847681,2158.169444,LLG
-17.84936784,-326.5800369,367.9232936,-4779.105047,2355.760249,2286.679796,LLG
-18.41951192,-328.1546236,365.2074628,-4847.263484,2270.373597,2412.920267,LLG
-18.971718,-329.4048831,362.1312369,-4910.609754,2182.722653,2536.794127,LLG
-19.50499009,-330.3301337,358.6980301,-4969.138265,2092.942654,2658.151964,LLG
-20.01924958,-330.9289206,354.9108565,-5022.734758,2001.074037,2776.900465,LLG
-20.51354427,-331.2011895,350.7738169,-5071.402417,1907.25504,2892.896662,LLG
-20.98782771,-331.1461453,346.2906352,-5115.03755,1811.531238,3006.051161,LLG
-21.44119339,-330.7643639,341.4660839,-5153.652344,1714.043533,3116.227874,LLG
-21.87362911,-330.0557104,336.3045803,-5187.153849,1614.842248,3223.341807,LLG
-22.28427571,-329.021391,330.8115518,-5215.56344,1514.0706,3327.264159,LLG
-22.67315715,-327.6619296,324.9920898,-5238.799042,1411.783261,3427.914798,LLG
-23.03946322,-325.9791599,318.8522569,-5256.891367,1308.125398,3525.172599,LLG
-23.38325571,-323.9742602,312.3977968,-5269.769306,1203.155614,3618.962723,LLG
-23.70377479,-321.6496868,305.6353848,-5277.473016,1097.020652,3709.172086,LLG
-24.00112161,-319.0072657,298.571393,-5279.942412,989.7826202,3795.731548,LLG
-24.27458792,-316.0500683,291.2130845,-5277.227157,881.5894487,3878.536406,LLG
-24.52431564,-312.7805585,283.5674331,-5269.278208,772.5063199,3957.523595,LLG
-24.74964914,-309.2024131,275.6422625,-5256.154757,662.6819526,4032.597102,LLG
-24.95077224,-305.3187224,267.4451193,-5237.818777,552.1841599,4103.70029,LLG
-25.12708282,-301.1337555,258.9843582,-5214.338975,441.1620467,4170.746116,LLG
-25.27880761,-296.6512153,250.2680674,-5185.688271,329.6856081,4233.68469,LLG
-25.40539866,-291.8759485,241.3051011,-5151.944833,217.9039248,4292.438188,LLG
-25.50712639,-286.8122534,232.104056,-5113.092424,105.8887219,4346.963754,LLG
-25.58349751,-281.4655376,222.6742522,-5069.21857,-6.211358713,4397.193005,LLG
-25.63482674,-275.8406761,213.0247592,-5020.317733,-118.3233168,4443.090372,LLG
-25.66067574,-269.9436175,203.1653276,-4966.486663,-230.2993659,4484.597098,LLG
-25.66140392,-263.7797923,193.1054632,-4907.730335,-342.0656868,4521.685124,LLG
-25.636628,-257.3556688,182.8553094,-4844.154544,-453.4757662,4554.305476,LLG
-25.58675228,-250.67721,172.4247696,-4775.774557,-564.4554203,4582.437787,LLG
-25.51144844,-243.7513797,161.8243413,-4702.704999,-674.8598258,4606.042984,LLG
-25.41116567,-236.5846481,151.0642851,-4624.971165,-784.6148869,4625.108547,LLG
-25.28563032,-229.1844489,140.1554122,-4542.696259,-893.5778841,4639.605392,LLG
-25.13533629,-221.5577323,129.1082993,-4455.915308,-1001.675258,4649.528957,LLG
-24.96006409,-213.7123743,117.9340293,-4364.759802,-1108.766801,4654.860198,LLG
-24.76035193,-205.6557758,106.643452,-4269.274168,-1214.779934,4655.602593,LLG
-24.53603385,-197.3962257,95.24787983,-4169.597857,-1319.577365,4651.747153,LLG
-24.28769173,-188.9415449,83.75839178,-4065.784329,-1423.087927,4643.305439,LLG
-24.01521228,-180.3004042,72.18648573,-3957.980637,-1525.177643,4630.278499,LLG
-23.7192203,-171.4810117,60.54342546,-3846.24887,-1625.77718,4612.685983,LLG
-23.39965408,-162.4923874,48.84084985,-3730.743292,-1724.756261,4590.538919,LLG
-23.05718037,-153.3430933,37.0901621,-3611.534192,-1822.047808,4563.86502,LLG
-22.6917878,-144.042464,25.303097,-3488.782621,-1917.525614,4532.685205,LLG
-22.30418393,-134.59938,13.49115138,-3362.566605,-2011.125257,4497.035181,LLG
-21.89440632,-125.0234555,1.666110365,-3233.053527,-2102.724967,4456.945635,LLG
-21.46320197,-115.3238529,-10.1604817,-3100.328666,-2192.263362,4412.460169,LLG
-21.01065578,-105.5104294,-21.97683512,-2964.565254,-2279.623459,4363.619078,LLG
-20.53755268,-95.59259182,-33.77140431,-2825.855304,-2364.747291,4310.473722,LLG
-20.04402317,-85.58040264,-45.53244083,-2684.377397,-2447.522991,4253.07381,LLG
-19.53088843,-75.48347492,-57.24844412,-2540.229738,-2527.896363,4191.478291,LLG
-18.9983226,-65.31203792,-68.90775272,-2393.595725,-2605.760975,4125.746062,LLG
-18.44718129,-55.07587158,-80.49895706,-2244.579198,-2681.066738,4055.943456,LLG
-17.87768021,-44.78533296,-92.01052809,-2093.367818,-2753.712954,3982.138299,LLG
-17.29070739,-34.45032904,-103.4311929,-1940.070477,-2823.653959,3904.404071,LLG
-16.68651792,-24.08130497,-114.7495997,-1784.878533,-2890.795065,3822.817237,LLG
-16.06603007,-13.68825452,-125.9546573,-1627.905329,-2955.095332,3737.458153,LLG
-15.42953593,-3.281670874,-137.0352356,-1469.345332,-3016.466342,3648.411603,LLG
-14.77798179,7.12840602,-147.9804692,-1309.315724,-3074.872153,3555.764522,LLG
-14.11169423,17.5314752,-158.7794931,-1148.013478,-3130.230852,3459.609659,LLG
-13.43164514,27.91749129,-169.4217113,-985.5589855,-3182.511751,3360.040201,LLG
-12.73819299,38.27598591,-179.8965661,-822.1511154,-3231.639653,3257.156484,LLG
-12.03233273,48.59694894,-190.1937731,-657.9128309,-3277.589353,3151.057586,LLG
-11.31445204,58.86998487,-200.3031234,-493.0442711,-3320.292564,3041.851029,LLG
-10.58556628,69.08515936,-210.214685,-327.670326,-3359.729765,2929.6414,LLG
-9.846089481,79.2321898,-219.9186378,-161.9917751,-3395.839745,2814.542973,LLG
-9.097054733,89.30125782,-229.4054418,3.86521624,-3428.608848,2696.665434,LLG
-8.338899526,99.2822333,-238.665704,169.6998634,-3457.983078,2576.129358,LLG
-7.572671832,109.1654536,-247.6903143,335.38538,-3483.9548,2453.049102,LLG
-6.798829619,118.94098,-256.4703437,500.7216131,-3506.477345,2327.551061,LLG
-6.018432866,128.5993448,-264.9971484,665.5818099,-3525.549225,2199.753809,LLG
-5.231956967,138.1308391,-273.2622981,829.7670862,-3541.131191,2069.789072,LLG
-4.440470959,147.5262279,-281.2576497,993.1513751,-3553.228001,1937.779163,LLG
-3.644464561,156.7760699,-288.9753046,1155.537694,-3561.807885,1803.860625,LLG
-2.845012863,165.8714004,-296.4076529,1316.801311,-3566.881923,1668.159023,LLG
-2.042616765,174.8030818,-303.5473589,1476.747774,-3568.425857,1530.815185,LLG
-1.238354379,183.5624557,-310.3873756,1635.254324,-3566.457134,1391.957422,LLG
-0.432734605,192.1407236,-316.920959,1792.129659,-3560.959019,1251.730304,LLG
0.373164488,200.5295686,-323.1416534,1947.253627,-3551.95534,1110.264368,LLG
1.178829186,208.7205652,-329.0433328,2100.438685,-3539.436868,967.707371,LLG
1.983184546,216.7057713,-334.6201584,2251.567906,-3523.433803,824.1915426,LLG
2.785715237,224.477167,-339.8666462,2400.458102,-3503.944372,679.867262,LLG
3.585352518,232.0272173,-344.7775973,2546.996175,-3481.005112,534.8679117,LLG
4.381582633,239.3483386,-349.3481916,2691.003873,-3454.621633,389.3459191,LLG
5.173346113,246.4334335,-353.5738904,2832.372516,-3424.836743,243.4352715,LLG
5.960133944,253.275384,-357.4505566,2970.929351,-3391.663334,97.28986633,LLG
6.740898976,259.867559,-360.9743298,3106.570683,-3355.150394,-48.95625781,LLG
7.515140077,266.2033334,-364.1417718,3239.129802,-3315.317971,-195.1483152,LLG
8.281825421,272.2765692,-366.949716,3368.508544,-3272.221112,-341.1527715,LLG
9.040464856,278.0811601,-369.3954368,3494.546764,-3225.886871,-486.8145356,LLG
9.790044842,283.6114855,-371.4764738,3617.152353,-3176.376209,-632.0011338,LLG
10.53008924,288.8619816,-373.1908246,3736.172227,-3123.723005,-776.5577512,LLG
11.25960571,293.8275683,-374.5367447,3851.520831,-3067.993968,-920.3535292,LLG
11.97813509,298.5032451,-375.512963,3963.05261,-3009.229596,-1063.234507,LLG
12.68470906,302.8844932,-376.1184577,4070.689035,-2947.502149,-1205.071992,LLG
13.37888834,306.9668951,-376.3526942,4174.292524,-2882.858522,-1345.71345,LLG
14.05973138,310.7465112,-376.215377,4273.792012,-2815.376306,-1485.032898,LLG
14.72682157,314.2195237,-375.7067104,4369.058304,-2745.10854,-1622.879793,LLG
15.37924679,317.3825886,-374.8271265,4460.02821,-2672.137904,-1759.131397,LLG
16.01661582,320.2325024,-373.5775673,4546.581302,-2596.52331,-1893.639714,LLG
16.63804849,322.7665303,-371.959191,4628.662643,-2518.352264,-2026.285777,LLG
17.24318156,324.9820952,-369.973674,4706.16092,-2437.689257,-2156.924676,LLG
17.83116928,326.8770827,-367.6228953,4779.029792,-2354.626334,-2285.441728,LLG
18.40167882,328.4495521,-364.9092594,4847.167374,-2269.233252,-2411.69564,LLG
18.95390115,329.698018,-361.8353587,4910.53623,-2181.606289,-2535.576508,LLG
19.48753622,330.6211832,-358.4043165,4969.04418,-2091.820137,-2656.947169,LLG
20.00181389,331.2181977,-354.619428,5022.662963,-1999.974985,-2775.702977,LLG
20.49646909,331.4884126,-350.4845231,5071.310348,-1906.150106,-2891.711392,LLG
20.97077259,331.4316171,-346.0035869,5114.967482,-1810.449261,-3004.873491,LLG
21.42449632,331.0478127,-341.181141,5153.562284,-1712.955938,-3115.061828,LLG
21.85695389,330.3374287,-336.0218441,5187.085507,-1613.777112,-3222.183645,LLG
22.26795612,329.3011169,-330.530892,5215.475382,-1513.000106,-3326.117041,LLG
22.65686114,327.9399455,-324.7135986,5238.732424,-1410.734737,-3426.77584,LLG
23.02352042,326.2552137,-318.5758135,5256.805302,-1307.071767,-3524.044117,LLG
23.36733817,324.2486243,-312.1234844,5269.704408,-1202.123473,-3617.842671,LLG
23.68820804,321.9221186,-305.3630923,5277.388937,-1095.983651,-3708.061953,LLG
23.98558172,319.278028,-298.3011946,5279.879232,-988.7666368,-3794.630108,LLG
24.25939644,316.3189275,-290.9448784,5277.145056,-880.5688465,-3877.444339,LLG
24.50915257,313.0477683,-283.3012848,5269.216742,-771.5062726,-3956.440478,LLG
24.73483209,309.4677488,-275.3780793,5256.074626,-661.6775216,-4031.522824,LLG
24.9359851,305.5824282,-267.1829581,5237.759023,-551.1998296,-4102.635211,LLG
25.11263935,301.3956159,-258.7241353,5214.260805,-440.1735621,-4169.689354,LLG
25.26439548,296.9114653,-250.0098315,5185.630225,-328.7167782,-4232.637369,LLG
25.39132784,292.1343812,-241.0487772,5151.868616,-216.9311646,-4291.398672,LLG
25.49308829,287.0690952,-231.8496846,5113.036082,-104.9351786,-4345.933916,LLG
25.56979838,281.7205899,-222.4217666,5069.144297,7.16861342,-4396.17047,LLG
25.62116165,276.0941564,-212.7741924,5020.263091,119.2617844,-4442.077744,LLG
25.64734731,270.1953356,-202.9166211,4966.414326,231.2413315,-4483.591285,LLG
25.6481108,264.0299575,-192.858642,4907.677389,342.9892871,-4520.689442,LLG
25.62366924,257.6040989,-182.6103233,4844.084135,454.4026559,-4553.316127,LLG
25.57383005,250.9241057,-172.1816361,4775.723303,565.3643589,-4581.458786,LLG
25.49885827,243.996567,-161.583018,4702.636508,675.7718504,-4605.069848,LLG
25.39861319,236.8283195,-150.8247822,4624.921598,785.5093669,-4624.14597,LLG
25.27340763,229.4264381,-139.9176951,4542.629677,894.4752515,-4638.648219,LLG
25.1231524,221.7982239,-128.8723708,4455.867423,1002.555479,-4648.58255,LLG
24.94820773,213.9512096,-117.6998625,4364.695121,1109.649717,-4653.918745,LLG
24.74853545,205.8931316,-106.4110428,4269.227961,1215.646095,-4654.672105,LLG
24.52454264,197.6319508,-95.01720859,4169.535068,1320.446031,-4650.821179,LLG
24.27624143,189.1758084,-83.52944741,4065.739795,1423.940224,-4642.390625,LLG
24.00408501,180.533062,-71.95925599,3957.919729,1526.032259,-4629.367767,LLG
23.70813491,171.7122257,-60.31789247,3846.206003,1626.615804,-4611.786599,LLG
23.38888949,162.7220205,-48.61700848,3730.684257,1725.597025,-4589.643196,LLG
23.0464586,153.5713001,-36.86798787,3611.492988,1822.872949,-4562.980829,LLG
22.68138464,144.2691144,-25.08259172,3488.725449,1918.35272,-4531.804261,LLG
22.29382447,134.8246214,-13.27228411,3362.527057,2011.937104,-4496.165947,LLG
21.88436327,125.2471646,-1.448889704,3232.99821,2103.538607,-4456.079245,LLG
21.45320346,115.5461701,10.37609298,3100.290768,2193.062101,-4411.605663,LLG
21.0009715,105.731238,22.19082179,2964.511781,2280.423823,-4362.767019,LLG
20.52791376,95.81202547,33.98380976,2825.819051,2365.533103,-4309.633715,LLG
20.0346963,85.79835124,45.74324335,2684.325759,2448.310265,-4252.235864,LLG
19.52160768,75.70006523,57.4576931,2540.195124,2528.669429,-4190.652561,LLG
18.98935176,65.52716629,69.11542012,2393.545913,2606.535344,-4124.922014,LLG
18.43825729,55.28965821,80.70509815,2244.546216,2681.827238,-4055.131782,LLG
17.86906398,44.99768043,92.21510864,2093.319821,2754.474601,-3981.327937,LLG
17.28213869,34.66135111,103.6342739,1940.039122,2824.402067,-3903.606237,LLG
16.67825485,24.29091035,114.9511409,1784.832342,2891.544169,-3822.020351,LLG
16.05781518,13.89655065,126.1547253,1627.875594,2955.831222,-3736.673945,LLG
15.42162457,3.488572461,137.2337842,1469.300938,3017.20308,-3647.627988,LLG
14.77011922,-6.922797696,148.1775705,1309.287603,3075.595997,-3554.99373,LLG
14.10413309,-17.3272396,158.9750951,1147.97087,3130.955399,-3458.839114,LLG
13.42413336,-27.71453316,169.6158914,985.5324718,3183.223716,-3359.282619,LLG
12.73098056,-38.07437899,180.0892667,822.110284,3232.352182,-3256.398809,LLG
12.02517021,-48.39660388,190.3850769,657.8879176,3278.289608,-3150.313011,LLG
11.30758678,-58.67096981,200.4929672,493.0052062,3320.993245,-3041.106029,LLG
10.57875144,-68.88739073,210.4031567,327.6470062,3360.418474,-2928.909632,LLG
9.839569853,-79.03573026,220.1056687,161.9544669,3396.528746,-2813.810454,LLG
9.090586002,-89.10602946,229.5911248,-3.886949382,3429.286173,-2695.946275,LLG
8.332723955,-99.08829343,238.8499652,-169.7354251,3458.660564,-2575.409131,LLG
7.566547602,-108.9727298,247.8732514,-335.4055335,3484.6209,-2452.342359,LLG
6.792996516,-118.7495245,256.6518777,-500.7554382,3507.14348,-2326.842939,LLG
6.012651518,-128.4090904,265.1773816,-665.600391,3526.20426,-2199.059292,LLG
5.226464725,-137.9418328,273.4411466,-829.7991849,3541.786137,-2069.092871,LLG
4.435030856,-147.3384082,281.4352205,-993.1683909,3553.872126,-1937.096683,LLG
3.639311554,-156.5894786,289.1515089,-1155.568077,3562.451801,-1803.176164,LLG
2.83991235,-165.6859811,296.5826021,-1316.816769,3567.515292,-1667.488395,LLG
2.037801354,-174.6188714,303.7209593,-1476.77645,3569.058899,-1530.142285,LLG
1.233591787,-183.3794029,310.5597432,-1635.268231,3567.079899,-1391.298464,LLG
0.428255132,-191.9588606,317.0919955,-1792.156639,3561.581342,-1251.068791,LLG
-0.377590843,-200.348849,323.3114791,-1947.265992,3552.567651,-1109.616902,LLG
-1.182974393,-208.5410164,329.2118447,-2100.46398,3540.048625,-967.057071,LLG
-1.987276364,-216.5273519,334.787481,-2251.578735,3524.035807,-823.5553919,LLG
-2.789527863,-224.2998998,340.0326721,-2400.481721,3504.545714,-679.2280053,LLG
-3.58911151,-231.8510655,344.9424551,-2547.005476,3481.596956,-534.2429026,LLG
-4.385064378,-239.1733207,349.5117695,-2691.025826,3455.212709,-388.7175382,LLG
-5.176774005,-246.2595174,353.7363211,-2832.380296,3425.41857,-242.8212333,LLG
-5.963286521,-253.1025838,357.6117239,-2970.949649,3392.244289,-96.67219631,LLG
-6.743997505,-259.6958469,361.1343704,-3106.576951,3355.722345,49.55949329,LLG
-7.51796521,-266.0327194,364.3005655,-3239.148455,3315.88895,195.7554366,LLG
-8.284596337,-272.10703,367.1074031,-3368.513307,3272.783329,341.7453698,LLG
-9.042964283,-277.9127013,369.5518931,-3494.563782,3226.448017,487.4112683,LLG
-9.792489905,-283.4440884,371.6318433,-3617.15562,3176.928829,632.5832578,LLG
-10.53226471,-288.6956476,373.3449792,-3736.187621,3124.27446,777.1442525,LLG
-11.26172669,-293.6622827,374.6898319,-3851.522609,3068.537127,920.9253394,LLG
-11.97998836,-298.3390057,375.664851,-3963.06639,3009.771497,1063.810932,LLG
-12.68650774,-302.7212894,376.2692976,-4070.689332,2948.035983,1205.633646,LLG
-13.38042118,-306.8047206,376.5023502,-4174.3047,2883.391007,1346.279951,LLG
-14.06120954,-310.5853595,376.3640038,-4273.790835,2815.900946,1485.584551,LLG
-14.72803575,-314.0593847,375.8541685,-4369.068886,2745.631743,1623.43652,LLG
-15.38040624,-317.2234599,374.9735739,-4460.025569,2672.653481,1759.673203,LLG
-16.01751313,-320.0743701,373.7228611,-4546.590302,2597.037365,1894.186815,LLG
-16.63889104,-322.6093958,372.1034923,-4628.658546,2518.858908,2026.817886,LLG
-17.2437638,-324.825941,370.1168364,-4706.168347,2438.194295,2157.462297,LLG
-17.83169672,-326.7219141,367.7650832,-4779.024246,2355.124172,2285.964289,LLG
-18.40194778,-328.2953479,365.0503229,-4847.173239,2269.729402,2412.223924,LLG
-18.95411532,-329.5447872,361.9754654,-4910.529244,2182.095446,2536.089667,LLG
-19.48749372,-330.4689012,358.5433131,-4969.048492,2092.307527,2657.466256,LLG
-20.00171662,-331.0668771,354.7574851,-5022.654545,2000.455585,2776.206877,LLG
-20.49611694,-331.3380255,350.6214844,-5071.313118,1906.628862,2892.221422,LLG
-20.97036571,-331.2821795,346.1396258,-5114.957641,1810.921426,3005.368273,LLG
-21.42383635,-330.8992933,341.3160979,-5153.563523,1713.426184,3115.562938,LLG
-21.85623924,-330.1898472,336.1558954,-5187.07425,1614.240962,3222.669449,LLG
-22.26699015,-329.1544388,330.6638751,-5215.475099,1513.461965,3326.609366,LLG
-22.65584056,-327.7941937,324.8456925,-5238.71976,1411.190391,3427.252804,LLG
-23.02225028,-326.1103504,318.7068528,-5256.803508,1307.52536,3524.527789,LLG
-23.36601351,-324.104676,312.2536509,-5269.690346,1202.571049,3618.310929,LLG
-23.68663557,-321.7790443,305.4922174,-5277.385642,1096.429096,3708.537103,LLG
-23.98395484,-319.1358573,298.4294628,-5279.863779,989.2062498,3795.089793,LLG
-24.25752349,-316.1776166,291.0721184,-5277.14027,881.0062619,3877.911095,LLG
-24.50722532,-312.9073499,283.4276836,-5269.199908,771.9380367,3956.89172,LLG
-24.7326605,-309.328176,275.5034628,-5256.06836,662.107023,4031.981313,LLG
-24.93375934,-305.443737,267.307516,-5237.740815,551.6238571,4103.078141,LLG
-25.11017095,-301.2577565,258.8476907,-5214.253068,440.5952637,4170.139701,LLG
-25.26187306,-296.7744766,250.1325764,-5185.610653,329.1331801,4233.072113,LLG
-25.3885645,-291.9982106,241.1705322,-5151.85942,217.3451792,4291.841,LLG
-25.49027109,-286.9337844,231.9706441,-5113.015153,105.3440642,4346.360598,LLG
-25.56674196,-281.5860838,222.5417487,-5069.133651,-6.762174839,4396.6049,LLG
-25.61805155,-275.9604997,212.8933936,-5020.240814,-118.8603073,4442.496488,LLG
-25.64399966,-270.0624703,203.034857,-4966.40224,-230.8423593,4484.017935,LLG
-25.64470966,-263.897931,192.9761117,-4907.653773,-342.5951121,4521.100368,LLG
-25.62003221,-257.4728507,182.7268397,-4844.070619,-454.0110422,4553.735116,LLG
-25.57013972,-250.7936861,172.2974004,-4775.698356,-564.9773811,4581.862015,LLG
-25.49493373,-243.8669127,161.697841,-4702.621573,-675.3874886,4605.48129,LLG
-25.39463557,-236.6994836,150.9388671,-4624.895329,-785.1294829,4624.541618,LLG
-25.26919744,-229.2983549,140.0308504,-4542.613333,-894.0980366,4639.052228,LLG
-25.11888935,-221.6709491,128.9848018,-4455.839841,-1002.182587,4648.970733,LLG
-24.94371374,-213.8246749,117.8113755,-4364.677377,-1109.279545,4654.315432,LLG
-24.74398884,-205.7673953,106.521845,-4269.199073,-1215.280094,4655.052937,LLG
-24.51976672,-197.5069423,95.12710411,-4169.515935,-1320.082801,4651.210656,LLG
-24.27141313,-189.0515885,83.63864552,-4065.709611,-1423.581015,4642.764217,LLG
-23.99902902,-180.4095578,72.06755862,-3957.899217,-1525.675869,4629.750142,LLG
-23.70302681,-171.5895004,60.42551081,-3846.174531,-1626.263289,4612.153063,LLG
-23.3835553,-162.599999,48.72374239,-3730.662375,-1725.247376,4590.018575,LLG
-23.04107255,-153.4500478,36.9740504,-3611.460236,-1822.527033,4563.340272,LLG
-22.67577409,-144.1485541,25.18778072,-3488.702209,-1918.009715,4532.17275,LLG
-22.28816236,-134.7048209,13.37681441,-3362.493034,-2011.59769,4496.518477,LLG
-21.87847823,-125.1280445,1.552557228,-3232.97362,-2103.202149,4456.440948,LLG
-21.44726715,-115.4278005,-10.27307168,-3100.255483,-2192.729095,4411.951385,LLG
-20.99481384,-105.6135374,-22.08865267,-2964.485852,-2280.093817,4363.122038,LLG
-20.52170511,-95.69506612,-33.88227458,-2825.782513,-2365.206414,4309.972733,LLG
-20.02826787,-85.68204958,-45.64254991,-2684.2985,-2447.986617,4252.584299,LLG
-19.51512857,-75.58449577,-57.35762154,-2540.15734,-2528.348966,4190.984976,LLG
-18.9826544,-65.41224342,-69.01617999,-2393.517335,-2606.217962,4125.263964,LLG
-18.43150957,-55.17545854,-80.60646802,-2244.507196,-2681.512909,4055.457696,LLG
-17.86209956,-44.88411643,-92.1172998,-2093.289933,-2754.163392,3981.6635,LLG
-17.27512423,-34.54850145,-103.5370634,-1939.998874,-2824.093785,3903.925748,LLG
-16.67102521,-24.17868558,-114.8547417,-1784.801154,-2891.239045,3822.349623,LLG
-16.05053583,-13.78503148,-126.0589129,-1627.834126,-2955.5289,3736.987151,LLG
-15.41413156,-3.377667579,-137.1387732,-1469.268459,-3016.903952,3647.951064,LLG
-14.76257684,7.03300563,-148.083135,-1309.244924,-3075.299547,3555.300727,LLG
-14.09637856,17.43684369,-158.8814513,-1147.937111,-3130.66218,3459.156087,LLG
-13.41632981,27.82344883,-169.5228119,-985.4885902,-3182.933055,3359.583501,LLG
-12.72296635,38.18270111,-179.9969694,-822.0752537,-3232.064785,3256.70977,LLG
-12.01710733,48.504246,-190.293333,-657.8428419,-3278.00465,3150.607872,LLG
-11.29931473,58.77802851,-200.401996,-492.9689146,-3320.711585,3041.411069,LLG
-10.57043107,68.99377775,-210.3127281,-327.600745,-3360.139138,2929.198563,LLG
-9.831041787,79.14154385,-220.0160035,-161.9169235,-3396.252739,2814.109661,LLG
-9.082009991,89.21117957,-229.5019916,3.934387712,-3429.012377,2696.229367,LLG
-8.323941711,99.19287995,-238.7615862,169.7742107,-3458.390129,2575.702594,LLG
-7.557717785,109.076661,-247.785394,335.4541405,-3484.352564,2452.619699,LLG
-6.783961919,118.8529017,-256.5647654,500.7954564,-3506.878534,2327.130743,LLG
-6.003569727,128.5118203,-265.0907808,665.6501582,-3525.941304,2199.330969,LLG
-5.217179599,138.0440183,-273.3552819,829.8404262,-3541.526601,2069.375102,LLG
-4.42569892,147.4399542,-281.3498572,993.2193099,-3553.614473,1937.362783,LLG
-3.629777716,156.6904897,-289.0668729,1155.610532,-3562.197595,1803.452905,LLG
-2.830332091,165.7863604,-296.4984576,1316.868832,-3567.262864,1667.749003,LLG
-2.028020617,174.718725,-303.6375335,1476.820109,-3568.809946,1530.413619,LLG
-1.223765023,183.4786325,-310.4767991,1635.321429,-3566.832621,1391.553664,LLG
-0.418229305,192.0575736,-317.0097615,1792.201494,-3561.337564,1251.334798,LLG
0.387662298,200.4469456,-323.2297171,1947.320316,-3552.325448,1109.866775,LLG
1.193243507,208.6386054,-329.1307845,2100.51002,-3539.809947,967.3178321,LLG
1.997590702,216.624332,-334.7068834,2251.634177,-3523.798605,823.8000192,LLG
2.800038466,224.3963811,-339.9527678,2400.528937,-3504.312062,679.4835989,LLG
3.599666929,231.9469454,-344.8630042,2547.062028,-3481.364682,534.4823644,LLG
4.395814678,239.2687105,-349.4330037,2691.07421,-3454.984008,388.9680418,LLG
5.187568708,246.354313,-353.6579996,2832.437951,-3425.191153,243.055608,LLG
5.974274731,253.1968979,-357.5340795,2970.999191,-3392.020467,96.91768635,LLG
6.755029702,259.789574,-361.0571612,3106.635698,-3355.499714,-49.33012826,LLG
7.529189549,266.1259735,-364.2240253,3239.199145,-3315.669936,-195.5148849,LLG
8.295864242,272.1997042,-367.0312895,3368.57314,-3272.565414,-341.5209382,LLG
9.054422974,278.0049108,-369.4764406,3494.615612,-3226.23374,-487.1755808,LLG
9.803991739,283.535725,-371.5568086,3617.21653,-3176.715562,-632.3636847,LLG
10.54395599,288.7868277,-373.2705979,3736.240582,-3124.06485,-776.9133563,LLG
11.27346068,293.752897,-374.6158599,3851.584587,-3068.32844,-920.7105507,LLG
11.99191046,298.4291715,-375.5915247,3963.120473,-3009.566486,-1063.584755,LLG
12.69847212,302.8108961,-376.1963721,4070.752371,-2947.831809,-1205.423569,LLG
13.39257234,306.8938868,-376.430063,4174.359895,-2883.190527,-1346.058423,LLG
14.07340255,310.6739734,-376.2921091,4273.854928,-2815.701219,-1485.379115,LLG
14.74041423,314.147566,-375.7829046,4369.125185,-2745.435728,-1623.219571,LLG
15.39282613,317.3110955,-374.9026944,4460.090706,-2672.458136,-1759.472336,LLG
16.03011718,320.1615807,-373.6526051,4546.647695,-2596.845749,-1893.974376,LLG
16.65153606,322.6960673,-372.0336127,4628.724719,-2518.667882,-2026.621519,LLG
17.25659168,324.9121952,-370.047573,4706.226826,-2438.007014,-2157.254301,LLG
17.84456514,326.8076356,-367.6961884,4779.091448,-2354.937401,-2285.772353,LLG
18.41499777,328.3806596,-364.9820372,4847.232795,-2269.546391,-2412.020304,LLG
18.9672054,329.6295726,-361.9075405,4910.597466,-2181.912868,-2535.902095,LLG
19.50076409,330.5532842,-358.4759902,4969.109117,-2092.128724,-2657.266947,LLG
20.01502664,331.1507402,-354.6905155,5022.723779,-2000.277139,-2776.023603,LLG
20.50960598,331.4214933,-350.5551098,5071.374803,-1906.454206,-2892.026358,LLG
20.98389394,331.3651337,-346.0735969,5115.02788,-1810.747051,-3005.189232,LLG
21.43754234,330.9818594,-341.2506573,5153.626259,-1713.255613,-3115.372057,LLG
21.86998398,330.2719058,-336.0907931,5187.145486,-1614.0706,-3222.494576,LLG
22.2809114,329.2361163,-330.5993544,5215.538877,-1513.295418,-3326.422604,LLG
22.66980011,327.8753698,-324.7815029,5238.791984,-1411.023982,-3427.082035,LLG
23.03638509,326.1911524,-318.643238,5256.86832,-1307.362779,-3524.345085,LLG
23.38018616,324.1849826,-312.1903601,5269.763551,-1202.408535,-3618.144202,LLG
23.70098226,321.8589836,-305.4294949,5277.451479,-1096.270421,-3708.358395,LLG
23.99833891,319.2153071,-298.3670573,5279.937957,-989.0475745,-3794.927048,LLG
24.27208037,316.2567058,-291.0102747,5277.207125,-880.8514369,-3877.736325,LLG
24.52181914,312.9859554,-283.3661501,5269.275051,-771.7831436,-3956.732895,LLG
24.74742591,309.4064276,-275.4424847,5256.136223,-661.9559906,-4031.810421,LLG
24.94856123,305.5215107,-267.2468412,5237.816916,-551.4726908,-4102.923176,LLG
25.12514323,301.3351827,-258.787565,5214.321932,-440.447968,-4169.972629,LLG
25.27688137,296.8514306,-250.0727474,5185.687704,-328.9856859,-4232.92095,LLG
25.40374199,292.0748235,-241.1112461,5151.929275,-217.2015649,-4291.677691,LLG
25.50548415,287.0099308,-231.9116481,5113.093146,-105.2001884,-4346.213179,LLG
25.58212301,281.6618954,-222.4832894,5069.20449,6.902162031,-4396.445297,LLG
25.63346771,276.0358503,-212.835218,5020.319742,119.0006178,-4442.352757,LLG
25.65958264,270.1374923,-202.9772122,4966.474055,230.978773,-4483.861983,LLG
25.66032728,263.9724975,-192.9187441,4907.733627,342.7319097,-4520.960268,LLG
25.63581548,257.5470947,-182.669997,4844.143401,454.1439352,-4553.58276,LLG
25.58595718,250.86748,-172.2408287,4775.77913,565.1107173,-4581.72549,LLG
25.51091566,243.9403902,-161.6417882,4702.695314,675.5169129,-4605.332476,LLG
25.41065124,236.7725163,-150.8830792,4624.977015,785.2594085,-4624.408615,LLG
25.28537643,229.3710772,-139.9755757,4542.688025,894.2240436,-4638.906903,LLG
25.13510162,221.7432317,-128.929786,4455.922431,1002.309152,-4648.841197,LLG
24.96008819,213.896653,-117.756867,4364.753012,1109.402185,-4654.173545,LLG
24.7603961,205.838939,-106.4675895,4269.282561,1215.403348,-4654.926816,LLG
24.53633501,197.5781871,-95.0733504,4169.592505,1320.202124,-4651.072154,LLG
24.28801378,189.1224041,-83.58513891,4065.793988,1423.701006,-4642.641459,LLG
24.01578958,180.4800801,-72.01454824,3957.976714,1525.791924,-4629.614974,LLG
23.71981926,171.6595985,-60.37274178,3846.25979,1626.380066,-4612.033617,LLG
23.40050654,162.6698095,-48.67146411,3730.740792,1725.360212,-4589.886693,LLG
23.05805523,153.5194391,-36.92200782,3611.54637,1822.640642,-4563.224087,LLG
22.69291444,144.2176632,-25.13622348,3488.781537,1918.119379,-4532.044104,LLG
22.30533368,134.7735157,-13.32548731,3362.580036,2011.708179,-4496.405504,LLG
21.89580613,125.1964626,-1.501710134,3233.053852,2103.308688,-4456.315489,LLG
21.46462556,115.4958092,10.32369409,3100.343345,2192.83651,-4411.841575,LLG
21.01232772,105.6812746,22.13880034,2964.56698,2280.197278,-4362.999718,LLG
20.53924906,95.76239873,33.93220295,2825.871228,2365.310799,-4309.866038,LLG
20.0459662,85.74911597,45.69200872,2684.380516,2448.087045,-4252.465072,LLG
19.5328565,75.65116227,57.40686632,2540.246902,2528.450365,-4190.881348,LLG
19.00053565,65.47864886,69.06496034,2393.600231,2606.315402,-4125.147783,LLG
18.44941995,55.24146877,80.65503955,2244.597596,2681.611368,-4055.357088,LLG
17.88016218,44.94987067,92.16541194,2093.373702,2754.257889,-3981.55032,LLG
17.29321554,34.61386509,103.5849718,1940.090106,2824.189346,-3903.828115,LLG
16.68926769,24.24379824,114.9021957,1784.885789,2891.330642,-3822.239398,LLG
16.06880655,13.84975807,126.1061682,1627.926183,2955.621606,-3736.892447,LLG
15.43255239,3.442148101,137.185579,1469.353952,3016.992692,-3647.843751,LLG
14.78102545,-6.968906685,148.1297471,1309.337799,3075.389441,-3555.208908,LLG
14.11497623,-17.37298597,158.9276187,1148.023454,3130.748106,-3459.051641,LLG
13.43495481,-27.75996826,169.5687905,985.5822758,3183.020177,-3359.494523,LLG
12.74173937,-38.11945699,180.0425081,822.1624406,3232.147938,-3256.608149,LLG
12.03590723,-48.44137467,190.3386876,657.9373315,3278.089042,-3150.521691,LLG
11.31826162,-58.71538894,200.4469155,493.0569374,3320.792007,-3041.312231,LLG
10.58940439,-68.93150666,210.3574682,327.6960316,3360.22084,-2929.115136,LLG
9.850161073,-79.07949989,220.0603131,162.0057749,3396.330471,-2814.013564,LLG
9.10115525,-89.14949984,229.5461264,-3.838310868,3429.091428,-2696.148653,LLG
8.343231922,-99.1314228,238.8052951,-169.6845378,3458.46521,-2575.609197,LLG
7.577033521,-109.0155638,247.8289327,-335.3572802,3484.429004,-2452.541657,LLG
6.803421598,-118.7920227,256.6078827,-500.7049694,3506.951004,-2327.040006,LLG
6.023054484,-128.4512971,265.1337324,-665.5525213,3526.015172,-2199.255558,LLG
5.236807296,-137.9837089,273.3978166,-829.7491321,3541.596498,-2069.286984,LLG
4.44535125,-147.3799966,281.3922305,-993.120903,3553.685806,-1937.289962,LLG
3.649571993,-156.6307414,289.1088337,-1155.518438,3562.264959,-1803.367368,LLG
2.850150558,-165.7269599,296.5402613,-1316.769662,3567.3317,-1667.678734,LLG
2.047980042,-174.6595296,303.678929,-1476.727222,3568.874814,-1530.330624,LLG
1.243748196,-183.4197809,310.5180419,-1635.221502,3566.898996,-1391.485907,LLG
0.438352457,-191.9989229,317.0506004,-1792.10782,3561.399973,-1251.254307,LLG
-0.367515839,-200.3886348,323.2704075,-1947.219639,3552.389399,-1109.801492,LLG
-1.172958041,-208.5804913,329.1710751,-2100.415568,3539.869934,-967.2398074,LLG
-1.977282367,-216.5665539,334.7470296,-2251.532757,3523.860168,-823.7371724,LLG
-2.779592089,-224.3387957,339.9925186,-2400.433713,3504.369661,-679.4080037,LLG
-3.57919812,-231.8896921,344.9026145,-2546.959871,3481.423893,-534.4219166,LLG
-4.375208785,-239.2116459,349.4722227,-2690.97822,3455.039257,-388.8948398,LLG
-5.166940818,-246.2975768,353.697082,-2832.335063,3425.248045,-242.9975227,LLG
-5.953510707,-253.1403464,357.5727746,-2970.902442,3392.073401,-96.84684166,LLG
-6.734244114,-259.7333472,361.0957238,-3106.532086,3355.554323,49.38588718,LLG
-7.508268771,-266.0699275,364.2622046,-3239.101645,3315.720588,195.5834076,LLG
-8.274922331,-272.1439792,367.06934,-3368.46881,3272.617773,341.5744062,LLG
-9.033346809,-277.9493629,369.5141119,-3494.517367,3226.282145,487.2418162,LLG
-9.78289487,-283.4804944,371.5943549,-3617.111488,3176.765705,632.4148968,LLG
-10.52272579,-288.7317704,373.3077688,-3736.141598,3124.111042,776.9773386,LLG
-11.25221021,-293.6981534,374.6529096,-3851.478841,3068.376399,920.7595414,LLG
-11.97052758,-298.3745975,375.6282028,-3963.020757,3009.610498,1063.646518,LLG
-12.67706939,-302.7566324,376.2329326,-4070.645926,2947.877616,1205.470372,LLG
-13.37103812,-306.839789,376.4662557,-4174.259454,2883.232391,1346.117999,LLG
-14.05184891,-310.6201824,376.3281879,-4273.747789,2815.744908,1485.423764,LLG
-14.71873001,-314.0939372,375.8186193,-4369.024026,2745.475476,1623.276994,LLG
-15.37112291,-317.2577701,374.9382986,-4459.982881,2672.499737,1759.514864,LLG
-16.00828427,-320.1084141,373.687849,-4546.545823,2596.883413,1894.029678,LLG
-16.62968457,-322.6432007,372.0687496,-4628.616214,2518.707425,2026.661958,LLG
-17.2346114,-324.8594839,370.0823532,-4706.124249,2438.042625,2157.307513,LLG
-17.82256669,-326.7552209,367.730865,-4778.982268,2354.974918,2285.810735,LLG
-18.39287142,-328.3283968,365.0163607,-4847.129518,2269.57998,2412.071458,LLG
-18.9450613,-329.5776032,361.9417638,-4910.487618,2181.948389,2535.938452,LLG
-19.47849297,-330.5014632,358.509864,-4969.005146,2092.160321,2657.316074,LLG
-19.99273817,-331.0992093,354.7242923,-5022.613269,2000.310693,2776.057965,LLG
-20.48719137,-331.3701076,350.5885406,-5071.270145,1906.48384,2892.073488,LLG
-20.9614624,-331.3140349,346.106934,-5114.916713,1810.778668,3005.22163,LLG
-21.41498553,-330.9309025,341.2836518,-5153.52092,1713.283315,3115.41722,LLG
-21.84741063,-330.2212326,336.1236972,-5187.033669,1614.100308,3222.52504,LLG
-22.25821364,-329.1855818,330.6319192,-5215.432864,1513.321217,3326.465829,LLG
-22.64708623,-327.8251159,324.8139805,-5238.679522,1411.05181,3427.110595,LLG
-23.01354765,-326.141034,318.6753798,-5256.761638,1307.386702,3524.386401,LLG
-23.357333,-324.1351417,312.2224175,-5269.650451,1202.43451,3618.170887,LLG
-23.67800638,-321.8092751,305.4612198,-5277.344136,1096.292497,3708.397832,LLG
-23.97534773,-319.1658731,298.398701,-5279.824224,989.0717251,3794.951885,LLG
-24.24896731,-316.2074012,291.0415892,-5277.099125,880.8716935,3877.773909,LLG
-24.49869116,-312.9369222,283.3973863,-5269.160691,771.8054965,3956.755915,LLG
-24.72417689,-309.3575208,275.4733949,-5256.027572,661.9744551,4031.846181,LLG
-24.92529769,-305.4728723,267.2776761,-5237.701934,551.4932727,4102.944405,LLG
-25.10175948,-301.2866677,258.8180771,-5214.212637,440.4646672,4170.006592,LLG
-25.25348348,-296.8031812,250.103187,-5185.572106,329.0045232,4232.940416,LLG
-25.38022472,-292.0266946,241.1413661,-5151.819342,217.2165254,4291.709884,LLG
-25.48195313,-286.9620646,231.9416985,-5112.976938,105.2173071,4346.230909,LLG
-25.55847343,-281.6141468,222.5130232,-5069.093924,-6.888914195,4396.475746,LLG
-25.60980477,-275.9883614,212.864885,-5020.20293,-118.9851921,4442.368777,LLG
-25.63580193,-270.0901183,203.0065657,-4966.362862,-230.9672121,4483.890714,LLG
-25.63653361,-263.9253805,192.9480335,-4907.616216,-342.7181518,4520.974605,LLG
-25.61190485,-257.5000898,182.6989759,-4844.031587,-454.1340359,4553.609799,LLG
-25.56203397,-250.8207293,172.2697462,-4775.661125,-565.0986024,4581.738169,LLG
-25.48687628,-243.8937488,161.6703983,-4702.582884,-675.5086502,4605.357849,LLG
-25.38659966,-236.7261263,150.9116305,-4624.858422,-785.2489121,4624.419662,LLG
-25.26120947,-229.3247938,140.0038224,-4542.574985,-894.2173929,4638.930635,LLG
-25.11092284,-221.6971971,128.9579765,-4455.803255,-1002.30025,4648.850637,LLG
-24.93579482,-213.8507223,117.784756,-4364.639368,-1109.397122,4654.195659,LLG
-24.73609128,-205.7932545,106.4954247,-4269.162808,-1215.396017,4654.934674,LLG
-24.51191638,-197.5326039,95.10088693,-4169.478262,-1320.198625,4651.092675,LLG
-24.26358408,-189.0770644,83.61262426,-4065.673663,-1423.695222,4642.647759,LLG
-23.99124683,-180.4348392,72.04173771,-3957.861879,-1525.789966,4629.633927,LLG
-23.6952658,-171.6145985,60.39988254,-3846.138898,-1626.375806,4612.038382,LLG
-23.37584081,-162.6249058,48.69831179,-3730.625369,-1725.359771,4589.9041,LLG
-23.03337916,-153.4747737,36.94880919,-3611.424917,-1822.637883,4563.227342,LLG
-22.66812686,-144.1730916,25.16273453,-3488.665532,-1918.120432,4532.059988,LLG
-22.28053613,-134.7291799,13.35195444,-3362.458027,-2011.706899,4496.407272,LLG
-21.87089782,-125.1522182,1.527889671,-3232.93727,-2103.311213,4456.329874,LLG
-21.43970764,-115.451798,-10.29755615,-3100.220785,-2192.836687,4411.841878,LLG
-20.98729979,-105.6373525,-22.1129473,-2964.449827,-2280.201252,4363.012627,LLG
-20.51421187,-95.7187074,-33.9063892,-2825.748122,-2365.312411,4309.864898,LLG
-20.02081975,-85.7055113,-45.66647723,-2684.262797,-2448.092447,4252.476525,LLG
-19.50770115,-75.60778597,-57.38137188,-2540.123255,-2528.453392,4190.878789,LLG
-18.97527176,-65.43535689,-69.03974553,-2393.481952,-2606.32221,4125.157803,LLG
-18.42414754,-55.19840277,-80.62985956,-2244.473414,-2681.615787,4055.353131,LLG
-17.85478196,-44.90688672,-92.140509,-2093.254868,-2754.266083,3981.558927,LLG
-17.26782713,-34.57110474,-103.5601015,-1939.965392,-2824.195137,3903.822781,LLG
-16.66377221,-24.20111769,-114.8775999,-1784.766404,-2891.340199,3822.246616,LLG
-16.04330323,-13.80729879,-126.0816029,-1627.800944,-2955.628748,3736.885758,LLG
-15.40694271,-3.399766415,-137.1612857,-1469.234022,-3017.003593,3647.849598,LLG
-14.75540828,7.011069408,-148.1054822,-1309.212039,-3075.397913,3555.200884,LLG
-14.08925342,17.41507327,-158.9036233,-1147.902984,-3130.76033,3459.056139,LLG
-13.40922485,27.80183887,-169.5448215,-985.4560003,-3183.029961,3359.485184,LLG
-12.71590448,38.16125432,-180.0188061,-822.0414353,-3232.161466,3256.611318,LLG
-12.01006553,48.48295755,-190.3150099,-657.8105449,-3278.100118,3150.511059,LLG
-11.29231569,58.75690064,-200.4235024,-492.9354022,-3320.806819,3041.31409,LLG
-10.56345199,68.97280613,-210.3340774,-327.5687389,-3360.233187,2929.10323,LLG
-9.824105135,79.12073025,-220.0371845,-161.8837148,-3396.346547,2814.014134,LLG
-9.07509318,89.19052016,-229.5230183,3.966104965,-3429.105029,2696.135492,LLG
-8.317067008,99.17237604,-238.7824468,169.807118,-3458.482531,2575.608496,LLG
-7.550862808,109.0563092,-247.8061029,335.4855709,-3484.443839,2452.527261,LLG
-6.777148728,118.832703,-256.5853104,500.8280646,-3506.969552,2327.038054,LLG
-5.996776144,128.4917717,-265.1111766,665.6813039,-3526.031223,2199.239946,LLG
-5.210427481,138.0241203,-273.3755161,829.8727376,-3541.616254,2069.283799,LLG
-4.418966292,147.4202043,-281.3699446,993.2501729,-3553.703055,1937.273153,LLG
-3.623086236,156.670888,-289.0868008,1155.642549,-3562.285904,1803.362969,LLG
-2.823659981,165.7669049,-296.5182414,1316.899414,-3567.350129,1667.660746,LLG
-2.021389338,174.6994153,-303.6571598,1476.851834,-3568.89693,1530.325029,LLG
-1.217152994,183.4594671,-310.4962837,1635.351732,-3566.918587,1391.466758,LLG
-0.411657793,192.0385517,-317.0290907,1792.232928,-3561.423243,1251.247534,LLG
0.394214681,200.428066,-323.2489071,1947.350343,-3552.410135,1109.7812,LLG
1.199755685,208.619867,-329.1498211,2100.541166,-3539.89434,967.2318739,LLG
2.004083874,216.605734,-334.7257832,2251.66393,-3523.882032,823.7157559,LLG
2.806491743,224.3779221,-339.9715163,2400.559798,-3504.395187,679.398927,LLG
3.606101324,231.928625,-344.8816182,2547.091508,-3481.446866,534.3993924,LLG
4.402209485,239.2505268,-349.4514684,2691.104787,-3455.065884,388.8846371,LLG
5.193944757,246.3362661,-353.676332,2832.46716,-3425.272113,242.9739078,LLG
5.980611497,253.1789854,-357.5522645,2971.029487,-3392.101114,96.83552981,LLG
6.761347836,259.7717966,-361.0752164,3106.664639,-3355.579469,-49.41057583,LLG
7.535468704,266.1083284,-364.241935,3239.229162,-3315.74937,-195.595812,LLG
8.30212489,272.1821923,-367.0490715,3368.601814,-3272.64398,-341.6001521,LLG
9.060644945,277.9875291,-369.4940791,3494.645352,-3226.31198,-487.2552968,LLG
9.81019533,283.5184747,-371.5743216,3617.244939,-3176.792957,-632.4416835,LLG
10.5501212,288.7697055,-373.2879692,3736.270048,-3124.141913,-776.9918793,LLG
11.27960764,293.7359045,-374.6331079,3851.612734,-3068.404681,-920.7873528,LLG
11.99801933,298.412305,-375.6086329,3963.149666,-3009.64239,-1063.662103,LLG
12.70456287,302.7941577,-376.2133591,4070.780257,-2947.906913,-1205.499193,LLG
13.3986253,306.8772723,-376.4469119,4174.388818,-2883.265289,-1346.134613,LLG
14.07943753,310.6574852,-376.308839,4273.882555,-2815.775203,-1485.453577,LLG
14.74641171,314.1311998,-375.7994983,4369.15384,-2745.509365,-1623.294621,LLG
15.39880575,317.2948539,-374.9191711,4460.118076,-2672.531017,-1759.545655,LLG
16.03605959,320.1454592,-373.6689473,4546.676084,-2596.918277,-1894.048303,LLG
16.65746073,322.6800688,-372.04984,4628.751834,-2518.739674,-2026.693712,LLG
17.26247944,324.8963147,-370.0636676,4706.254951,-2438.078449,-2157.327121,LLG
17.8504353,326.7918766,-367.71217,4779.118311,-2355.008121,-2285.843437,LLG
18.42083129,328.3650167,-364.9978878,4847.260658,-2269.61675,-2412.092035,LLG
18.97302145,329.6140495,-361.9232801,4910.624077,-2181.982533,-2535.972087,LLG
19.5065438,330.5378753,-358.4916006,4969.13672,-2092.198023,-2657.337604,LLG
20.02078901,331.1354495,-354.7060168,5022.750142,-2000.345763,-2776.092519,LLG
20.51533228,331.4063151,-350.5704835,5071.402148,-1906.522459,-2892.095958,LLG
20.98960304,331.3500721,-346.0888635,5115.053995,-1810.81465,-3005.257088,LLG
21.44321566,330.9669084,-341.2657979,5153.653349,-1713.322837,-3115.440615,LLG
21.87564022,330.2570699,-336.1058285,5187.171356,-1614.137189,-3222.561389,LLG
22.28653213,329.2213891,-330.6142654,5215.565714,-1513.361628,-3326.490136,LLG
22.6754039,327.8607563,-324.7963105,5238.817611,-1411.089576,-3427.14782,LLG
23.04195366,326.1766458,-318.6579229,5256.894905,-1307.427989,-3524.411606,LLG
23.38573791,324.1705881,-312.2049434,5269.788937,-1202.473148,-3618.208975,LLG
23.70649906,321.8446943,-305.443957,5277.477815,-1096.334648,-3708.423922,LLG
24.00383904,319.2011286,-298.3814197,5279.963104,-989.1112214,-3794.990823,LLG
24.27754581,316.2426307,-291.0245174,5277.233214,-880.9146935,-3877.80087,LLG
24.52726803,312.9719895,-283.3802948,5269.29996,-771.8458384,-3956.795689,LLG
24.7528404,309.3925635,-275.4565113,5256.162066,-662.0182917,-4031.874001,LLG
24.9539593,305.5077544,-267.2607715,5237.841589,-551.5344476,-4102.985003,LLG
25.13050716,301.3215265,-258.8013788,5214.347532,-440.5093276,-4170.035257,LLG
25.28222902,296.8378808,-250.0864666,5185.712143,-329.0465185,-4232.981824,LLG
25.40905577,292.0613722,-241.1248502,5151.954634,-217.2619971,-4291.739382,LLG
25.51078178,286.9965845,-231.9251593,5113.117354,-105.2601103,-4346.273115,LLG
25.58738704,281.6486459,-222.4966871,5069.22961,6.842643609,-4396.506065,LLG
25.63871572,276.0227043,-212.8485244,5020.34372,118.9415931,-4442.411769,LLG
25.6647973,270.1244416,-202.9904065,4966.498937,230.9201548,-4483.921841,LLG
25.66552607,263.9595491,-192.9318488,4907.757377,342.6737689,-4521.01837,LLG
25.64098118,257.53424,-182.682991,4844.168048,454.0862039,-4553.641722,LLG
25.59110714,250.8547262,-172.2537347,4775.802653,565.0534475,-4581.782696,LLG
25.51603279,243.9277285,-161.6545849,4702.719727,675.4600554,-4605.390555,LLG
25.41575276,236.7599542,-150.8957894,4625.000313,785.2029969,-4624.464938,LLG
25.29044537,229.3586056,-139.988178,4542.712207,894.1680468,-4638.964114,LLG
25.14015509,221.7308585,-128.9423034,4455.945507,1002.253586,-4648.896651,LLG
24.96510934,213.8843688,-117.7692779,4364.776964,1109.347037,-4654.229899,LLG
24.76540191,205.8267518,-106.479917,4269.305415,1215.348615,-4654.981413,LLG
24.54130876,197.5660876,-95.08557276,4169.61623,1320.147811,-4651.127665,LLG
24.29297232,189.1104002,-83.59727938,4065.816623,1423.647094,-4642.695214,LLG
24.0207163,180.4681625,-72.02658489,3958.000213,1525.738434,-4629.669655,LLG
23.7247309,171.6477753,-60.38469803,3846.282208,1626.326962,-4612.086541,LLG
23.40538662,162.658071,-48.68331785,3730.764068,1725.307533,-4589.940555,LLG
23.06292037,153.5077939,-36.9337826,3611.568573,1822.588335,-4563.276193,LLG
22.69774826,144.2061013,-25.14789705,3488.80459,1918.067499,-4532.097159,LLG
22.3101527,134.7620459,-13.33708337,3362.602025,2011.656657,-4496.456805,LLG
21.90059407,125.1850746,-1.513206255,3233.076686,2103.257595,-4456.36775,LLG
21.46939883,115.484512,10.31227408,3100.365122,2192.785761,-4411.892082,LLG
21.01707016,105.6700581,22.127479,2964.589595,2280.14696,-4363.051198,LLG
20.54397696,95.75127181,33.92095633,2825.892795,2365.260812,-4309.915763,LLG
20.05066351,85.73806829,45.68085954,2684.402916,2448.037491,-4252.515781,LLG
19.5375394,75.64020304,57.3957905,2540.26826,2528.401129,-4190.930304,LLG
19.0051882,65.46776753,69.05398072,2393.622416,2606.2666,-4125.197734,LLG
18.45405823,55.23067475,80.64413194,2244.618748,2681.562871,-4055.405286,LLG
17.88477035,44.93915324,92.15459933,2093.395675,2754.209829,-3981.599522,LLG
17.29780956,34.60323382,103.5742299,1940.111052,2824.141578,-3903.875566,LLG
16.69383184,24.23324228,114.8915476,1784.90755,2891.283311,-3822.287865,LLG
16.07335669,13.83928715,126.0955895,1627.946926,2955.574556,-3736.939163,LLG
15.43707289,3.431751224,137.1750929,1469.375505,3016.946081,-3647.891492,LLG
14.78553207,-6.979219623,148.1193291,1309.35834,3075.343098,-3555.2549,LLG
14.11945344,-17.38322612,158.9172923,1148.0448,3130.702204,-3459.098668,LLG
13.43941827,-27.77012556,169.5585309,985.6026171,3182.974531,-3359.539802,LLG
12.74617366,-38.12954273,180.0323388,822.1835808,3232.102734,-3256.654472,LLG
12.0403279,-48.45137863,190.3285839,657.9574744,3278.044083,-3150.566267,LLG
11.32265334,-58.72532256,200.436901,493.077874,3320.747491,-3041.35786,LLG
10.59378263,-68.94135956,210.3475181,327.715978,3360.176556,-2929.159021,LLG
9.854510588,-79.08928364,220.0504511,162.0265097,3396.286632,-2814.058511,LLG
9.105491412,-89.15920392,229.5363276,-3.818559487,3429.047811,-2696.191857,LLG
8.347539586,-99.14105891,238.7955833,-169.6640031,3458.422039,-2575.653471,LLG
7.581327963,-109.0251213,247.8192829,-335.3377221,3484.386043,-2452.58419,LLG
6.807687764,-118.8015133,256.5983188,-500.684633,3506.908491,-2327.083618,LLG
6.027307558,-128.4607102,265.1242293,-665.5331548,3525.972858,-2199.297429,LLG
5.241032317,-137.9930562,273.3883984,-829.7289923,3541.554632,-2069.329943,LLG
4.449563308,-147.3892673,281.382872,-993.1017266,3553.644129,-1937.331183,LLG
3.653756218,-156.6399476,289.099559,-1155.498493,3562.223731,-1803.409684,LLG
2.854321948,-165.7360905,296.5310452,-1316.750673,3567.29065,-1667.719313,LLG
2.052123819,-174.6685967,303.6697957,-1476.707471,3568.834214,-1530.372307,LLG
1.247879266,-183.4287733,310.508966,-1635.2027,3566.858565,-1391.525855,LLG
0.44245613,-192.007853,317.0416063,-1792.08826,3561.359993,-1251.295366,LLG
-0.363424745,-200.3974911,323.2614697,-1947.201023,3552.349577,-1109.840819,LLG
-1.168894128,-208.5892864,329.1622182,-2100.396197,3539.830563,-967.2802522,LLG
-1.973230906,-216.5752762,334.7382279,-2251.514324,3523.820947,-823.7758871,LLG
-2.775567596,-224.3474578,339.9837967,-2400.414531,3504.330892,-679.4478433,LLG
-3.575185952,-231.8982824,344.8939468,-2546.94162,3481.385262,-534.4600282,LLG
-4.371223373,-239.220177,349.4636338,-2690.959225,3455.001079,-388.9340833,LLG
-5.162967604,-246.306037,353.6885464,-2832.316992,3425.209997,-243.0350404,LLG
-5.949564039,-253.1487484,357.5643168,-2970.883632,3392.035806,-96.88549795,LLG
-6.730309519,-259.7416792,361.0873181,-3106.514195,3355.516849,49.34895431,LLG
-7.504360513,-266.0782024,364.2538759,-3239.083017,3315.683568,195.5453297,LLG
-8.271026021,-272.152185,367.0610624,-3368.451096,3272.580864,341.5380494,LLG
-9.029476629,-277.9575125,369.5059102,-3494.498921,3226.245691,487.204308,LLG
-9.779036513,-283.4885758,371.5862034,-3617.09395,3176.729353,632.3791072,LLG
-10.51889336,-288.7397966,373.2996923,-3736.123332,3124.075144,776.9403916,LLG
-11.24838948,-293.7061123,374.6448823,-3851.461477,3068.340596,920.7243105,LLG
-11.96673257,-298.3825021,375.6202496,-3963.00267,3009.575149,1063.610124,LLG
-12.67328596,-302.7644706,376.2250277,-4070.628734,2947.842353,1205.435692,LLG
-13.3672802,-306.8475739,376.4584239,-4174.241543,2883.197584,1346.08215,LLG
-14.04810245,-310.6279017,376.3204034,-4273.730769,2815.710177,1485.389625,LLG
-14.71500886,-314.1016042,375.8109072,-4369.00629,2745.441201,1623.24168,LLG
-15.36741309,-317.2653723,374.9306329,-4459.96603,2672.465531,1759.481259,LLG
-16.00459957,-320.1159649,373.6802547,-4546.528261,2596.849663,1893.994893,LLG
-16.62601107,-322.6506875,372.0612008,-4628.599531,2518.673736,2026.628878,LLG
-17.23096283,-324.8669201,370.074875,-4706.106859,2438.009391,2157.273249,LLG
-17.81892921,-326.762594,367.7234313,-4778.965753,2354.941737,2285.778173,LLG
-18.38925866,-328.3357202,365.0089968,-4847.112298,2269.547256,2412.037706,LLG
-18.9414595,-329.5848643,361.9344435,-4910.471267,2181.91571,2535.9064,LLG
-19.47491571,-330.5086755,358.5026126,-4968.988096,2092.128099,2657.282826,LLG
-19.98917176,-331.1063601,354.7170837,-5022.597082,2000.278508,2776.026415,LLG
-20.48364929,-331.3772105,350.5814001,-5071.253262,1906.452112,2892.040738,LLG
-20.95793105,-331.321077,346.0998354,-5114.900688,1810.74697,3005.190574,LLG
-21.41147832,-330.9378976,341.2766205,-5153.504203,1713.252073,3115.384959,LLG
-21.84391404,-330.2281677,336.1167069,-5187.017805,1614.069089,3222.494471,LLG
-22.254741,-329.1924707,330.6249955,-5215.416312,1513.290454,3326.434051,LLG
-22.64362408,-327.8319455,324.8070969,-5238.663818,1411.021063,3427.080505,LLG
-23.01010927,-326.1478182,318.6685619,-5256.745249,1307.356411,3524.355099,LLG
-23.35390499,-324.1418674,312.2156391,-5269.634904,1202.404229,3618.14127,LLG
-23.67460196,-321.8159563,305.4545063,-5277.327908,1096.262672,3708.366997,LLG
-23.97195355,-319.1724966,298.3920261,-5279.808834,989.0419017,3794.922733,LLG
-24.24559653,-316.2139808,291.0349784,-5277.083057,880.8423263,3877.743536,LLG
-24.49533052,-312.9434449,283.3908134,-5269.145456,771.7761245,3956.72722,LLG
-24.72083946,-309.3640004,275.4668854,-5256.011663,661.9455391,4031.816262,LLG
-24.92197028,-305.4792957,267.2712036,-5237.686853,551.4643455,4102.916162,LLG
-25.09845511,-301.2930489,258.8116672,-5214.196885,440.4361957,4169.97712,LLG
-25.25018902,-296.8095067,250.0968134,-5185.557177,328.976034,4232.912617,LLG
-25.3769531,-292.0329787,241.1350544,-5151.803745,217.1884917,4291.680853,LLG
-25.47869131,-286.9682938,231.9354223,-5112.96216,105.1892494,4346.203547,LLG
-25.55523428,-281.6203352,222.5068083,-5069.078482,-6.916516654,4396.447149,LLG
-25.6065753,-275.9944957,212.8587047,-5020.188302,-119.0128248,4442.341846,LLG
-25.63259495,-270.0962126,203.0004459,-4966.347573,-230.9943898,4483.862545,LLG
-25.6333362,-263.9314213,192.9419478,-4907.601736,-342.7453657,4520.948098,LLG
-25.60872975,-257.5060913,182.69295,-4844.016449,-454.1607952,4553.582051,LLG
-25.55886833,-250.826678,172.2637536,-4775.646792,-565.1254039,4581.712081,LLG
-25.48373279,-243.8996589,161.6644647,-4702.567896,-675.5349974,4605.330516,LLG
-25.3834655,-236.7319843,150.9057295,-4624.844235,-785.2753072,4624.393985,LLG
-25.25809728,-229.330614,139.9979798,-4542.560146,-894.2433342,4638.90371,LLG
-25.10781988,-221.7029658,128.9521658,-4455.789212,-1002.326245,4648.825365,LLG
-24.93271365,-213.8564538,117.779003,-4364.624677,-1109.422664,4654.169137,LLG
-24.73301924,-205.7989351,106.489703,-4269.148908,-1215.421617,4654.909801,LLG
-24.50886597,-197.5382481,95.09522221,-4169.463717,-1320.223773,4651.066549,LLG
-24.26054267,-189.0826583,83.60699013,-4065.659904,-1423.720434,4642.623279,LLG
-23.98822688,-180.4403974,72.03615992,-3957.847478,-1525.814725,4629.608192,LLG
-23.69225476,-171.620107,60.39433467,-3846.12528,-1626.400636,4612.014289,LLG
-23.37285105,-162.6303791,48.6928196,-3730.611112,-1725.384148,4589.87875,LLG
-23.0303982,-153.480198,36.94334628,-3611.411438,-1822.662336,4563.20363,LLG
-22.66516702,-144.1784815,25.15732667,-3488.651416,-1918.144433,4532.035017,LLG
-22.27758497,-134.7345214,13.34657521,-3362.444686,-2011.730981,4496.383935,LLG
-21.86796762,-125.1575258,1.522564851,-3232.923296,-2103.334844,4456.305275,LLG
-21.43678602,-115.4570579,-10.30285297,-3100.207581,-2192.860403,4411.81891,LLG
-20.98439896,-105.6425792,-22.11819033,-2964.435992,-2280.224518,4362.988395,LLG
-20.51131952,-95.72388686,-33.91160485,-2825.735053,-2365.335767,4309.842295,LLG
-20.01794802,-85.71065818,-45.67163971,-2684.2491,-2448.115353,4252.452656,LLG
-19.5048378,-75.61288622,-57.38650758,-2540.11032,-2528.476393,4190.856544,LLG
-18.97242887,-65.44042518,-69.04482867,-2393.468391,-2606.344762,4125.13429,LLG
-18.42131291,-55.20342501,-80.63491653,-2244.460611,-2681.638438,4055.331239,LLG
-17.85196764,-44.9118776,-92.145514,-2093.241443,-2754.288286,3981.535766,LLG
-17.26502097,-34.57605013,-103.5650809,-1939.952722,-2824.217444,3903.801236,LLG
-16.6609862,-24.20603232,-114.8825279,-1784.753113,-2891.362059,3822.2238,LLG
-16.04052527,-13.8121685,-126.086506,-1627.788404,-2955.650716,3736.864555,LLG
-15.40418475,-3.404605942,-137.166138,-1469.220864,-3017.025115,3647.827123,LLG
-14.75265827,7.006274257,-148.11031,-1309.199627,-3075.419548,3555.180019,LLG
-14.08652324,17.41030773,-158.908401,-1147.889958,-3130.781518,3459.034,LLG
-13.40650252,27.79711716,-169.5495752,-985.4437167,-3183.051266,3359.464651,LLG
-12.71320183,38.15656164,-180.0235102,-822.0285401,-3232.182326,3256.589509,LLG
-12.00737063,48.47830817,-190.3196907,-657.798388,-3278.121099,3150.490852,LLG
-11.28964032,58.75227974,-200.4281341,-492.9226363,-3320.827355,3041.292607,LLG
-10.56078427,68.968228,-210.3386864,-327.5567076,-3360.253849,2929.083346,LLG
-9.821456793,79.11618005,-220.0417449,-161.871077,-3396.366765,2813.992972,LLG
-9.07245239,89.1860122,-229.5275564,3.978011935,-3429.125377,2696.115925,LLG
-8.31444544,99.16789548,-238.7869369,169.8196288,-3458.502436,2575.58765,LLG
-7.548248693,109.0518704,-247.8105714,335.4973547,-3484.463877,2452.508006,LLG
-6.774553685,118.828291,-256.5897314,500.8404497,-3506.989147,2327.017519,LLG
-5.994188457,128.4874009,-265.1155764,665.6929656,-3526.050956,2199.220998,LLG
-5.207858717,138.0197759,-273.3798689,829.8849982,-3541.635545,2069.263571,LLG
-4.416404786,147.4159006,-281.3742768,993.2617137,-3553.722487,1937.254508,LLG
-3.620543505,156.6666101,-289.0910866,1155.654686,-3562.304895,1803.343042,LLG
-2.821124412,165.7626673,-296.522507,1316.910835,-3567.369265,1667.642398,LLG
-2.018872398,174.695203,-303.6613795,1476.863849,-3568.915626,1530.305399,LLG
-1.21464312,183.4552945,-310.5004838,1635.363035,-3566.937432,1391.448704,LLG
-0.409166403,192.0344039,-317.0332454,1792.244822,-3561.441649,1251.228197,LLG
0.396699102,200.4239575,-323.2530426,1947.361527,-3552.428692,1109.763436,LLG
1.202221765,208.6157828,-329.1539117,2100.55294,-3539.912459,967.2128254,LLG
2.006543078,216.6016887,-334.729855,2251.674998,-3523.900306,823.6982756,LLG
2.808932749,224.3739006,-339.9755438,2400.571453,-3504.413024,679.3801627,LLG
3.608535548,231.9246418,-344.8856274,2547.102461,-3481.464863,534.3821923,LLG
4.404625653,239.246567,-349.4554337,2691.116325,-3455.083444,388.8661526,LLG
5.196354236,246.3323441,-353.6802796,2832.477999,-3425.289835,242.9569837,LLG
5.983003061,253.1750864,-357.5561686,2971.040908,-3392.1184,96.81732086,LLG
6.763732803,259.7679349,-361.0791031,3106.675365,-3355.59692,-49.42722826,LLG
7.537835894,266.1044892,-364.2457788,3239.240468,-3315.766387,-195.6137495,LLG
8.304485576,272.17839,-367.0528984,3368.612428,-3272.661165,-341.6165369,LLG
9.062987992,277.9837488,-369.4978635,3494.656544,-3226.328732,-487.2729669,LLG
9.812531963,283.514731,-371.5780895,3617.255442,-3176.80988,-632.4578049,LLG
10.55244033,288.7659833,-373.2916951,3736.281126,-3124.158404,-777.0092861,LLG
11.28192045,293.7322183,-374.6368178,3851.623127,-3068.421346,-920.8032148,LLG
12.00031477,298.40864,-375.6123013,3963.160632,-3009.658623,-1063.67925,LLG
12.70685208,302.7905283,-376.2170119,4070.790541,-2947.923323,-1205.514799,LLG
13.40089728,306.8736636,-376.4505236,4174.399673,-2883.281269,-1346.151505,LLG
14.08170336,310.6539118,-376.3124355,4273.892731,-2815.791363,-1485.468932,LLG
14.74866044,314.1276466,-375.8030541,4369.164585,-2745.525095,-1623.311261,LLG
15.40104842,317.2913355,-374.9227122,4460.128145,-2672.54693,-1759.560762,LLG
16.0382853,320.1419606,-373.6724481,4546.68672,-2596.933761,-1894.064696,LLG
16.65968047,322.6766046,-372.0533265,4628.761798,-2518.755345,-2026.708575,LLG
17.26468235,324.89287,-370.0671143,4706.265479,-2438.093691,-2157.34327,LLG
17.85263232,326.7884658,-367.7156027,4779.128169,-2355.023552,-2285.858061,LLG
18.42301161,328.3616249,-365.0012811,4847.271079,-2269.631754,-2412.107943,LLG
18.97519597,329.6106913,-361.9266599,4910.633832,-2181.997728,-2535.986474,LLG
19.50870174,330.5345357,-358.4949414,4969.147035,-2092.212792,-2657.353275,LLG
20.02294124,331.1321432,-354.7093444,5022.759794,-2000.360726,-2776.106673,LLG
20.51746807,331.4030269,-350.5737726,5071.412359,-1906.536997,-2892.111396,LLG
20.99173319,331.3468168,-346.0921397,5115.063546,-1810.829385,-3005.271013,LLG
21.4453295,330.9636709,-341.269036,5153.663455,-1713.337147,-3115.455823,LLG
21.87774851,330.2538648,-336.1090541,5187.180806,-1614.151698,-3222.575087,LLG
22.28862423,329.2182015,-330.6174533,5215.575718,-1513.375714,-3326.505118,LLG
22.67749054,327.8576007,-324.7994864,5238.826961,-1411.103863,-3427.161297,LLG
23.04402422,326.1735073,-318.6610614,5256.904807,-1307.441855,-3524.426365,LLG
23.3878031,324.1674813,-312.2080702,5269.798188,-1202.487217,-3618.222233,LLG
23.7085483,321.8416042,-305.4470469,5277.487617,-1096.348296,-3708.438461,LLG
24.00588298,319.1980697,-298.3844981,5279.972257,-989.1250747,-3795.003866,LLG
24.27957394,316.2395883,-291.0275593,5277.242915,-880.928127,-3877.815194,LLG
24.52929094,312.968978,-283.3833257,5269.309016,-771.8594797,-3956.808519,LLG
24.7548476,309.389568,-275.459506,5256.171669,-662.0315143,-4031.888111,LLG
24.95596138,305.5047894,-267.2637556,5237.850549,-551.5478802,-4102.997624,LLG
25.13249366,301.3185772,-258.804327,5214.357036,-440.5223425,-4170.049158,LLG
25.28421046,296.8349616,-250.0894045,5185.721008,-329.0597454,-4232.994239,LLG
25.41102174,292.0584684,-241.1277527,5151.964042,-217.2748074,-4291.753076,LLG
25.51274278,286.9937105,-231.9280518,5113.126124,-105.2731348,-4346.285328,LLG
25.58933269,281.6457869,-222.4995445,5069.238921,6.830034706,-4396.519555,LLG
25.64065648,276.0198749,-212.8513721,5020.352397,118.9287681,-4442.423782,LLG
25.66672283,270.1216268,-202.9932195,4966.508153,230.9077443,-4483.935131,LLG
25.66744678,263.9567634,-192.9346524,4907.765962,342.6611404,-4521.030187,LLG
25.64288678,257.5314687,-182.6857602,4844.17717,454.0739887,-4553.654815,LLG
25.593008,250.8519837,-172.2564949,4775.811147,565.0410125,-4581.794319,LLG
25.51791866,243.925,-161.6573111,4702.728756,675.4480326,-4605.403454,LLG
25.41763396,236.7572542,-150.8985069,4625.008716,785.1907523,-4624.476371,LLG
25.29231169,229.3559193,-139.9908618,4542.721143,894.1562135,-4638.976821,LLG
25.14201682,221.7282003,-128.9449788,4455.95382,1002.241529,-4648.907896,LLG
24.9669563,213.881724,-117.77192,4364.785809,1109.33539,-4654.242418,LLG
24.76724436,205.8241349,-106.482551,4269.31364,1215.336743,-4654.992474,LLG
24.54313656,197.5634837,-95.08817373,4169.624984,1320.136348,-4651.139997,LLG
24.29479568,189.1078239,-83.59987253,4065.82476,1423.635404,-4642.706093,LLG
24.02252511,180.4655989,-72.02914538,3958.008878,1525.727152,-4629.681805,LLG
23.72653535,171.645239,-60.38725097,3846.290258,1626.315452,-4612.097241,LLG
23.40717664,162.6555471,-48.68583846,3730.772643,1725.296429,-4589.952525,LLG
23.0647061,153.5052969,-36.93629597,3611.576536,1822.577001,-4563.286717,LLG
22.69951967,144.2036165,-25.1503784,3488.813078,1918.05657,-4532.108952,LLG
22.31191988,134.7595877,-13.33955775,3362.609903,2011.645497,-4496.467155,LLG
21.90234704,125.1826283,-1.515648949,3233.085086,2103.246839,-4456.379368,LLG
21.47114765,115.482092,10.30983809,3100.372916,2192.774772,-4411.902261,LLG
21.01880488,105.6676496,22.12507438,2964.59791,2280.136374,-4363.062644,LLG
20.54570759,95.74888941,33.91855814,2825.900505,2365.249992,-4309.925775,LLG
20.05238015,85.73569717,45.67849241,2684.411145,2448.027073,-4252.527057,LLG
19.53925204,75.63785767,57.39342953,2540.275887,2528.390475,-4190.94015,LLG
19.00688694,65.46543318,69.05165051,2393.630561,2606.256347,-4125.208843,LLG
18.45575304,55.22836585,80.64180763,2244.626292,2681.552381,-4055.414969,LLG
17.88645137,44.93685509,92.15230548,2093.403736,2754.199738,-3981.610467,LLG
17.29948671,34.60096084,103.5719417,1940.118516,2824.131249,-3903.885089,LLG
16.69549531,24.23097978,114.8892895,1784.915528,2891.273381,-3822.298647,LLG
16.07501635,13.83704955,126.0933369,1627.954309,2955.564385,-3736.948528,LLG
15.43871898,3.429523834,137.1728701,1469.383401,3016.936308,-3647.902115,LLG
14.78717443,-6.981422389,148.1171115,1309.365643,3075.333083,-3555.264109,LLG
14.12108233,-17.38541893,158.9151042,1148.052614,3130.692586,-3459.109134,LLG
13.44104349,-27.77229402,169.5563477,985.6098417,3182.96467,-3359.548857,LLG
12.7477855,-38.13170149,180.0301849,822.1913148,3232.093269,-3256.664784,LLG
12.04193614,-48.45351331,190.3264347,657.964621,3278.034373,-3150.575172,LLG
11.32424832,-58.72744779,200.4347807,493.0855283,3320.738176,-3041.36802,LLG
10.59537407,-68.94346097,210.3454023,327.7230472,3360.166996,-2929.167778,LLG
9.856088855,-79.09137584,220.048364,162.0340851,3396.277465,-2814.06852,LLG
9.107066211,-89.16127257,229.5342447,-3.811566727,3429.038398,-2696.200467,LLG
8.349101312,-99.14311859,238.7935288,-169.6565058,3458.413018,-2575.663332,LLG
7.582886285,-109.0271577,247.8172325,-335.3308051,3484.376775,-2452.592656,LLG
6.809233113,-118.803541,256.5962966,-500.6772131,3506.899613,-2327.093333,LLG
6.028849567,-128.4627148,265.1222108,-665.5263128,3525.963732,-2199.305754,LLG
5.242561449,-137.9950524,273.3864078,-829.721649,3541.545896,-2069.339515,LLG
4.451089163,-147.3912406,281.3808849,-993.0949589,3553.635143,-1937.339369,LLG
3.655269294,-156.6419126,289.0975996,-1155.491225,3562.215134,-1803.419115,LLG
2.85583181,-165.738033,296.5290891,-1316.743979,3567.281803,-1667.727361,LLG
2.053620997,-174.6705312,303.667867,-1476.700278,3568.825755,-1530.381599,LLG
1.249373293,-183.4306855,310.5070404,-1635.196079,3566.849854,-1391.533768,LLG
0.443937568,-192.0097573,317.0397078,-1792.081142,3561.351668,-1251.304521,LLG
-0.361946396,-200.3993734,323.2595741,-1947.194473,3552.341,-1109.848599,LLG
-1.167428274,-208.5911611,329.1603494,-2100.389153,3539.822372,-967.2892723,LLG
-1.971768081,-216.5771291,334.7363618,-2251.507846,3523.812502,-823.7835359,LLG
-2.774117172,-224.3493033,339.9819572,-2400.407559,3504.322831,-679.4567306,LLG
-3.573738497,-231.9001063,344.8921098,-2546.935213,3481.376947,-534.4675481,LLG
-4.369788226,-239.2219937,349.4618232,-2690.952325,3454.993147,-388.9428397,LLG
-5.161535365,-246.3078323,353.686738,-2832.310655,3425.20181,-243.0424333,LLG
-5.948144017,-253.1505368,357.5625346,-2970.876804,3392.028001,-96.89412554,LLG
-6.728892346,-259.7434465,361.085538,-3106.507927,3355.508788,49.34168642,LLG
-7.502955465,-266.0799629,364.2521216,-3239.07626,3315.675888,195.536829,LLG
-8.269623764,-272.1539246,367.0593101,-3368.444896,3272.572928,341.5309045,LLG
-9.028086407,-277.9592455,369.5041835,-3494.492234,3226.238134,487.1959323,LLG
-9.777649024,-283.4902882,371.5844784,-3617.087818,3176.721538,632.3720835,LLG
-10.51751782,-288.7415026,373.2979927,-3736.116714,3124.067709,776.932139,LLG
-11.24701661,-293.7077978,374.6431843,-3851.455412,3068.332902,920.7174061,LLG
-11.96537156,-298.3841815,375.6185768,-3962.99612,3009.567833,1063.601993,LLG
-12.67192756,-302.7661297,376.2233562,-4070.622736,2947.834778,1205.428905,LLG
-13.36593358,-306.849227,376.4567774,-4174.235062,2883.190385,1346.074138,LLG
-14.04675838,-310.6295347,376.3187581,-4273.724837,2815.702719,1485.382953,LLG
-14.71367648,-314.1032314,375.8092865,-4368.999876,2745.434118,1623.233786,LLG
-15.36608321,-317.2669797,374.9290133,-4459.960163,2672.458188,1759.474701,LLG
-16.00328129,-320.1175667,373.6786595,-4546.521914,2596.842694,1893.987115,LLG
-16.62469524,-322.6522697,372.0596065,-4628.593728,2518.666506,2026.622432,LLG
-17.22965851,-324.8684969,370.073305,-4706.100577,2438.002534,2157.265584,LLG
-17.81762728,-326.7641514,367.7218619,-4778.960013,2354.934619,2285.771838,LLG
-18.38796816,-328.3372723,365.0074515,-4847.106082,2269.540509,2412.030154,LLG
-18.94017134,-329.5863972,361.9328987,-4910.465591,2181.908701,2535.900173,LLG
-19.47363889,-330.5102034,358.5010917,-4968.981944,2092.121461,2657.275385,LLG
-19.98789722,-331.1078689,354.7155631,-5022.591469,2000.271607,2776.020295,LLG
-20.48238602,-331.3787145,350.5799031,-5071.247174,1906.445581,2892.033406,LLG
-20.95667001,-331.3225621,346.0983387,-5114.895137,1810.740175,3005.184559,LLG
-21.41022846,-330.939378,341.2751471,-5153.498179,1713.245647,3115.377734,LLG
-21.84266635,-330.2296295,336.1152336,-5187.012315,1614.0624,3222.488559,LLG
-22.25350441,-329.1939279,330.6235453,-5215.41035,1513.284132,3326.426932,LLG
-22.64238961,-327.8333843,324.8056467,-5238.658388,1411.014477,3427.074696,LLG
-23.00888582,-326.1492526,318.6671347,-5256.739349,1307.350191,3524.348083,LLG
-23.35268362,-324.1432836,312.2142116,-5269.629535,1202.397745,3618.13556,LLG
-23.67339151,-321.8173682,305.4531016,-5277.322069,1096.256553,3708.360084,LLG
-23.97074514,-319.1738904,298.390621,-5279.803524,989.0355176,3794.917123,LLG
-24.24439897,-316.2153706,291.0335959,-5277.077279,880.836306,3877.736724,LLG
-24.49413493,-312.9448167,283.3894303,-5269.140205,771.769839,3956.721707,LLG
-24.71965465,-309.3653684,275.4655247,-5256.005946,661.9396164,4031.80955,LLG
-24.92078739,-305.4806459,267.2698422,-5237.68166,551.4581571,4102.910745,LLG
-25.09728291,-301.2943953,258.810328,-5214.191227,440.4303689,4169.970506,LLG
-25.2490187,-296.8108357,250.0954734,-5185.552042,328.9699413,4232.907293,LLG
-25.3757934,-292.034304,241.1337364,-5151.798147,217.1827594,4291.674335,LLG
-25.47753344,-286.9696018,231.9341033,-5112.957082,105.1832508,4346.198317,LLG
-25.55408694,-281.6216398,222.5055111,-5069.072941,-6.922155886,4396.440726,LLG
-25.60542974,-275.9957831,212.8574065,-5020.18328,-119.0187307,4442.336707,LLG
-25.63145985,-270.0974966,202.9991693,-4966.34209,-230.9999374,4483.856216,LLG
-25.63220283,-263.9326883,192.9406699,-4907.59677,-342.7511803,4520.943049,LLG
-25.60760677,-257.5073552,182.6916936,-4844.011024,-454.1662526,4553.575814,LLG
-25.55774703,-250.827925,172.2624958,-4775.641881,-565.1311286,4581.70712,LLG
-25.4826218,-243.9009029,161.6632282,-4702.562527,-675.5403661,4605.324369,LLG
-25.38235615,-236.7332116,150.9044915,-4624.839379,-785.2809434,4624.389111,LLG
-25.25699817,-229.3318384,139.9967629,-4542.554834,-894.2486154,4638.897653,LLG
-25.10672236,-221.7041737,128.9509473,-4455.784411,-1002.331794,4648.820577,LLG
-24.93162629,-213.857659,117.7778054,-4364.61942,-1109.427859,4654.163168,LLG
-24.73193342,-205.8001239,106.4885037,-4269.144159,-1215.427081,4654.905097,LLG
-24.50779024,-197.5394343,95.09404361,-4169.458515,-1320.228883,4651.060667,LLG
-24.25946844,-189.0838283,83.60580965,-4065.655209,-1423.725813,4642.618658,LLG
-23.98716267,-180.4415649,72.03500003,-3957.84233,-1525.819752,4629.602394,LLG
-23.691192,-171.6212585,60.39317278,-3846.120638,-1626.405931,4612.00975,LLG
-23.37179824,-162.6315283,48.69167813,-3730.606018,-1725.389093,4589.873036,LLG
-23.02934679,-153.4813313,36.94220269,-3611.406847,-1822.66755,4563.199171,LLG
-22.66412548,-144.1796126,25.15620332,-3488.646376,-1918.149297,4532.029386,LLG
-22.27654481,-134.7356367,13.34544964,-3362.440146,-2011.736114,4496.379555,LLG
-21.86693725,-125.158639,1.521459358,-3232.918308,-2103.339628,4456.299726,LLG
-21.43575697,-115.4581555,-10.3039608,-3100.203092,-2192.865456,4411.814608,LLG
-20.98337964,-105.6436748,-22.11927825,-2964.431056,-2280.229224,4362.982926,LLG
-20.51030148,-95.72496709,-33.91269522,-2825.730615,-2365.340742,4309.83807,LLG
-20.01693965,-85.71173654,-45.67271032,-2684.244216,-2448.119982,4252.447266,LLG
-19.50383066,-75.61394932,-57.38758075,-2540.105932,-2528.481291,4190.852394,LLG
-18.97143133,-65.44148653,-69.04588224,-2393.463558,-2606.349315,4125.128978,LLG
-18.42031656,-55.20447124,-80.63597276,-2244.456273,-2681.643261,4055.327163,LLG
-17.85098081,-44.91292219,-92.1465508,-2093.23666,-2754.292764,3981.530531,LLG
-17.2640353,-34.57707975,-103.5661205,-1939.948432,-2824.222192,3903.797234,LLG
-16.66000998,-24.20706042,-114.8835482,-1784.748381,-2891.366464,3822.21864,LLG
-16.03955017,-13.81318176,-126.0875291,-1627.784162,-2955.65539,3736.860625,LLG
-15.40321903,-3.405617795,-137.167142,-1469.216182,-3017.029447,3647.822038,LLG
-14.75169363,7.005277097,-148.111317,-1309.195434,-3075.424149,3555.176159,LLG
-14.08556792,17.40931187,-158.909389,-1147.885324,-3130.785779,3459.028988,LLG
-13.40554823,27.79613585,-169.5505663,-985.4395704,-3183.055797,3359.460861,LLG
-12.7122568,38.15558153,-180.0244824,-822.0239551,-3232.186516,3256.584569,LLG
-12.00642659,48.47734247,-190.3206661,-657.7942887,-3278.125559,3150.487131,LLG
-11.28870547,58.75131513,-200.4290908,-492.9180994,-3320.831476,3041.287738,LLG
-10.55985037,68.96727767,-210.3396463,-327.5526546,-3360.25824,2929.079691,LLG
-9.820532018,79.1152307,-220.0426864,-161.8665877,-3396.370818,2813.988173,LLG
-9.071528529,89.18507701,-229.5285012,3.982019035,-3429.1297,2696.112337,LLG
-8.313530639,99.16696116,-238.7878633,169.824071,-3458.506422,2575.58292,LLG
-7.547334768,109.0509501,-247.8115012,335.5013164,-3484.468133,2452.504484,LLG
-6.773648756,118.8273715,-256.590643,500.8448453,-3506.993068,2327.012857,LLG
-5.993284365,128.4864953,-265.1164916,665.6968823,-3526.055146,2199.21754,LLG
-5.206963558,138.0188709,-273.380766,829.8893476,-3541.6394,2069.258975,LLG
-4.415510427,147.4150094,-281.3751775,993.265586,-3553.726612,1937.251113,LLG
-3.619658016,156.6657195,-289.0919693,1155.65899,-3562.308687,1803.338512,LLG
-2.820239686,165.7617903,-296.5233934,1316.914663,-3567.373326,1667.639066,LLG
-2.01799648,174.6943265,-303.6622481,1476.868107,-3568.919355,1530.300934,LLG
-1.213767928,183.4544315,-310.5013561,1635.366819,-3566.94143,1391.445433,LLG
-0.408299957,192.0335413,-317.0341,1792.249036,-3561.445315,1251.223796,LLG
0.397564858,200.4231083,-323.2539011,1947.365269,-3552.432629,1109.760225,LLG
1.203078837,208.6149339,-329.1547527,2100.55711,-3539.916065,967.2084872,LLG
2.007399496,216.600853,-334.7306999,2251.678697,-3523.904181,823.6951243,LLG
2.809780543,224.3730652,-339.9763713,2400.575579,-3504.41657,679.3758864,LLG
3.609382724,231.9238195,-344.8864589,2547.106118,-3481.468678,534.3790994,LLG
4.405464265,239.2457448,-349.4562479,2691.120407,-3455.086931,388.8619372,LLG
5.197192265,246.331535,-353.6810978,2832.481614,-3425.293591,242.9539483,LLG
5.983832585,253.1742773,-357.5569698,2971.044947,-3392.121829,96.81316558,LLG
6.764561778,259.7671387,-361.0799084,3106.678938,-3355.600618,-49.43020706,LLG
7.538656424,266.1036929,-364.2465671,3239.244465,-3315.769758,-195.6178456,LLG
8.305305592,272.1776066,-367.0536909,3368.61596,-3272.664806,-341.61946,LLG
9.063799621,277.9829652,-369.4986391,3494.660499,-3226.332047,-487.2770048,LLG
9.813343112,283.5139601,-371.5788695,3617.258934,-3176.813464,-632.4606732,LLG
10.55324315,288.7652122,-373.2924583,3736.285039,-3124.161663,-777.0132667,LLG
11.28272282,293.7314598,-374.6375854,3851.626579,-3068.424874,-920.8060292,LLG
12.00110888,298.4078811,-375.6130521,3963.164504,-3009.661828,-1063.683175,LLG
12.70764577,302.7897819,-376.2177672,4070.793954,-2947.926797,-1205.517561,LLG
13.40168276,306.8729168,-376.4512624,4174.403504,-2883.28442,-1346.155373,LLG
14.08248845,310.6531774,-376.3131788,4273.896104,-2815.794782,-1485.471641,LLG
14.74943738,314.1269117,-375.803781,4369.168375,-2745.528193,-1623.315075,LLG
15.40182501,317.2906129,-374.9234436,4460.13148,-2672.550296,-1759.56342,LLG
16.03905379,320.1412375,-373.6731633,4546.69047,-2596.936807,-1894.068456,LLG
16.66044865,322.6758936,-372.0540463,4628.765094,-2518.758658,-2026.711182,LLG
17.26544247,324.8921583,-370.0678179,4706.26919,-2438.096686,-2157.346976,LLG
17.85339216,326.7877662,-367.716311,4779.131428,-2355.026815,-2285.860618,LLG
18.42376346,328.3609246,-365.0019734,4847.274751,-2269.634698,-2412.111597,LLG
18.97594757,329.610003,-361.9273569,4910.637053,-2182.00094,-2535.988982,LLG
19.5094454,330.5338466,-358.4956225,4969.150669,-2092.215687,-2657.356878,LLG
20.02368468,331.1314659,-354.7100303,5022.762978,-2000.363888,-2776.109133,LLG
20.51820362,331.4023488,-350.5744427,5071.415954,-1906.539843,-2892.114948,LLG
20.99246856,331.3461504,-346.0928147,5115.066692,-1810.832497,-3005.273426,LLG
21.44605703,330.9630036,-341.2696953,5153.667012,-1713.339945,-3115.459325,LLG
21.87847588,330.2532092,-336.1097184,5187.183916,-1614.154762,-3222.577454,LLG
22.28934383,329.2175449,-330.618102,5215.579237,-1513.378465,-3326.508571,LLG
22.67821,327.8569556,-324.80014,5238.830035,-1411.10688,-3427.163617,LLG
23.04473597,326.1728612,-318.6616996,5256.90829,-1307.444559,-3524.42977,LLG
23.38851475,324.1668466,-312.2087134,5269.801226,-1202.490187,-3618.224508,LLG
23.70925227,321.8409684,-305.4476747,5277.491062,-1096.350954,-3708.441818,LLG
24.00658688,319.1974453,-298.3851311,5279.97526,-989.1279987,-3795.006096,LLG
24.28027022,316.2389626,-291.028177,5277.246324,-880.9307399,-3877.818504,LLG
24.52998718,312.9683636,-283.3839485,5269.311985,-771.8623583,-3956.810706,LLG
24.75553627,309.3889523,-275.4601137,5256.175042,-662.0340828,-4031.891375,LLG
24.95665003,305.5041849,-267.2643685,5237.853483,-551.550714,-4102.999768,LLG
25.13317479,301.3179714,-258.8049248,5214.360374,-440.5248672,-4170.052376,LLG
25.28489161,296.8343669,-250.0900076,5185.723908,-329.0625352,-4232.996341,LLG
25.41169543,292.0578723,-241.1283408,5151.967344,-217.2772891,-4291.756249,LLG
25.51341651,286.9931254,-231.9286452,5113.12899,-105.2758812,-4346.287388,LLG
25.589999,281.6452004,-222.5001231,5069.242188,6.827595402,-4396.522684,LLG
25.64132286,276.0192993,-212.8519561,5020.355229,118.9260643,-4442.425801,LLG
25.66738184,270.1210497,-202.9937886,4966.511386,230.9053467,-4483.938217,LLG
25.66810589,263.9561971,-192.935227,4907.768761,342.6584786,-4521.032166,LLG
25.64353857,257.5309008,-182.6863202,4844.180369,454.0716322,-4553.657857,LLG
25.59365991,250.8514265,-172.2570603,4775.813913,565.038392,-4581.796258,LLG
25.5185633,243.9244413,-161.657862,4702.731921,675.4457164,-4605.406454,LLG
25.41827875,236.7567061,-150.8990633,4625.011451,785.1881726,-4624.478271,LLG
25.29294927,229.3553695,-139.9914037,4542.724275,894.1539371,-4638.97978,LLG
25.14265456,221.7276611,-128.9455262,4455.956522,1002.23899,-4648.909758,LLG
24.96758688,213.8811831,-117.7724531,4364.788908,1109.333153,-4654.245335,LLG
24.76787513,205.8236044,-106.4830896,4269.316311,1215.334243,-4654.994298,LLG
24.54376021,197.5629514,-95.08869811,4169.628049,1320.134149,-4651.142875,LLG
24.29541955,189.107302,-83.60040254,4065.827399,1423.632942,-4642.70788,LLG
24.02314191,180.4650752,-72.02966121,3958.011911,1525.724991,-4629.684642,LLG
23.7271524,171.6447256,-60.38777248,3846.292866,1626.313029,-4612.098991,LLG
23.40778666,162.6550318,-48.68634588,3730.775644,1725.294305,-4589.955323,LLG
23.06531639,153.5047918,-36.9368091,3611.579114,1822.574615,-4563.288432,LLG
22.70012298,144.2031095,-25.15087754,3488.816047,1918.054483,-4532.111712,LLG
22.31252349,134.7590908,-13.34006264,3362.61245,2011.643148,-4496.468835,LLG
21.90294372,125.1821295,-1.516139939,3233.088024,2103.244788,-4456.38209,LLG
21.47174465,115.4816033,10.30934131,3100.375433,2192.77246,-4411.903906,LLG
21.01939499,105.6671588,22.12459141,2964.600816,2280.134359,-4363.065328,LLG
20.54629804,95.74840857,33.91806934,2825.902992,2365.247716,-4309.927385,LLG
20.05296376,85.73521429,45.67801734,2684.414021,2448.025092,-4252.529705,LLG
19.53983601,75.63738467,57.3929486,2540.278345,2528.388234,-4190.941727,LLG
19.00746412,65.46495808,69.05118322,2393.633406,2606.254401,-4125.211455,LLG
18.4563306,55.22790055,80.64133443,2244.628721,2681.550175,-4055.416513,LLG
17.88702218,44.93638765,92.15184583,2093.406551,2754.197826,-3981.613043,LLG
17.30005794,34.60050313,103.5714761,1940.120916,2824.129077,-3903.8866,LLG
16.69605983,24.23051988,114.8888374,1784.918314,2891.271502,-3822.301188,LLG
16.07558131,13.83659931,126.0928788,1627.956681,2955.562247,-3736.950007,LLG
15.43927727,3.429071358,137.1724254,1469.386157,3016.934462,-3647.904622,LLG
14.78773317,-6.981865287,148.1166608,1309.367987,3075.330978,-3555.265556,LLG
14.12163445,-17.3858641,158.9146668,1148.055341,3130.690772,-3459.111606,LLG
13.44159609,-27.77272969,169.5559043,985.6121573,3182.962598,-3359.550274,LLG
12.74833152,-38.13213947,180.0297547,822.1940126,3232.091487,-3256.667222,LLG
12.04248267,-48.45394185,190.3259984,657.966909,3278.032334,-3150.576559,LLG
11.3247883,-58.72787868,200.4343576,493.0881974,3320.736426,-3041.370425,LLG
10.59591458,-68.9438825,210.344973,327.725308,3360.164988,-2929.169134,LLG
9.85662287,-79.09179977,220.0479478,162.0367259,3396.275746,-2814.070893,LLG
9.107600771,-89.1616872,229.5338224,-3.809332968,3429.036421,-2696.201794,LLG
8.349629419,-99.14353566,238.7931195,-169.653893,3458.411329,-2575.665673,LLG
7.583414958,-109.0275655,247.816817,-335.3285981,3484.374829,-2452.593954,LLG
6.809755374,-118.8039513,256.5958939,-500.674628,3506.897954,-2327.095643,LLG
6.029372415,-128.4631159,265.121802,-665.5241322,3525.961816,-2199.307023,LLG
5.243077927,-137.995456,273.3860118,-829.7190914,3541.544266,-2069.341794,LLG
4.451606248,-147.3916352,281.3804827,-993.0928043,3553.633257,-1937.34061,LLG
3.655780049,-156.6423097,289.0972101,-1155.488695,3562.213533,-1803.421363,LLG
2.856343192,-165.7384211,296.5286934,-1316.741851,3567.279946,-1667.728575,LLG
2.05412609,-174.6709219,303.6674839,-1476.697775,3568.824182,-1530.383816,LLG
1.249879032,-183.4310672,310.5066511,-1635.193976,3566.848026,-1391.534955,LLG
0.444437059,-192.0101417,317.039331,-1792.078665,3561.350123,-1251.306709,LLG
-0.36144624,-200.3997489,323.2591911,-1947.192395,3552.339201,-1109.849758,LLG
-1.166934327,-208.5915392,329.1599789,-2100.386702,3539.820854,-967.2914309,LLG
-1.971273448,-216.5774984,334.735985,-2251.505794,3523.81073,-823.7846694,LLG
-2.773628709,-224.3496752,339.9815928,-2400.405134,3504.321341,-679.4588604,LLG
-3.573249329,-231.9004695,344.8917391,-2546.933184,3481.375203,-534.4686558,LLG
-4.369305188,-239.2223597,349.4614648,-2690.949926,3454.991683,-388.9449412,LLG
-5.161051605,-246.3081896,353.6863733,-2832.308651,3425.200093,-243.0435157,LLG
-5.947666348,-253.1508968,357.5621822,-2970.87443,3392.026564,-96.89619903,LLG
-6.728413935,-259.7437979,361.0851792,-3106.505947,3355.507098,49.34062905,LLG
-7.502483108,-266.080317,364.2517751,-3239.073912,3315.674476,195.534783,LLG
-8.269150646,-272.1542702,367.0589571,-3368.442941,3272.571264,341.5298717,LLG
-9.027619305,-277.9595939,369.5038427,-3494.48991,3226.236747,487.1939134,LLG
-9.777181143,-283.4906281,371.5841312,-3617.085886,3176.7199,632.3710748,LLG
-10.51705591,-288.7418453,373.2976575,-3736.114416,3124.066347,776.9301468,LLG
-11.24655391,-293.7081321,374.6428426,-3851.453504,3068.331289,920.7164211,LLG
-11.9649148,-298.3845186,375.6182472,-3962.993846,3009.566496,1063.600027,LLG
-12.67146999,-302.7664584,376.2230201,-4070.620851,2947.83319,1205.427943,LLG
-13.36548191,-306.8495586,376.4564533,-4174.232812,2883.189072,1346.072198,LLG
-14.04630588,-310.629858,376.3184275,-4273.722974,2815.701155,1485.382015,LLG
-14.71322984,-314.1035577,375.8089678,-4368.99765,2745.432829,1623.231872,LLG
-15.36563573,-317.2672977,374.928688,-4459.958323,2672.456648,1759.473785,LLG
-16.00283964,-320.1178876,373.6783461,-4546.519711,2596.841428,1893.985225,LLG
-16.62425272,-322.6525824,372.0592865,-4628.591911,2518.664991,2026.621538,LLG
-17.22922179,-324.8688126,370.0729967,-4706.098398,2438.001292,2157.263719,LLG
-17.81718968,-326.7644589,367.7215472,-4778.958219,2354.933127,2285.770966,LLG
-18.38753631,-328.3375829,365.0071484,-4847.103926,2269.539289,2412.028314,LLG
-18.9397386,-329.5866996,361.9325891,-4910.463818,2181.907233,2535.899322,LLG
-19.47321186,-330.5105088,358.5007936,-4968.979811,2092.120263,2657.273569,LLG
-19.98746929,-331.1081663,354.7152585,-5022.589718,2000.270161,2776.019465,LLG
-20.48196376,-331.3790149,350.5796101,-5071.245064,1906.444405,2892.031613,LLG
-20.95624682,-331.3228546,346.098039,-5114.893407,1810.738752,3005.18375,LLG
-21.40981092,-330.9396736,341.274859,-5153.496091,1713.244493,3115.375965,LLG
-21.84224788,-330.2299171,336.1149389,-5187.010606,1614.060998,3222.487771,LLG
-22.25309155,-329.1942186,330.623262,-5215.408285,1513.282999,3326.425185,LLG
-22.64197579,-327.8336671,324.8053567,-5238.656701,1411.013097,3427.073928,LLG
-23.00847758,-326.1495386,318.6668561,-5256.737306,1307.349079,3524.346359,LLG
-23.35227441,-324.1435617,312.2139264,-5269.627868,1202.396386,3618.134812,LLG
-23.67298785,-321.8176495,305.4528277,-5277.320047,1096.255461,3708.358383,LLG
-23.97034048,-319.1741639,298.3903405,-5279.801878,989.0341802,3794.916394,LLG
-24.24399982,-316.2156473,291.0333266,-5277.075279,880.8352347,3877.735044,LLG
-24.49373478,-312.9450857,283.3891543,-5269.138579,771.7685223,3956.720997,LLG
-24.71925998,-309.3656405,275.4652599,-5256.003967,661.9385649,4031.807891,LLG
-24.92039171,-305.4809104,267.2695707,-5237.680054,551.4568608,4102.910053,LLG
-25.09689267,-301.294663,258.8100677,-5214.189269,440.429337,4169.968869,LLG
-25.24862742,-296.8110957,250.0952064,-5185.550456,328.968665,4232.90662,LLG
-25.37540753,-292.0345673,241.1334804,-5151.796209,217.1817467,4291.672718,LLG
-25.47714653,-286.9698575,231.9338407,-5112.955516,105.1819942,4346.197662,LLG
-25.55370541,-281.6218988,222.5052594,-5069.071025,-6.923149652,4396.439131,LLG
-25.60504715,-275.9960345,212.8571481,-5020.181733,-119.0199677,4442.33607,LLG
-25.63108261,-270.0977514,202.9989219,-4966.340194,-231.0009126,4483.85464,LLG
-25.63182452,-263.9329355,192.9404158,-4907.595243,-342.7523983,4520.942429,LLG
-25.60723377,-257.5076057,182.6914503,-4844.009148,-454.1672094,4553.574258,LLG
-25.55737294,-250.8281681,172.2622459,-4775.640373,-565.1323277,4581.706517,LLG
-25.48225299,-243.9011493,161.662989,-4702.560672,-675.5413049,4605.322833,LLG
-25.38198624,-236.7334507,150.9042456,-4624.837889,-785.2821241,4624.388525,LLG
-25.25663351,-229.3320807,139.9965278,-4542.552998,-894.2495365,4638.896137,LLG
-25.10635658,-221.7044087,128.9507054,-4455.782939,-1002.332957,4648.820007,LLG
-24.93126574,-213.8578974,117.7775742,-4364.617603,-1109.428763,4654.16167,LLG
-24.73157174,-205.800355,106.4882658,-4269.142707,-1215.428225,4654.904544,LLG
-24.50743374,-197.5396687,95.09381634,-4169.456718,-1320.22977,4651.059188,LLG
-24.25911081,-189.0840555,83.60557566,-4065.653775,-1423.72694,4642.618121,LLG
-23.98681019,-180.4417955,72.0347766,-3957.840552,-1525.820622,4629.600934,LLG
-23.69083837,-171.6214819,60.39294262,-3846.119221,-1626.407041,4612.009229,LLG
-23.37144973,-162.6317551,48.69145849,-3730.604259,-1725.389946,4589.871594,LLG
-23.02899713,-153.4815509,36.94197632,-3611.405449,-1822.668642,4563.198666,LLG
-22.66378092,-144.1798356,25.15598741,-3488.644635,-1918.150134,4532.027962,LLG
-22.27619906,-134.7358527,13.34522698,-3362.438765,-2011.737189,4496.379065,LLG
-21.86659657,-125.1588584,1.521247107,-3232.916586,-2103.340449,4456.29832,LLG
-21.43541511,-115.4583678,-10.3041798,-3100.201729,-2192.866515,4411.814133,LLG
-20.98304281,-105.6438905,-22.11948689,-2964.429352,-2280.230029,4362.981538,LLG
-20.50996345,-95.7251758,-33.91291062,-2825.729269,-2365.341785,4309.837609,LLG
-20.01660662,-85.71194872,-45.67291542,-2684.242531,-2448.120771,4252.445895,LLG
-19.50349642,-75.61415451,-57.38779261,-2540.104603,-2528.482317,4190.851948,LLG
-18.97110207,-65.4416952,-69.04608385,-2393.461891,-2606.350089,4125.127624,LLG
-18.41998608,-55.20467296,-80.63618113,-2244.45496,-2681.644271,4055.326731,LLG
-17.85065528,-44.91312741,-92.14674897,-2093.235011,-2754.293523,3981.529193,LLG
-17.26370853,-34.57727806,-103.5663254,-1939.947136,-2824.223187,3903.796816,LLG
-16.65968813,-24.20726224,-114.883743,-1784.746749,-2891.367208,3822.217319,LLG
-16.03922707,-13.81337672,-126.0877307,-1627.782883,-2955.65637,3736.860221,LLG
-15.40290082,-3.405816272,-137.1673335,-1469.214567,-3017.030176,3647.820733,LLG
-14.75137416,7.00508544,-148.1115153,-1309.194171,-3075.425114,3555.175768,LLG
-14.08525332,17.40911668,-158.9095772,-1147.883727,-3130.786494,3459.027698,LLG
-13.40523237,27.79594744,-169.5507613,-985.4383236,-3183.056746,3359.460484,LLG
-12.71194576,38.15538958,-180.0246674,-822.0223748,-3232.187218,3256.583296,LLG
-12.00611428,48.47715726,-190.3208579,-657.7930578,-3278.126494,3150.486766,LLG
-11.28839796,58.75112636,-200.4292726,-492.916536,-3320.832164,3041.28648,LLG
-10.55954158,68.9670956,-210.3398349,-327.5514394,-3360.259161,2929.07934,LLG
-9.820228002,79.11504506,-220.0428651,-161.8650409,-3396.371492,2813.986929,LLG
-9.071223217,89.18489803,-229.5286867,3.983218577,-3429.130606,2696.111998,LLG
-8.313230075,99.1667786,-238.788039,169.8256013,-3458.507082,2575.581692,LLG
-7.547032899,109.0507741,-247.8116836,335.5025005,-3484.469026,2452.504157,LLG
-6.773351607,118.8271919,-256.5908156,500.8463592,-3506.993715,2327.011643,LLG
-5.992985901,128.4863223,-265.116671,665.6980512,-3526.056025,2199.217225,LLG
-5.206669787,138.0186944,-273.3809356,829.8908453,-3541.640035,2069.257776,LLG
-4.415215332,147.4148394,-281.3753539,993.2667397,-3553.727478,1937.25081,LLG
-3.619367587,156.6655459,-289.092136,1155.660471,-3562.309308,1803.337328,LLG
-2.819947923,165.7616232,-296.5235669,1316.915802,-3567.374178,1667.638775,LLG
-2.017709357,174.6941558,-303.6624119,1476.869573,-3568.919964,1530.299764,LLG
-1.213479461,183.4542673,-310.5015268,1635.367943,-3566.942269,1391.445153,LLG
-0.408016103,192.0333735,-317.0342611,1792.250486,-3561.445912,1251.22264,LLG
0.397850064,200.4229469,-323.2540689,1947.366379,-3552.433455,1109.759957,LLG
1.203359456,208.6147689,-329.1549109,2100.558545,-3539.91665,967.2073443,LLG
2.007681477,216.6006944,-334.730865,2251.679792,-3523.904995,823.6948671,LLG
2.810057964,224.3729028,-339.9765268,2400.576998,-3504.417143,679.374757,LLG
3.609661515,231.9236635,-344.8866212,2547.107199,-3481.469479,534.3788531,LLG
4.40573852,239.2455852,-349.4564007,2691.121812,-3455.087492,388.8608211,LLG
5.197467899,246.3313817,-353.6812575,2832.48268,-3425.29438,242.9537127,LLG
5.984103711,253.1741203,-357.55712,2971.046337,-3392.122378,96.8120625,LLG
6.764834291,259.7669881,-361.0800654,3106.679991,-3355.601395,-49.43043216,LLG
7.538924453,266.1035386,-364.2467147,3239.245839,-3315.770297,-195.6189358,LLG
8.305575017,272.1774585,-367.0538452,3368.616999,-3272.665571,-341.6196748,LLG
9.064064588,277.9828135,-369.4987841,3494.661859,-3226.332574,-487.2780824,LLG
9.813609482,283.5138145,-371.5790213,3617.259959,-3176.814217,-632.4608778,LLG
10.55350509,288.765063,-373.2926008,3736.286384,-3124.162179,-777.0143317,LLG
11.28298617,293.7313168,-374.6377346,3851.627591,-3068.425616,-920.8062239,LLG
12.00136782,298.4077344,-375.6131922,3963.165835,-3009.662334,-1063.684227,LLG
12.70790613,302.7896413,-376.217914,4070.794952,-2947.927527,-1205.517746,LLG
13.40193873,306.8727726,-376.4514,4174.404821,-2883.284915,-1346.156414,LLG
14.08274585,310.6530392,-376.3133232,4273.89709,-2815.795502,-1485.471817,LLG
14.74969042,314.1267698,-375.8039162,4369.169678,-2745.528677,-1623.316103,LLG
15.40207949,317.2904771,-374.9235856,4460.132452,-2672.551005,-1759.563586,LLG
16.03930393,320.141098,-373.6732961,4546.691759,-2596.937282,-1894.069472,LLG
16.66070023,322.6757602,-372.0541859,4628.766053,-2518.759356,-2026.711339,LLG
17.26568975,324.8920212,-370.0679484,4706.270466,-2438.09715,-2157.347982,LLG
17.85364088,326.7876351,-367.7164483,4779.132374,-2355.027502,-2285.860765,LLG
18.4240079,328.3607898,-365.0021017,4847.276013,-2269.635153,-2412.112591,LLG
18.97619346,329.6098741,-361.9274919,4910.637987,-2182.001617,-2535.989121,LLG
19.50968703,330.533714,-358.4957485,4969.151917,-2092.216131,-2657.357861,LLG
20.02392777,331.1313393,-354.7101631,5022.763899,-2000.364555,-2776.109263,LLG
20.51844248,331.4022185,-350.5745665,5071.417188,-1906.540278,-2892.11592,LLG
20.99270888,331.346026,-346.0929453,5115.067602,-1810.833154,-3005.273547,LLG
21.44629314,330.9628754,-341.2698169,5153.668234,-1713.340371,-3115.460286,LLG
21.87871347,330.2530869,-336.1098467,5187.184813,-1614.155409,-3222.577566,LLG
22.28957723,329.2174189,-330.6182214,5215.580446,-1513.378881,-3326.509521,LLG
22.67844488,327.8568355,-324.8002662,5238.83092,-1411.107516,-3427.163722,LLG
23.04496668,326.1727373,-318.6618169,5256.909485,-1307.444966,-3524.430709,LLG
23.38874695,324.1667285,-312.2088375,5269.802099,-1202.490814,-3618.224604,LLG
23.70948032,321.8408466,-305.44779,5277.492245,-1096.351352,-3708.442747,LLG
24.00681643,319.1973293,-298.3852531,5279.976122,-989.1286163,-3795.006185,LLG
24.28049564,316.2388429,-291.0282903,5277.247494,-880.9311293,-3877.819422,LLG
24.53021411,312.9682496,-283.3840685,5269.312834,-771.8629667,-3956.810786,LLG
24.7557591,309.3888346,-275.460225,5256.1762,-662.0344635,-4031.892283,LLG
24.95687436,305.5040729,-267.2644864,5237.854321,-551.5513132,-4102.999841,LLG
25.13339505,301.3178557,-258.8050341,5214.361519,-440.5252395,-4170.053274,LLG
25.28511337,296.8342569,-250.0901236,5185.724734,-329.0631254,-4232.996406,LLG
25.41191314,292.0577585,-241.1284482,5151.968477,-217.277653,-4291.757137,LLG
25.51363573,286.9930173,-231.9287593,5113.129806,-105.2764625,-4346.287446,LLG
25.5902142,281.6450885,-222.5002285,5069.243309,6.827239712,-4396.523563,LLG
25.64153958,276.019193,-212.8520682,5020.356034,118.9254918,-4442.425852,LLG
25.66759455,270.1209397,-202.9938922,4966.512495,230.9049991,-4483.939086,LLG
25.66832012,263.9560928,-192.9353373,4907.769555,342.6579147,-4521.032209,LLG
25.64374882,257.5307927,-182.6864219,4844.181466,454.0712925,-4553.658717,LLG
25.59387169,250.851324,-172.2571687,4775.814696,565.0378366,-4581.796295,LLG
25.51877111,243.924335,-161.6579619,4702.733006,675.4453846,-4605.407305,LLG
25.4184881,236.7566053,-150.8991699,4625.012222,785.1876255,-4624.478301,LLG
25.29315467,229.355265,-139.9915019,4542.725348,894.1536129,-4638.980621,LLG
25.14286152,221.7275621,-128.945631,4455.957283,1002.238451,-4648.909781,LLG
24.9677899,213.8810803,-117.7725495,4364.78997,1109.332836,-4654.246168,LLG
24.76807971,205.8235072,-106.4831927,4269.317061,1215.333712,-4654.994315,LLG
24.54396088,197.5628504,-95.08879276,4169.6291,1320.13384,-4651.143698,LLG
24.29562178,189.1072065,-83.60050386,4065.828139,1423.63242,-4642.70789,LLG
24.02334026,180.4649759,-72.02975416,3958.012951,1525.724689,-4629.685457,LLG
23.72735231,171.6446317,-60.3878721,3846.293596,1626.312513,-4612.098995,LLG
23.4079827,162.6549343,-48.68643717,3730.776673,1725.294011,-4589.95613,LLG
23.06551399,153.5046997,-36.93690704,3611.579833,1822.574108,-4563.288429,LLG
22.70031674,144.2030136,-25.15096719,3488.817065,1918.054196,-4532.11251,LLG
22.31271882,134.7590003,-13.34015894,3362.61316,2011.642649,-4496.468825,LLG
21.90313522,125.1820352,-1.516227974,3233.089031,2103.244507,-4456.38288,LLG
21.47193773,115.4815143,10.30924663,3100.376132,2192.771968,-4411.903891,LLG
21.01958426,105.6670661,22.12450496,2964.601812,2280.134085,-4363.06611,LLG
20.5464889,95.74832122,33.91797626,2825.903682,2365.247231,-4309.927364,LLG
20.05315083,85.73512316,45.67793245,2684.415006,2448.024825,-4252.530478,LLG
19.54002467,75.63729887,57.39285708,2540.279025,2528.387757,-4190.9417,LLG
19.00764901,65.4648685,69.05109986,2393.634381,2606.25414,-4125.21222,LLG
18.45651709,55.22781628,80.64124446,2244.629392,2681.549704,-4055.41648,LLG
17.88720491,44.9362996,92.15176398,2093.407515,2754.197572,-3981.6138,LLG
17.30024227,34.60042036,103.5713876,1940.121577,2824.128614,-3903.886562,LLG
16.69624043,24.23043333,114.8887571,1784.919268,2891.271254,-3822.301938,LLG
16.07576351,13.83651801,126.0927918,1627.957332,2955.56179,-3736.949963,LLG
15.43945576,3.428986283,137.1723465,1469.3871,3016.934221,-3647.905363,LLG
14.78791327,-6.981945137,148.1165753,1309.368629,3075.330528,-3555.265508,LLG
14.12181086,-17.38594773,158.9145893,1148.056275,3130.690536,-3459.112341,LLG
13.44177411,-27.77280811,169.5558202,985.6127903,3182.962155,-3359.55022,LLG
12.74850587,-38.13222167,180.0296786,822.1949362,3232.091258,-3256.667949,LLG
12.04265862,-48.45401887,190.3259157,657.967533,3278.031897,-3150.576499,LLG
11.32496061,-58.72795948,200.4342829,493.0891112,3320.736202,-3041.371145,LLG
10.5960885,-68.94395814,210.3448918,327.725923,3360.164558,-2929.16907,LLG
9.856793158,-79.09187919,220.0478745,162.03763,3396.275528,-2814.071605,LLG
9.107772677,-89.16176149,229.5337425,-3.808726849,3429.035997,-2696.201725,LLG
8.349797711,-99.14361371,238.7930475,-169.6529987,3458.411117,-2575.666379,LLG
7.583584871,-109.0276385,247.8167384,-335.3280007,3484.374411,-2452.59388,LLG
6.809921693,-118.804028,256.5958233,-500.6737432,3506.897747,-2327.096341,LLG
6.029540357,-128.4631876,265.1217248,-665.5235435,3525.961404,-2199.306945,LLG
5.243242293,-137.9955314,273.3859424,-829.718216,3541.544065,-2069.342485,LLG
4.451772242,-147.3917055,281.3804068,-993.0922242,3553.632852,-1937.340526,LLG
3.655942484,-156.6423839,289.097142,-1155.487829,3562.213337,-1803.422047,LLG
2.856507258,-165.7384902,296.5286188,-1316.741279,3567.279547,-1667.728487,LLG
2.054286616,-174.6709947,303.6674171,-1476.696918,3568.823991,-1530.384494,LLG
1.250041192,-183.4311351,310.5065777,-1635.193413,3566.847632,-1391.534862,LLG
0.444595697,-192.0102133,317.0392655,-1792.077818,3561.349938,-1251.30738,LLG
-0.361285965,-200.3998155,323.259119,-1947.19184,3552.338813,-1109.849661,LLG
-1.166777556,-208.5916096,329.1599145,-2100.385864,3539.820674,-967.2920956,LLG
-1.971115038,-216.5775638,334.7359141,-2251.505247,3523.810348,-823.7845682,LLG
-2.773473785,-224.3497444,339.9815296,-2400.404305,3504.321166,-679.4595186,LLG
-3.573092763,-231.9005337,344.8916695,-2546.932646,3481.374826,-534.4685504,LLG
-4.369152091,-239.2224276,349.4614028,-2690.949106,3454.991513,-388.9455931,LLG
-5.160896863,-246.3082526,353.6863049,-2832.308121,3425.199722,-243.0434061,LLG
-5.947515058,-253.1509636,357.5621213,-2970.873618,3392.026399,-96.89684471,LLG
-6.728260997,-259.7438598,361.0851119,-3106.505424,3355.506732,49.34074261,LLG
-7.502333604,-266.0803827,364.2517153,-3239.073109,3315.674316,195.5341435,LLG
-8.268999492,-272.154331,367.0588909,-3368.442426,3272.570903,341.5299892,LLG
-9.027471568,-277.9596584,369.5037841,-3494.489116,3226.236592,487.1932799,LLG
-9.777031754,-283.4906877,371.5840661,-3617.085379,3176.719545,632.3711962,LLG
-10.51690992,-288.7419087,373.2976,-3736.11363,3124.066196,776.9295193,LLG
-11.24640626,-293.7081907,374.6427787,-3851.453004,3068.330939,920.7165463,LLG
-11.96477054,-298.3845809,375.6181907,-3962.993068,3009.56635,1063.599405,LLG
-12.67132407,-302.7665159,376.2229573,-4070.620359,2947.832845,1205.428072,LLG
-13.36533936,-306.8496199,376.4563979,-4174.232043,2883.18893,1346.071582,LLG
-14.04616167,-310.6299145,376.3183657,-4273.72249,2815.700815,1485.382147,LLG
-14.71308898,-314.1036179,375.8089135,-4368.996888,2745.432691,1623.231262,LLG
-15.3654932,-317.2673531,374.9286273,-4459.957846,2672.456313,1759.473921,LLG
-16.00270045,-320.1179468,373.6782928,-4546.518958,2596.841295,1893.984621,LLG
-16.62411187,-322.6526368,372.0592268,-4628.591441,2518.66466,2026.621678,LLG
-17.22908425,-324.8688707,370.0729444,-4706.097653,2438.001162,2157.263121,LLG
-17.81705047,-326.7645123,367.7214885,-4778.957756,2354.932801,2285.771109,LLG
-18.38740041,-328.33764,365.0070971,-4847.103189,2269.539164,2412.02772,LLG
-18.93960103,-329.586752,361.9325314,-4910.463363,2181.906912,2535.899468,LLG
-19.47307757,-330.510565,358.5007433,-4968.979082,2092.120142,2657.272981,LLG
-19.98733333,-331.1082178,354.7152018,-5022.589269,2000.269845,2776.019615,LLG
-20.48183108,-331.3790701,350.5795607,-5071.244343,1906.444288,2892.031031,LLG
-20.95611247,-331.3229051,346.0979833,-5114.892966,1810.73844,3005.183903,LLG
-21.40967982,-330.9397278,341.2748105,-5153.495377,1713.24438,3115.375387,LLG
-21.8421151,-330.2299666,336.1148841,-5187.010172,1614.060691,3222.487927,LLG
-22.252962,-329.1942719,330.6232145,-5215.407579,1513.28289,3326.424613,LLG
-22.64184458,-327.8337158,324.8053029,-5238.656273,1411.012794,3427.074086,LLG
-23.00834958,-326.1495909,318.6668095,-5256.736607,1307.348974,3524.345792,LLG
-23.35214473,-324.1436094,312.2138735,-5269.627447,1202.396087,3618.134974,LLG
-23.67286138,-321.8177009,305.452782,-5277.319357,1096.25536,3708.357821,LLG
-23.97021234,-319.1742107,298.3902884,-5279.801464,989.0338857,3794.916558,LLG
-24.24387487,-316.2156978,291.0332817,-5277.074596,880.8351367,3877.734487,LLG
-24.49360815,-312.9451317,283.3891032,-5269.138171,771.7682319,3956.721165,LLG
-24.71913652,-309.3656902,275.4652159,-5256.003291,661.9384705,4031.807339,LLG
-24.92026657,-305.4809555,267.2695205,-5237.679653,551.4565745,4102.910224,LLG
-25.09677068,-301.2947118,258.8100245,-5214.1886,440.4292461,4169.968321,LLG
-25.24850376,-296.81114,250.095157,-5185.550061,328.9683827,4232.906794,LLG
-25.37528702,-292.0346153,241.1334381,-5151.795548,217.1816593,4291.672176,LLG
-25.47702433,-286.9699009,231.9337921,-5112.955127,105.181716,4346.197838,LLG
-25.55358633,-281.6219459,222.5052179,-5069.07037,-6.923233693,4396.438593,LLG
-25.60492639,-275.9960772,212.8571004,-5020.181351,-119.0202421,4442.336248,LLG
-25.63096497,-270.0977977,202.9988812,-4966.339546,-231.0009933,4483.854107,LLG
-25.63170519,-263.9329774,192.9403689,-4907.594867,-342.7526688,4520.94261,LLG
-25.60711754,-257.5076512,182.6914104,-4844.008507,-454.1672869,4553.573729,LLG
-25.55725503,-250.8282091,172.2621997,-4775.640003,-565.1325945,4581.706701,LLG
-25.48213816,-243.9011941,161.6629499,-4702.560038,-675.5413791,4605.322309,LLG
-25.38186973,-236.7334909,150.9042003,-4624.837525,-785.2823871,4624.388711,LLG
-25.25652006,-229.3321247,139.9964894,-4542.552371,-894.2496076,4638.895617,LLG
-25.10624145,-221.7044482,128.9506609,-4455.782581,-1002.333216,4648.820196,LLG
-24.93115366,-213.8579405,117.7775366,-4364.616983,-1109.428831,4654.161155,LLG
-24.73145798,-205.8003937,106.488222,-4269.142355,-1215.428481,4654.904735,LLG
-24.50732302,-197.5397111,95.09377947,-4169.456104,-1320.229835,4651.058677,LLG
-24.2589984,-189.0840935,83.60553263,-4065.653429,-1423.727192,4642.618314,LLG
-23.9867008,-180.4418371,72.03474046,-3957.839945,-1525.820684,4629.600427,LLG
-23.6907273,-171.6215192,60.39290033,-3846.118881,-1626.407289,4612.009424,LLG
-23.37134167,-162.631796,48.69142306,-3730.603658,-1725.390005,4589.871092,LLG
-23.02888738,-153.4815875,36.94193475,-3611.405114,-1822.668887,4563.198863,LLG
-22.66367416,-144.1798758,25.15595268,-3488.644041,-1918.15019,4532.027464,LLG
-22.27609061,-134.7358886,13.34518613,-3362.438436,-2011.737431,4496.379265,LLG
-21.86649111,-125.1588979,1.521213065,-3232.915998,-2103.340502,4456.297825,LLG
-21.43530795,-115.458403,-10.30421995,-3100.201405,-2192.866754,4411.814335,LLG
-20.98293863,-105.6439294,-22.11952026,-2964.428771,-2280.230079,4362.981047,LLG
-20.50985758,-95.72521034,-33.91295008,-2825.728951,-2365.34202,4309.837813,LLG
-20.0165037,-85.71198688,-45.67294812,-2684.241956,-2448.120819,4252.445408,LLG
-19.50339181,-75.61418838,-57.38783139,-2540.10429,-2528.482549,4190.852153,LLG
-18.9710004,-65.44173269,-69.0461159,-2393.461322,-2606.350134,4125.127141,LLG
-18.41988272,-55.20470619,-80.63621925,-2244.454653,-2681.6445,4055.326939,LLG
-17.85055484,-44.91316424,-92.14678038,-2093.234448,-2754.293566,3981.528714,LLG
-17.26360641,-34.57731065,-103.5663629,-1939.946834,-2824.223413,3903.797025,LLG
-16.65958892,-24.20729843,-114.8837738,-1784.746192,-2891.367248,3822.216844,LLG
-16.03912617,-13.81340867,-126.0877675,-1627.782586,-2955.656593,3736.860432,LLG
-15.40280283,-3.405851827,-137.1673636,-1469.214016,-3017.030214,3647.820262,LLG
-14.75127447,7.0050541,-148.1115515,-1309.193879,-3075.425334,3555.175981,LLG
-14.08515652,17.40908175,-158.9096067,-1147.883182,-3130.786529,3459.027231,LLG
-13.40513387,27.79591671,-169.5507969,-985.4380374,-3183.056963,3359.460698,LLG
-12.71185014,38.15535526,-180.0246964,-822.0218357,-3232.18725,3256.582832,LLG
-12.00601697,48.47712712,-190.3208928,-657.7927766,-3278.126708,3150.486983,LLG
-11.28830351,58.75109264,-200.429301,-492.9160026,-3320.832194,3041.28602,LLG
-10.55944544,68.96706605,-210.3398693,-327.5511633,-3360.259372,2929.079558,LLG
-9.820134708,79.11501194,-220.0428929,-161.8645133,-3396.37152,2813.986473,LLG
-9.07112823,89.18486905,-229.5287205,3.983489713,-3429.130815,2696.112218,LLG
-8.313137925,99.16674606,-238.7880662,169.8261232,-3458.507108,2575.581239,LLG
-7.546939055,109.0507457,-247.8117168,335.5027667,-3484.469232,2452.504378,LLG
-6.773260587,118.82716,-256.5908423,500.8468756,-3506.993738,2327.011194,LLG
-5.992893189,128.4862945,-265.1167036,665.6983126,-3526.056228,2199.217448,LLG
-5.206579886,138.018663,-273.3809617,829.8913562,-3541.640056,2069.25733,LLG
-4.415123738,147.4148121,-281.375386,993.2669963,-3553.727678,1937.251035,LLG
-3.619278791,156.665515,-289.0921616,1155.660977,-3562.309327,1803.336885,LLG
-2.819857435,165.7615964,-296.5235984,1316.916054,-3567.374376,1667.639,LLG
-2.017621654,174.6941255,-303.662437,1476.870073,-3568.919981,1530.299324,LLG
-1.213390067,183.454241,-310.5015577,1635.368191,-3566.942464,1391.44538,LLG
-0.407929482,192.0333437,-317.0342856,1792.25098,-3561.445927,1251.222203,LLG
0.397938377,200.4229212,-323.2540994,1947.366621,-3552.433647,1109.760185,LLG
1.203445008,208.6147396,-329.1549349,2100.559034,-3539.916662,967.2069114,LLG
2.00776872,216.6006691,-334.7308949,2251.68003,-3523.905185,823.6950968,LLG
2.810142458,224.3728741,-339.9765503,2400.577482,-3504.417154,679.3743272,LLG
3.6097477,231.9236388,-344.8866506,2547.107432,-3481.469666,534.3790841,LLG
4.40582197,239.245557,-349.4564237,2691.12229,-3455.087501,388.8603945,LLG
5.197553039,246.3313574,-353.6812863,2832.482909,-3425.294564,242.953945,LLG
5.984186126,253.1740926,-357.5571425,2971.04681,-3392.122385,96.81163899,LLG
6.764918396,259.7669643,-361.0800938,3106.680216,-3355.601577,-49.43019867,LLG
7.539005847,266.1035113,-364.2467367,3239.246308,-3315.770301,-195.6193563,LLG
8.305658099,272.1774352,-367.0538731,3368.61722,-3272.665751,-341.6194401,LLG
9.06414497,277.9827867,-369.4988057,3494.662322,-3226.332577,-487.2784998,LLG
9.813691553,283.5137917,-371.5790487,3617.260175,-3176.814395,-632.460642,LLG
10.55358447,288.7650367,-373.2926219,3736.286843,-3124.162181,-777.0147461,LLG
11.28306724,293.7312944,-374.6377616,3851.627803,-3068.425791,-920.8059869,LLG
12.00144621,298.4077086,-375.6132128,3963.166288,-3009.662333,-1063.684639,LLG
12.70798621,302.7896195,-376.2179405,4070.79516,-2947.9277,-1205.517508,LLG
13.40201615,306.8727472,-376.4514202,4174.405269,-2883.284913,-1346.156823,LLG
14.08282496,310.6530178,-376.3133492,4273.897293,-2815.795673,-1485.471577,LLG
14.74976687,314.1267449,-375.803936,4369.170122,-2745.528673,-1623.316509,LLG
15.40215763,317.2904561,-374.9236112,4460.132651,-2672.551174,-1759.563346,LLG
16.03937943,320.1410735,-373.6733155,4546.692198,-2596.937276,-1894.069875,LLG
16.66077741,322.6757396,-372.054211,4628.766249,-2518.759523,-2026.711098,LLG
17.2657643,324.8919972,-370.0679674,4706.2709,-2438.097143,-2157.348382,LLG
17.85371712,326.7876149,-367.716473,4779.132565,-2355.027666,-2285.860523,LLG
18.42408152,328.3607661,-365.0021202,4847.276443,-2269.635144,-2412.112988,LLG
18.97626876,329.6098544,-361.9275162,4910.638174,-2182.001779,-2535.988878,LLG
19.50975973,330.5336908,-358.4957666,4969.152342,-2092.216121,-2657.358255,LLG
20.02400215,331.1313199,-354.7101869,5022.764083,-2000.364715,-2776.109019,LLG
20.51851426,331.4021957,-350.5745842,5071.417609,-1906.540266,-2892.116312,LLG
20.99278235,331.346007,-346.0929687,5115.067781,-1810.833312,-3005.273302,LLG
21.44636402,330.9628531,-341.2698343,5153.66865,-1713.340357,-3115.460675,LLG
21.87878603,330.2530683,-336.1098698,5187.184989,-1614.155565,-3222.577321,LLG
22.28964721,329.2173969,-330.6182384,5215.580857,-1513.378866,-3326.509907,LLG
22.67851654,327.8568173,-324.8002889,5238.831092,-1411.107671,-3427.163475,LLG
23.04503578,326.1727157,-318.6618335,5256.909892,-1307.444949,-3524.431093,LLG
23.38881772,324.1667107,-312.2088597,5269.802268,-1202.490966,-3618.224357,LLG
23.70954855,321.8408254,-305.4478062,5277.492648,-1096.351334,-3708.443128,LLG
24.00688634,319.1973118,-298.385275,5279.976286,-989.1287668,-3795.005937,LLG
24.28056301,316.238822,-291.0283061,5277.247893,-880.9311101,-3877.819801,LLG
24.53028315,312.9682326,-283.38409,5269.312995,-771.8631153,-3956.810538,LLG
24.75582561,309.3888141,-275.4602405,5256.176594,-662.0344429,-4031.892659,LLG
24.95694255,305.5040562,-267.2645076,5237.854479,-551.55146,-4102.999592,LLG
25.13346071,301.3178356,-258.8050493,5214.361909,-440.5252176,-4170.053648,LLG
25.28518072,296.8342405,-250.0901444,5185.724888,-329.0632703,-4232.996156,LLG
25.41197797,292.0577388,-241.128463,5151.968862,-217.2776298,-4291.757509,LLG
25.51370224,286.9930013,-231.9287797,5113.129956,-105.2766057,-4346.287195,LLG
25.5902782,281.6450691,-222.500243,5069.243691,6.827264194,-4396.523932,LLG
25.64160525,276.0191773,-212.8520883,5020.35618,118.9253503,-4442.4256,LLG
25.66765774,270.1209207,-202.9939064,4966.512872,230.9050248,-4483.939453,LLG
25.66838498,263.9560774,-192.935357,4907.769698,342.657775,-4521.031957,LLG
25.6438112,257.530774,-182.6864357,4844.181839,454.0713194,-4553.659081,LLG
25.59393575,250.851309,-172.2571881,4775.814836,565.0376985,-4581.796042,LLG
25.5188327,243.9243166,-161.6579754,4702.733375,675.4454127,-4605.407667,LLG
25.41855136,236.7565906,-150.8991889,4625.012359,785.1874891,-4624.478048,LLG
25.29321547,229.355247,-139.991515,4542.725714,894.1536422,-4638.980981,LLG
25.14292398,221.7275477,-128.9456497,4455.957417,1002.238316,-4648.909527,LLG
24.96784992,213.8810626,-117.7725623,4364.790331,1109.332866,-4654.246525,LLG
24.76814139,205.8234931,-106.4832111,4269.317191,1215.333579,-4654.994061,LLG
24.54402012,197.562833,-95.08880534,4169.629458,1320.133871,-4651.144054,LLG
24.29568269,189.1071927,-83.60052194,4065.828266,1423.632288,-4642.707635,LLG
24.02339874,180.4649588,-72.02976645,3958.013304,1525.724722,-4629.68581,LLG
23.72741245,171.6446182,-60.38788987,3846.293719,1626.312383,-4612.09874,LLG
23.40804043,162.6549174,-48.68644917,3730.777023,1725.294044,-4589.95648,LLG
23.06557338,153.5046864,-36.93692451,3611.579954,1822.57398,-4563.288174,LLG
22.70037373,144.2029971,-25.1509789,3488.817411,1918.05423,-4532.112858,LLG
22.31277746,134.7589874,-13.34017611,3362.613277,2011.642522,-4496.46857,LLG
21.90319147,125.1820189,-1.516239404,3233.089373,2103.244543,-4456.383226,LLG
21.47199563,115.4815017,10.30922975,3100.376247,2192.771842,-4411.903635,LLG
21.01963978,105.6670502,22.12449381,2964.602151,2280.134122,-4363.066454,LLG
20.54654608,95.74830886,33.91795967,2825.903793,2365.247107,-4309.927108,LLG
20.05320563,85.73510751,45.67792156,2684.415341,2448.024863,-4252.530821,LLG
19.54008112,75.63728677,57.39284077,2540.279133,2528.387634,-4190.941443,LLG
19.0077031,65.46485313,69.05108924,2393.634712,2606.254179,-4125.21256,LLG
18.45657283,55.22780445,80.64122843,2244.629497,2681.549583,-4055.416223,LLG
17.8872583,44.93628449,92.15175362,2093.407843,2754.197612,-3981.614139,LLG
17.3002973,34.60040879,103.5713719,1940.121679,2824.128494,-3903.886304,LLG
16.69629312,24.23041849,114.8887469,1784.919592,2891.271295,-3822.302274,LLG
16.07581784,13.83650669,126.0927763,1627.957432,2955.561672,-3736.949706,LLG
15.43950776,3.428971709,137.1723367,1469.387421,3016.934262,-3647.905698,LLG
14.78796691,-6.9819562,148.11656,1309.368726,3075.330411,-3555.26525,LLG
14.12186218,-17.38596204,158.9145797,1148.056592,3130.690579,-3459.112673,LLG
13.44182707,-27.77281893,169.5558052,985.6128841,3182.962039,-3359.549962,LLG
12.74855652,-38.13223573,180.0296692,822.1952499,3232.091301,-3256.668279,LLG
12.04271091,-48.45402945,190.325901,657.967624,3278.031782,-3150.576241,LLG
11.32501059,-58.72797329,200.4342738,493.0894215,3320.736246,-3041.371473,LLG
10.59614012,-68.94396848,210.3448773,327.7260113,3360.164445,-2929.168811,LLG
9.856842482,-79.09189276,220.0478656,162.0379369,3396.275573,-2814.071932,LLG
9.107823636,-89.16177159,229.5337283,-3.808641291,3429.035885,-2696.201466,LLG
8.349846384,-99.14362704,238.7930388,-169.6526951,3458.411162,-2575.666703,LLG
7.583635179,-109.0276484,247.8167245,-335.3279178,3484.374301,-2452.593621,LLG
6.809969722,-118.8040411,256.5958148,-500.6734429,3506.897794,-2327.096664,LLG
6.029590019,-128.4631972,265.1217111,-665.5234633,3525.961295,-2199.306685,LLG
5.243289687,-137.9955443,273.3859342,-829.717919,3541.544113,-2069.342806,LLG
4.451821266,-147.391715,281.3803933,-993.0921466,3553.632744,-1937.340267,LLG
3.655989249,-156.6423965,289.097134,-1155.487535,3562.213385,-1803.422366,LLG
2.856555652,-165.7384994,296.5286055,-1316.741204,3567.27944,-1667.728227,LLG
2.05433276,-174.6710071,303.6674093,-1476.696627,3568.82404,-1530.384812,LLG
1.250088962,-183.4311441,310.5065647,-1635.19334,3566.847526,-1391.534602,LLG
0.444641226,-192.0102254,317.0392579,-1792.07753,3561.349988,-1251.307696,LLG
-0.361238812,-200.3998243,323.2591062,-1947.19177,3552.338708,-1109.849402,LLG
-1.166732635,-208.5916215,329.1599071,-2100.385579,3539.820724,-967.2924095,LLG
-1.971068494,-216.5775724,334.7359015,-2251.505179,3523.810244,-823.7843083,LLG
-2.773429465,-224.3497562,339.9815224,-2400.404024,3504.321217,-679.4598308,LLG
-3.573046822,-231.9005421,344.8916571,-2546.932581,3481.374724,-534.4682904,LLG
-4.369108365,-239.2224392,349.4613958,-2690.948827,3454.991565,-388.9459035,LLG
-5.160851519,-246.3082608,353.6862927,-2832.308058,3425.199621,-243.0431461,LLG
-5.947471918,-253.150975,357.5621145,-2970.873343,3392.026451,-96.89715346,LLG
-6.728216242,-259.7438678,361.0850999,-3106.505364,3355.506632,49.34100264,LLG
-7.502291045,-266.0803938,364.2517087,-3239.072836,3315.674369,195.5338364,LLG
-8.26895532,-272.1543388,367.0588792,-3368.442368,3272.570804,341.5302493,LLG
-9.027429583,-277.9596694,369.5037776,-3494.488847,3226.236645,487.1929745,LLG
-9.776988158,-283.4906954,371.5840545,-3617.085324,3176.719447,632.3714563,LLG
-10.51686851,-288.7419195,373.2975938,-3736.113363,3124.06625,776.9292155,LLG
-11.24636324,-293.7081981,374.6427673,-3851.452951,3068.330842,920.7168064,LLG
-11.96472968,-298.3845915,375.6181847,-3962.992805,3009.566404,1063.599103,LLG
-12.67128161,-302.7665232,376.2229461,-4070.620308,2947.832749,1205.428332,LLG
-13.36529906,-306.8496302,376.456392,-4174.231782,2883.188985,1346.071281,LLG
-14.04611976,-310.6299216,376.3183546,-4273.722441,2815.70072,1485.382407,LLG
-14.71304923,-314.1036281,375.8089077,-4368.996631,2745.432747,1623.230962,LLG
-15.36545185,-317.26736,374.9286165,-4459.9578,2672.456219,1759.474181,LLG
-16.00266124,-320.1179568,373.6782872,-4546.518703,2596.841351,1893.984324,LLG
-16.62407106,-322.6526436,372.0592162,-4628.591397,2518.664567,2026.621938,LLG
-17.22904557,-324.8688806,370.072939,-4706.097401,2438.001219,2157.262825,LLG
-17.8170102,-326.7645189,367.721478,-4778.957714,2354.932709,2285.771369,LLG
-18.38736226,-328.3376497,365.0070918,-4847.10294,2269.539222,2412.027426,LLG
-18.93956129,-329.5867585,361.9325211,-4910.463323,2181.90682,2535.899728,LLG
-19.47303995,-330.5105745,358.5007382,-4968.978835,2092.1202,2657.272688,LLG
-19.98729412,-331.1082241,354.7151917,-5022.589231,2000.269755,2776.019874,LLG
-20.48179397,-331.3790794,350.5795557,-5071.244099,1906.444347,2892.030739,LLG
-20.95607377,-331.3229112,346.0979733,-5114.89293,1810.738351,3005.184163,LLG
-21.40964323,-330.9397369,341.2748058,-5153.495136,1713.244439,3115.375097,LLG
-21.84207692,-330.2299726,336.1148743,-5187.010138,1614.060602,3222.488186,LLG
-22.25292592,-329.1942809,330.6232098,-5215.40734,1513.282949,3326.424324,LLG
-22.64180691,-327.8337216,324.8052933,-5238.656242,1411.012706,3427.074346,LLG
-23.008314,-326.1495998,318.666805,-5256.736372,1307.349034,3524.345505,LLG
-23.35210757,-324.1436151,312.213864,-5269.627417,1202.396001,3618.135233,LLG
-23.67282629,-321.8177096,305.4527776,-5277.319123,1096.25542,3708.357535,LLG
-23.97017567,-319.1742163,298.3902791,-5279.801436,989.0337998,3794.916818,LLG
-24.24384027,-316.2157064,291.0332775,-5277.074365,880.8351975,3877.734203,LLG
-24.49357197,-312.945137,283.389094,-5269.138146,771.7681469,3956.721424,LLG
-24.7191024,-309.3656986,275.4652118,-5256.003062,661.9385317,4031.807056,LLG
-24.92023088,-305.4809608,267.2695114,-5237.679629,551.4564903,4102.910482,LLG
-25.09673705,-301.2947201,258.8100206,-5214.188375,440.4293077,4169.96804,LLG
-25.24846855,-296.8111451,250.0951481,-5185.550039,328.9682994,4232.907052,LLG
-25.37525385,-292.0346234,241.1334343,-5151.795325,217.1817213,4291.671896,LLG
-25.47698959,-286.9699059,231.9337834,-5112.955107,105.1816334,4346.198096,LLG
-25.55355364,-281.6219539,222.5052142,-5069.07015,-6.923171312,4396.438314,LLG
-25.60489213,-275.996082,212.8570918,-5020.181333,-119.0203239,4442.336506,LLG
-25.63093273,-270.0978055,202.9988776,-4966.339328,-231.0009305,4483.85383,LLG
-25.63167139,-263.9329821,192.9403604,-4907.59485,-342.7527498,4520.942868,LLG
-25.60708576,-257.5076589,182.691407,-4844.008291,-454.1672238,4553.573454,LLG
-25.55722169,-250.8282137,172.2621914,-4775.639989,-565.1326747,4581.706959,LLG
-25.48210683,-243.9012016,161.6629466,-4702.559824,-675.5413156,4605.322034,LLG
-25.38183684,-236.7334954,150.9041921,-4624.837513,-785.2824666,4624.388969,LLG
-25.25648918,-229.3321321,139.9964862,-4542.552159,-894.2495438,4638.895343,LLG
-25.10620901,-221.7044526,128.9506528,-4455.782571,-1002.333295,4648.820453,LLG
-24.93112322,-213.8579478,117.7775335,-4364.616774,-1109.428767,4654.160883,LLG
-24.73142598,-205.8003979,106.4882141,-4269.142346,-1215.428559,4654.904992,LLG
-24.50729302,-197.5397183,95.09377652,-4169.455897,-1320.22977,4651.058406,LLG
-24.25896684,-189.0840976,83.60552483,-4065.653421,-1423.727269,4642.618571,LLG
-23.98667123,-180.4418442,72.03473762,-3957.839741,-1525.820619,4629.600158,LLG
-23.69069618,-171.6215232,60.39289266,-3846.118875,-1626.407366,4612.009681,LLG
-23.37131253,-162.631803,48.69142032,-3730.603456,-1725.38994,4589.870824,LLG
-23.02885669,-153.4815914,36.9419272,-3611.40511,-1822.668963,4563.19912,LLG
-22.66364544,-144.1798827,25.15595005,-3488.643841,-1918.150125,4532.027197,LLG
-22.27606035,-134.7358923,13.3451787,-3362.438434,-2011.737506,4496.379521,LLG
-21.8664628,-125.1589046,1.521210543,-3232.915801,-2103.340436,4456.29756,LLG
-21.43527811,-115.4584067,-10.30422726,-3100.201405,-2192.866828,4411.814591,LLG
-20.98291074,-105.643936,-22.11952268,-2964.428575,-2280.230013,4362.980783,LLG
-20.50982815,-95.72521391,-33.91295728,-2825.728952,-2365.342094,4309.838069,LLG
-20.01647622,-85.71199336,-45.67295044,-2684.241762,-2448.120753,4252.445145,LLG
-19.50336279,-75.61419186,-57.38783848,-2540.104293,-2528.482622,4190.852409,LLG
-18.97097332,-65.44173907,-69.04611812,-2393.461131,-2606.350068,4125.126879,LLG
-18.4198541,-55.20470956,-80.63622623,-2244.454657,-2681.644573,4055.327194,LLG
-17.85052816,-44.91317052,-92.14678251,-2093.234259,-2754.293499,3981.528453,LLG
-17.26357819,-34.57731392,-103.5663698,-1939.94684,-2824.223484,3903.79728,LLG
-16.65956263,-24.20730459,-114.8837758,-1784.746005,-2891.367181,3822.216584,LLG
-16.03909835,-13.81341185,-126.0877743,-1627.782594,-2955.656664,3736.860686,LLG
-15.40277693,-3.40585789,-137.1673656,-1469.213832,-3017.030147,3647.820003,LLG
-14.75124705,7.005051018,-148.1115581,-1309.193888,-3075.425404,3555.176235,LLG
-14.085131,17.40907578,-158.9096086,-1147.883,-3130.786462,3459.026974,LLG
-13.40510683,27.79591372,-169.5508034,-985.4380477,-3183.057033,3359.460952,LLG
-12.71182501,38.15534939,-180.0246981,-822.0216551,-3232.187183,3256.582576,LLG
-12.00599031,48.47712422,-190.3208993,-657.7927885,-3278.126778,3150.487236,LLG
-11.28827875,58.75108688,-200.4293027,-492.9158241,-3320.832126,3041.285765,LLG
-10.55941916,68.96706323,-210.3398756,-327.5511766,-3360.259441,2929.079811,LLG
-9.820110323,79.11500627,-220.0428945,-161.8643368,-3396.371452,2813.986219,LLG
-9.07110233,89.18486633,-229.5287267,3.983474978,-3429.130883,2696.112471,LLG
-8.313113908,99.16674048,-238.7880677,169.8262978,-3458.50704,2575.580986,LLG
-7.546913525,109.0507431,-247.811723,335.5027506,-3484.469299,2452.504631,LLG
-6.773236934,118.8271545,-256.5908437,500.8470482,-3506.99367,2327.010942,LLG
-5.992868025,128.4862919,-265.1167097,665.698295,-3526.056295,2199.2177,LLG
-5.206556591,138.0186576,-273.3809631,829.8915268,-3541.639987,2069.257079,LLG
-4.415098936,147.4148096,-281.375392,993.2669774,-3553.727744,1937.251287,LLG
-3.619255852,156.6655097,-289.0921629,1155.661145,-3562.309259,1803.336635,LLG
-2.819832991,165.761594,-296.5236043,1316.916034,-3567.374442,1667.639252,LLG
-2.017599066,174.6941203,-303.6624382,1476.87024,-3568.919912,1530.299076,LLG
-1.213365977,183.4542387,-310.5015635,1635.368169,-3566.942529,1391.445632,LLG
-0.407907241,192.0333385,-317.0342867,1792.251145,-3561.445858,1251.221956,LLG
0.397962117,200.4229189,-323.2541051,1947.366598,-3552.433712,1109.760436,LLG
1.203466906,208.6147346,-329.154936,2100.559197,-3539.916593,967.206665,LLG
2.007792114,216.600667,-334.7309005,2251.680006,-3523.905249,823.6953473,LLG
2.810164017,224.3728691,-339.9765513,2400.577644,-3504.417084,679.3740819,LLG
3.609770752,231.9236367,-344.8866561,2547.107406,-3481.46973,534.3793342,LLG
4.405843193,239.2455521,-349.4564246,2691.12245,-3455.087431,388.8601502,LLG
5.197575752,246.3313554,-353.6812918,2832.482882,-3425.294628,242.9541947,LLG
5.984207018,253.1740878,-357.5571433,2971.046968,-3392.122315,96.81139576,LLG
6.764940776,259.7669624,-361.0800991,3106.680188,-3355.60164,-49.42994935,LLG
7.539026411,266.1035066,-364.2467375,3239.246464,-3315.770232,-195.6195985,LLG
8.305680148,272.1774333,-367.0538784,3368.61719,-3272.665813,-341.6191912,LLG
9.06416521,277.9827821,-369.4988064,3494.662476,-3226.332507,-487.278741,LLG
9.813713275,283.5137899,-371.5790539,3617.260145,-3176.814457,-632.4603935,LLG
10.55360439,288.7650321,-373.2926226,3736.286995,-3124.162111,-777.0149863,LLG
11.28308864,293.7312927,-374.6377667,3851.627771,-3068.425853,-920.8057388,LLG
12.00146582,298.4077041,-375.6132134,3963.166439,-3009.662263,-1063.684878,LLG
12.70800729,302.7896178,-376.2179456,4070.795127,-2947.927761,-1205.51726,LLG
13.40203544,306.8727428,-376.4514207,4174.405418,-2883.284843,-1346.157061,LLG
14.08284572,310.6530161,-376.3133542,4273.897259,-2815.795733,-1485.47133,LLG
14.74978585,314.1267405,-375.8039365,4369.170269,-2745.528603,-1623.316746,LLG
15.40217808,317.2904546,-374.9236161,4460.132616,-2672.551233,-1759.563099,LLG
16.0393981,320.1410692,-373.6733159,4546.692344,-2596.937206,-1894.070112,LLG
16.66079755,322.6757381,-372.0542159,4628.766212,-2518.759582,-2026.710852,LLG
17.26578267,324.8919929,-370.0679677,4706.271044,-2438.097073,-2157.348617,LLG
17.85373696,326.7876135,-367.7164778,4779.132528,-2355.027725,-2285.860277,LLG
18.42409959,328.360762,-365.0021205,4847.276585,-2269.635073,-2412.113222,LLG
18.9762883,329.609853,-361.9275209,4910.638135,-2182.001838,-2535.988632,LLG
19.50977751,330.5336867,-358.4957669,4969.152482,-2092.21605,-2657.358489,LLG
20.02402138,331.1313186,-354.7101916,5022.764043,-2000.364773,-2776.108774,LLG
20.51853175,331.4021916,-350.5745844,5071.417748,-1906.540195,-2892.116544,LLG
20.99280129,331.3460057,-346.0929733,5115.06774,-1810.83337,-3005.273058,LLG
21.44638122,330.9628491,-341.2698344,5153.668787,-1713.340287,-3115.460907,LLG
21.87880468,330.2530671,-336.1098743,5187.184947,-1614.155622,-3222.577077,LLG
22.28966412,329.217393,-330.6182385,5215.580993,-1513.378795,-3326.510138,LLG
22.67853491,327.8568161,-324.8002934,5238.831049,-1411.107727,-3427.163231,LLG
23.04505241,326.1727118,-318.6618336,5256.910026,-1307.444879,-3524.431323,LLG
23.3888358,324.1667096,-312.2088641,5269.802223,-1202.491023,-3618.224114,LLG
23.7095649,321.8408216,-305.4478062,5277.49278,-1096.351263,-3708.443357,LLG
24.00690413,319.1973107,-298.3852793,5279.976241,-989.1288228,-3795.005694,LLG
24.28057908,316.2388183,-291.0283061,5277.248024,-880.9310392,-3877.820029,LLG
24.53030066,312.9682315,-283.3840943,5269.312949,-771.8631708,-3956.810295,LLG
24.75584141,309.3888104,-275.4602404,5256.176723,-662.034372,-4031.892886,LLG
24.95695979,305.5040552,-267.2645118,5237.854431,-551.5515151,-4102.99935,LLG
25.13347625,301.3178319,-258.8050491,5214.362037,-440.5251466,-4170.053874,LLG
25.28519768,296.8342396,-250.0901485,5185.72484,-329.0633251,-4232.995915,LLG
25.41199324,292.0577352,-241.1284628,5151.968989,-217.2775588,-4291.757734,LLG
25.51371894,286.9930004,-231.9287838,5113.129907,-105.2766601,-4346.286954,LLG
25.59029321,281.6450656,-222.5002427,5069.243816,6.827335221,-4396.524156,LLG
25.64162169,276.0191765,-212.8520923,5020.35613,118.9252963,-4442.42536,LLG
25.66767248,270.1209172,-202.9939061,4966.512996,230.9050958,-4483.939676,LLG
25.66840115,263.9560766,-192.935361,4907.769647,342.6577213,-4521.031717,LLG
25.64382569,257.5307705,-182.6864354,4844.181961,454.0713905,-4553.659304,LLG
25.59395165,250.8513082,-172.2571921,4775.814783,565.0376453,-4581.795803,LLG
25.51884693,243.9243132,-161.657975,4702.733496,675.4454838,-4605.407889,LLG
25.41856701,236.7565899,-150.8991929,4625.012306,785.1874363,-4624.477809,LLG
25.29322945,229.3552436,-139.9915147,4542.725833,894.1537133,-4638.981202,LLG
25.14293938,221.727547,-128.9456536,4455.957363,1002.238264,-4648.909289,LLG
24.96786365,213.8810593,-117.7725619,4364.790449,1109.332938,-4654.246745,LLG
24.76815654,205.8234924,-106.4832149,4269.317136,1215.333527,-4654.993822,LLG
24.54403361,197.5628298,-95.08880487,4169.629574,1320.133943,-4651.144273,LLG
24.29569758,189.1071921,-83.60052571,4065.82821,1423.632236,-4642.707397,LLG
24.02341198,180.4649556,-72.02976595,3958.013419,1525.724793,-4629.686028,LLG
23.7274271,171.6446177,-60.38789359,3846.293663,1626.312332,-4612.098502,LLG
23.40805343,162.6549143,-48.68644863,3730.777136,1725.294116,-4589.956698,LLG
23.06558779,153.5046859,-36.93692818,3611.579896,1822.573929,-4563.287937,LLG
22.70038649,144.2029939,-25.15097834,3488.817523,1918.054301,-4532.113075,LLG
22.31279163,134.7589869,-13.34017973,3362.613219,2011.642471,-4496.468333,LLG
21.903204,125.1820159,-1.516238805,3233.089484,2103.244614,-4456.383442,LLG
21.47200956,115.4815012,10.30922617,3100.376188,2192.771792,-4411.903399,LLG
21.01965208,105.6670472,22.12449444,2964.602261,2280.134193,-4363.066669,LLG
20.54655977,95.74830843,33.91795613,2825.903733,2365.247057,-4309.926872,LLG
20.0532177,85.73510452,45.67792222,2684.415449,2448.024934,-4252.531035,LLG
19.54009458,75.63728637,57.39283728,2540.279072,2528.387584,-4190.941208,LLG
19.00771494,65.46485018,69.05108993,2393.634819,2606.25425,-4125.212773,LLG
18.45658606,55.22780408,80.64122498,2244.629435,2681.549534,-4055.415989,LLG
17.88726992,44.93628158,92.15175434,2093.407949,2754.197683,-3981.614351,LLG
17.30031031,34.60040845,103.5713685,1940.121616,2824.128445,-3903.88607,LLG
16.69630452,24.23041562,114.8887477,1784.919696,2891.271366,-3822.302486,LLG
16.07583063,13.83650639,126.0927729,1627.957369,2955.561623,-3736.949472,LLG
15.43951894,3.428968875,137.1723375,1469.387524,3016.934333,-3647.905909,LLG
14.78797947,-6.981956477,148.1165567,1309.368662,3075.330363,-3555.265017,LLG
14.12187314,-17.38596484,158.9145805,1148.056694,3130.69065,-3459.112883,LLG
13.44183941,-27.77281917,169.555802,985.6128194,3182.961991,-3359.549729,LLG
12.74856726,-38.13223849,180.0296701,822.1953508,3232.091372,-3256.668489,LLG
12.04272304,-48.45402967,190.3258978,657.9675585,3278.031735,-3150.576009,LLG
11.32502113,-58.72797602,200.4342746,493.0895212,3320.736317,-3041.371682,LLG
10.59615203,-68.94396868,210.3448741,327.725945,3360.164397,-2929.168579,LLG
9.85685281,-79.09189545,220.0478665,162.0380353,3396.275644,-2814.07214,LLG
9.107835333,-89.16177176,229.5337251,-3.808708248,3429.035838,-2696.201235,LLG
8.349856505,-99.1436297,238.7930397,-169.6525978,3458.411233,-2575.666911,LLG
7.583646666,-109.0276485,247.8167213,-335.3279855,3484.374254,-2452.59339,LLG
6.80997964,-118.8040437,256.5958158,-500.6733469,3506.897865,-2327.09687,LLG
6.029601299,-128.4631973,265.121708,-665.5235316,3525.961248,-2199.306455,LLG
5.243299402,-137.9955469,273.3859352,-829.7178241,3541.544183,-2069.343012,LLG
4.451832341,-147.3917151,281.3803902,-993.0922157,3553.632697,-1937.340038,LLG
3.655998765,-156.6423991,289.097135,-1155.487441,3562.213456,-1803.422571,LLG
2.856566524,-165.7384994,296.5286025,-1316.741274,3567.279394,-1667.727999,LLG
2.054342078,-174.6710096,303.6674103,-1476.696535,3568.824111,-1530.385016,LLG
1.250099635,-183.4311441,310.5065617,-1635.193411,3566.847481,-1391.534374,LLG
0.44465035,-192.010228,317.0392589,-1792.077439,3561.350058,-1251.3079,LLG
-0.361228337,-200.3998243,323.2591032,-1947.191842,3552.338662,-1109.849174,LLG
-1.166723704,-208.591624,329.1599082,-2100.385489,3539.820795,-967.2926124,LLG
-1.971058215,-216.5775724,334.7358986,-2251.505251,3523.810199,-823.784081,LLG
-2.773420724,-224.3497586,339.9815235,-2400.403934,3504.321287,-679.460033,LLG
-3.573036737,-231.9005421,344.8916541,-2546.932653,3481.374679,-534.4680636,LLG
-4.369099812,-239.2224416,349.4613969,-2690.948739,3454.991635,-388.946105,LLG
-5.160841624,-246.3082608,353.6862898,-2832.308131,3425.199576,-243.0429198,LLG
-5.947463552,-253.1509773,357.5621156,-2970.873256,3392.026521,-96.89735425,LLG
-6.728206537,-259.7438677,361.0850971,-3106.505438,3355.506587,49.34122845,LLG
-7.502282863,-266.0803962,364.2517098,-3239.072751,3315.674439,195.5336363,LLG
-8.268945802,-272.1543387,367.0588763,-3368.442442,3272.570759,341.5304746,LLG
-9.027421583,-277.9596717,369.5037788,-3494.488762,3226.236715,487.1927751,LLG
-9.776978824,-283.4906953,371.5840517,-3617.085398,3176.719403,632.3716811,LLG
-10.51686069,-288.7419218,373.2975949,-3736.11328,3124.06632,776.9290169,LLG
-11.24635409,-293.708198,374.6427645,-3851.453026,3068.330798,920.7170306,LLG
-11.96472204,-298.3845938,375.6181858,-3962.992722,3009.566474,1063.598905,LLG
-12.67127264,-302.7665231,376.2229433,-4070.620384,2947.832706,1205.428556,LLG
-13.36529159,-306.8496325,376.4563932,-4174.2317,2883.189055,1346.071084,LLG
-14.04611097,-310.6299214,376.3183519,-4273.722518,2815.700677,1485.38263,LLG
-14.71304193,-314.1036303,375.8089089,-4368.99655,2745.432817,1623.230766,LLG
-15.36544323,-317.2673599,374.9286138,-4459.957877,2672.456176,1759.474404,LLG
-16.00265411,-320.117959,373.6782884,-4546.518624,2596.841421,1893.984128,LLG
-16.62406262,-322.6526434,372.0592135,-4628.591475,2518.664524,2026.62216,LLG
-17.22903862,-324.8688828,370.0729402,-4706.097323,2438.001289,2157.262629,LLG
-17.81700193,-326.7645187,367.7214754,-4778.957792,2354.932667,2285.77159,LLG
-18.38735548,-328.3376519,365.007093,-4847.102862,2269.539291,2412.027231,LLG
-18.93955319,-329.5867583,361.9325184,-4910.463402,2181.906778,2535.899949,LLG
-19.47303333,-330.5105766,358.5007394,-4968.978759,2092.120269,2657.272494,LLG
-19.98728619,-331.1082238,354.7151891,-5022.589311,2000.269713,2776.020095,LLG
-20.48178752,-331.3790816,350.579557,-5071.244023,1906.444416,2892.030546,LLG
-20.95606601,-331.322911,346.0979708,-5114.89301,1810.738309,3005.184383,LLG
-21.40963693,-330.9397391,341.274807,-5153.495062,1713.244508,3115.374905,LLG
-21.84206932,-330.2299723,336.1148717,-5187.010219,1614.060561,3222.488406,LLG
-22.25291979,-329.194283,330.6232111,-5215.407267,1513.283019,3326.424132,LLG
-22.64179947,-327.8337213,324.8052907,-5238.656323,1411.012665,3427.074565,LLG
-23.00830802,-326.1496019,318.6668062,-5256.736299,1307.349103,3524.345314,LLG
-23.3521003,-324.1436148,312.2138615,-5269.627499,1202.39596,3618.135452,LLG
-23.67282047,-321.8177117,305.4527789,-5277.319052,1096.255489,3708.357344,LLG
-23.97016855,-319.174216,298.3902766,-5279.801518,989.0337589,3794.917036,LLG
-24.2438346,-316.2157084,291.0332788,-5277.074294,880.8352663,3877.734013,LLG
-24.49356502,-312.9451367,283.3890915,-5269.138228,771.7681062,3956.721641,LLG
-24.71909689,-309.3657006,275.4652131,-5256.002993,661.9386004,4031.806867,LLG
-24.92022408,-305.4809604,267.269509,-5237.679712,551.4564498,4102.910699,LLG
-25.09673169,-301.2947221,258.8100219,-5214.188306,440.4293764,4169.967851,LLG
-25.2484619,-296.8111448,250.0951457,-5185.550123,328.9682591,4232.907269,LLG
-25.37524864,-292.0346254,241.1334356,-5151.795257,217.1817899,4291.671708,LLG
-25.4769831,-286.9699056,231.933781,-5112.955191,105.1815933,4346.198312,LLG
-25.55354857,-281.6219558,222.5052156,-5069.070082,-6.923102828,4396.438127,LLG
-25.60488579,-275.9960817,212.8570894,-5020.181417,-119.0203638,4442.336722,LLG
-25.63092781,-270.0978075,202.998879,-4966.339262,-231.0008621,4483.853643,LLG
-25.63166519,-263.9329817,192.940358,-4907.594935,-342.7527895,4520.943083,LLG
-25.60708099,-257.5076608,182.6914083,-4844.008226,-454.1671555,4553.573267,LLG
-25.55721564,-250.8282133,172.2621891,-4775.640074,-565.1327141,4581.707173,LLG
-25.4821022,-243.9012035,161.662948,-4702.55976,-675.5412475,4605.321849,LLG
-25.38183094,-236.733495,150.9041898,-4624.837598,-785.2825058,4624.389183,LLG
-25.25648469,-229.332134,139.9964876,-4542.552096,-894.2494757,4638.895159,LLG
-25.10620326,-221.7044522,128.9506505,-4455.782657,-1002.333334,4648.820667,LLG
-24.93111887,-213.8579497,117.7775349,-4364.616711,-1109.428699,4654.160699,LLG
-24.73142037,-205.8003976,106.4882118,-4269.142433,-1215.428598,4654.905205,LLG
-24.5072888,-197.5397202,95.0937779,-4169.455836,-1320.229702,4651.058223,LLG
-24.25896137,-189.0840972,83.60552254,-4065.653509,-1423.727308,4642.618784,LLG
-23.98666715,-180.4418461,72.034739,-3957.83968,-1525.820551,4629.599975,LLG
-23.69069084,-171.6215228,60.39289039,-3846.118963,-1626.407404,4612.009893,LLG
-23.37130858,-162.6318048,48.69142172,-3730.603396,-1725.389873,4589.870641,LLG
-23.02885149,-153.481591,36.94192494,-3611.405198,-1822.669001,4563.199331,LLG
-22.66364163,-144.1798845,25.15595145,-3488.643782,-1918.150057,4532.027015,LLG
-22.27605528,-134.7358919,13.34517645,-3362.438523,-2011.737544,4496.379731,LLG
-21.86645912,-125.1589064,1.521211946,-3232.915742,-2103.340369,4456.297378,LLG
-21.43527318,-115.4584063,-10.30422949,-3100.201494,-2192.866866,4411.814801,LLG
-20.98290719,-105.6439378,-22.11952127,-2964.428518,-2280.229946,4362.980602,LLG
-20.50982335,-95.72521347,-33.91295949,-2825.729041,-2365.342131,4309.838278,LLG
-20.01647279,-85.71199515,-45.67294903,-2684.241706,-2448.120686,4252.444965,LLG
-19.50335813,-75.61419141,-57.38784067,-2540.104382,-2528.48266,4190.852618,LLG
-18.97097002,-65.44174084,-69.0461167,-2393.461075,-2606.350001,4125.1267,LLG
-18.41984957,-55.20470911,-80.63622841,-2244.454747,-2681.64461,4055.327403,LLG
-17.85052499,-44.91317228,-92.14678109,-2093.234204,-2754.293432,3981.528274,LLG
-17.26357379,-34.57731347,-103.5663719,-1939.94693,-2824.223522,3903.797488,LLG
-16.65955959,-24.20730634,-114.8837744,-1784.745951,-2891.367114,3822.216406,LLG
-16.03909407,-13.81341139,-126.0877764,-1627.782684,-2955.656701,3736.860894,LLG
-15.402774,-3.405859629,-137.1673641,-1469.213778,-3017.03008,3647.819825,LLG
-14.75124289,7.005051483,-148.1115603,-1309.193979,-3075.425441,3555.176442,LLG
-14.0851282,17.40907406,-158.9096071,-1147.882947,-3130.786396,3459.026796,LLG
-13.4051028,27.79591419,-169.5508055,-985.4381392,-3183.05707,3359.461159,LLG
-12.71182232,38.15534768,-180.0246967,-822.0216029,-3232.187116,3256.582399,LLG
-12.00598641,48.4771247,-190.3209014,-657.7928803,-3278.126814,3150.487442,LLG
-11.28827619,58.75108517,-200.4293012,-492.9157726,-3320.83206,3041.285589,LLG
-10.55941537,68.96706371,-210.3398778,-327.5512688,-3360.259477,2929.080017,LLG
-9.820107872,79.11500457,-220.042893,-161.8642861,-3396.371386,2813.986044,LLG
-9.071098661,89.18486681,-229.5287288,3.983382513,-3429.130919,2696.112676,LLG
-8.313111573,99.1667388,-238.7880663,169.8263477,-3458.506974,2575.580811,LLG
-7.546909975,109.0507436,-247.811725,335.5026578,-3484.469335,2452.504835,LLG
-6.773234713,118.8271528,-256.5908423,500.8470974,-3506.993604,2327.010768,LLG
-5.992864592,128.4862924,-265.1167117,665.6982019,-3526.05633,2199.217904,LLG
-5.206554483,138.0186559,-273.3809616,829.8915753,-3541.639921,2069.256906,LLG
-4.415095619,147.4148101,-281.375394,993.2668839,-3553.72778,1937.25149,LLG
-3.619253855,156.6655081,-289.0921614,1155.661193,-3562.309193,1803.336462,LLG
-2.819829788,165.7615945,-296.5236063,1316.91594,-3567.374477,1667.639455,LLG
-2.017597179,174.6941186,-303.6624367,1476.870287,-3568.919846,1530.298903,LLG
-1.213362887,183.4542392,-310.5015655,1635.368075,-3566.942565,1391.445834,LLG
-0.407905463,192.0333369,-317.0342853,1792.251192,-3561.445792,1251.221784,LLG
0.397965095,200.4229194,-323.2541071,1947.366504,-3552.433747,1109.760638,LLG
1.203468577,208.6147329,-329.1549345,2100.559243,-3539.916528,967.2064936,LLG
2.007794982,216.6006675,-334.7309025,2251.679911,-3523.905284,823.6955486,LLG
2.810165581,224.3728675,-339.9765498,2400.577689,-3504.417019,679.373911,LLG
3.60977351,231.9236372,-344.8866581,2547.107311,-3481.469765,534.3795349,LLG
4.405844652,239.2455505,-349.4564232,2691.122494,-3455.087366,388.8599799,LLG
5.197578403,246.3313559,-353.6812938,2832.482787,-3425.294662,242.9543949,LLG
5.984208373,253.1740862,-357.5571419,2971.047011,-3392.12225,96.81122598,LLG
6.764943319,259.7669629,-361.0801011,3106.680092,-3355.601674,-49.42974961,LLG
7.539027664,266.103505,-364.2467361,3239.246506,-3315.770167,-195.6197677,LLG
8.305682586,272.1774339,-367.0538804,3368.617094,-3272.665847,-341.618992,LLG
9.064166362,277.9827805,-369.498805,3494.662518,-3226.332442,-487.2789097,LLG
9.813715609,283.5137904,-371.5790559,3617.260049,-3176.814491,-632.4601948,LLG
10.55360544,288.7650305,-373.2926211,3736.287037,-3124.162046,-777.0151545,LLG
11.28309087,293.7312932,-374.6377687,3851.627674,-3068.425887,-920.8055406,LLG
12.00146677,298.4077025,-375.613212,3963.16648,-3009.662199,-1063.685046,LLG
12.70800942,302.7896183,-376.2179475,4070.79503,-2947.927795,-1205.517062,LLG
13.40203629,306.8727412,-376.4514193,4174.405458,-2883.284778,-1346.157228,LLG
14.08284775,310.6530166,-376.3133562,4273.897162,-2815.795767,-1485.471133,LLG
14.74978661,314.126739,-375.803935,4369.170309,-2745.528539,-1623.316913,LLG
15.40218001,317.2904551,-374.923618,4460.132519,-2672.551267,-1759.562902,LLG
16.03939876,320.1410676,-373.6733145,4546.692383,-2596.937142,-1894.070278,LLG
16.66079938,322.6757386,-372.0542178,4628.766115,-2518.759616,-2026.710655,LLG
17.26578324,324.8919914,-370.0679663,4706.271082,-2438.097009,-2157.348782,LLG
17.85373869,326.787614,-367.7164797,4779.13243,-2355.027759,-2285.860082,LLG
18.42410006,328.3607604,-365.0021191,4847.276622,-2269.635009,-2412.113387,LLG
18.97628993,329.6098535,-361.9275228,4910.638038,-2182.001871,-2535.988437,LLG
19.50977789,330.5336852,-358.4957654,4969.152519,-2092.215987,-2657.358653,LLG
20.02402292,331.1313191,-354.7101935,5022.763945,-2000.364806,-2776.108579,LLG
20.51853204,331.4021901,-350.574583,5071.417784,-1906.540132,-2892.116708,LLG
20.99280273,331.3460062,-346.0929752,5115.067642,-1810.833403,-3005.272863,LLG
21.44638142,330.9628475,-341.269833,5153.668823,-1713.340223,-3115.46107,LLG
21.87880603,330.2530676,-336.1098762,5187.184848,-1614.155655,-3222.576883,LLG
22.28966423,329.2173914,-330.618237,5215.581028,-1513.378732,-3326.510301,LLG
22.67853617,327.8568166,-324.8002952,5238.83095,-1411.10776,-3427.163038,LLG
23.04505243,326.1727103,-318.6618322,5256.910061,-1307.444815,-3524.431485,LLG
23.38883697,324.1667101,-312.208866,5269.802124,-1202.491055,-3618.223921,LLG
23.70956484,321.8408201,-305.4478048,5277.492814,-1096.3512,-3708.443519,LLG
24.00690521,319.1973113,-298.3852812,5279.976142,-989.1288549,-3795.005502,LLG
24.28057893,316.2388168,-291.0283047,5277.248057,-880.9309763,-3877.82019,LLG
24.53030165,312.968232,-283.3840961,5269.31285,-771.8632028,-3956.810104,LLG
24.75584118,309.3888089,-275.460239,5256.176756,-662.0343092,-4031.893047,LLG
24.95696069,305.5040557,-267.2645137,5237.854332,-551.551547,-4102.999158,LLG
25.13347593,301.3178304,-258.8050477,5214.362069,-440.525084,-4170.054034,LLG
25.2851985,296.8342401,-250.0901504,5185.72474,-329.0633569,-4232.995724,LLG
25.41199284,292.0577337,-241.1284614,5151.969021,-217.2774963,-4291.757894,LLG
25.51371967,286.9930009,-231.9287857,5113.129806,-105.2766917,-4346.286764,LLG
25.59029272,281.6450641,-222.5002413,5069.243847,6.827397586,-4396.524316,LLG
25.64162233,276.019177,-212.8520942,5020.35603,118.9252649,-4442.42517,LLG
25.66767192,270.1209157,-202.9939047,4966.513026,230.9051581,-4483.939835,LLG
25.66840171,263.9560771,-192.9353628,4907.769546,342.65769,-4521.031528,LLG
25.64382504,257.530769,-182.686434,4844.181991,454.0714526,-4553.659462,LLG
25.59395213,250.8513087,-172.2571939,4775.814683,565.0376141,-4581.795614,LLG
25.51884621,243.9243117,-161.6579736,4702.733525,675.4455458,-4605.408046,LLG
25.4185674,236.7565904,-150.8991947,4625.012205,785.1874052,-4624.477621,LLG
25.29322865,229.3552422,-139.9915133,4542.725862,894.1537751,-4638.981359,LLG
25.14293969,221.7275475,-128.9456554,4455.957262,1002.238233,-4648.909101,LLG
24.96786277,213.8810578,-117.7725605,4364.790477,1109.332999,-4654.246902,LLG
24.76815677,205.8234929,-106.4832167,4269.317035,1215.333496,-4654.993635,LLG
24.54403265,197.5628283,-95.0888035,4169.629602,1320.134004,-4651.144429,LLG
24.29569774,189.1071926,-83.60052751,4065.828109,1423.632206,-4642.707211,LLG
24.02341095,180.4649541,-72.02976458,3958.013446,1525.724854,-4629.686184,LLG
23.72742718,171.6446182,-60.38789539,3846.293561,1626.312302,-4612.098316,LLG
23.40805232,162.6549128,-48.68644726,3730.777163,1725.294177,-4589.956853,LLG
23.06558779,153.5046864,-36.93692998,3611.579795,1822.573898,-4563.287751,LLG
22.70038531,144.2029925,-25.15097697,3488.817549,1918.054363,-4532.11323,LLG
22.31279155,134.7589873,-13.34018153,3362.613117,2011.642441,-4496.468148,LLG
21.90320275,125.1820144,-1.516237445,3233.08951,2103.244675,-4456.383596,LLG
21.47200941,115.4815017,10.30922438,3100.376086,2192.771762,-4411.903214,LLG
21.01965076,105.6670457,22.1244958,2964.602286,2280.134253,-4363.066823,LLG
20.54655954,95.7483089,33.91795435,2825.903631,2365.247026,-4309.926688,LLG
20.05321631,85.73510306,45.67792358,2684.415474,2448.024995,-4252.531188,LLG
19.54009428,75.63728685,57.3928355,2540.27897,2528.387554,-4190.941025,LLG
19.00771347,65.46484872,69.05109128,2393.634843,2606.254311,-4125.212926,LLG
18.45658568,55.22780455,80.6412232,2244.629333,2681.549504,-4055.415806,LLG
17.88726838,44.93628013,92.15175568,2093.407972,2754.197743,-3981.614504,LLG
17.30030986,34.60040891,103.5713667,1940.121514,2824.128415,-3903.885888,LLG
16.69630291,24.23041417,114.888749,1784.919719,2891.271426,-3822.302638,LLG
16.07583011,13.83650685,126.0927712,1627.957266,2955.561594,-3736.94929,LLG
15.43951726,3.428967429,137.1723388,1469.387547,3016.934393,-3647.90606,LLG
14.78797888,-6.981956018,148.1165549,1309.368559,3075.330333,-3555.264835,LLG
14.1218714,-17.38596628,158.9145818,1148.056716,3130.69071,-3459.113034,LLG
13.44183875,-27.77281872,169.5558002,985.6127164,3182.961962,-3359.549548,LLG
12.74856546,-38.13223993,180.0296714,822.1953723,3232.091432,-3256.66864,LLG
12.04272231,-48.45402922,190.325896,657.9674554,3278.031705,-3150.575828,LLG
11.32501925,-58.72797746,200.4342759,493.0895422,3320.736377,-3041.371832,LLG
10.59615123,-68.94396823,210.3448723,327.7258418,3360.164368,-2929.168399,LLG
9.856850872,-79.09189689,220.0478678,162.0380558,3396.275703,-2814.07229,LLG
9.107834468,-89.16177132,229.5337234,-3.80881164,3429.035809,-2696.201055,LLG
8.349854503,-99.14363114,238.793041,-169.6525778,3458.411293,-2575.66706,LLG
7.583645734,-109.0276481,247.8167196,-335.328089,3484.374225,-2452.593211,LLG
6.809977574,-118.8040452,256.5958171,-500.6733273,3506.897924,-2327.097019,LLG
6.029600301,-128.4631969,265.1217062,-665.5236353,3525.96122,-2199.306277,LLG
5.243297275,-137.9955483,273.3859364,-829.717805,3541.544242,-2069.34316,LLG
4.451831278,-147.3917146,281.3803885,-993.0923194,3553.632669,-1937.339859,LLG
3.655996576,-156.6424005,289.0971363,-1155.487423,3562.213515,-1803.422719,LLG
2.856565396,-165.738499,296.5286007,-1316.741378,3567.279365,-1667.727821,LLG
2.054339828,-174.6710111,303.6674116,-1476.696517,3568.82417,-1530.385163,LLG
1.250098443,-183.4311437,310.5065599,-1635.193515,3566.847452,-1391.534197,LLG
0.444648038,-192.0102294,317.0392602,-1792.077421,3561.350117,-1251.308046,LLG
-0.361229592,-200.3998239,323.2591015,-1947.191946,3552.338634,-1109.848997,LLG
-1.166726075,-208.5916254,329.1599094,-2100.385472,3539.820854,-967.2927588,LLG
-1.971059533,-216.5775719,334.7358968,-2251.505355,3523.810171,-823.7839045,LLG
-2.773423154,-224.34976,339.9815248,-2400.403918,3504.321346,-679.4601789,LLG
-3.573038116,-231.9005417,344.8916524,-2546.932758,3481.374651,-534.4678876,LLG
-4.3691023,-239.2224431,349.4613981,-2690.948723,3454.991694,-388.9462505,LLG
-5.160843064,-246.3082604,353.6862881,-2832.308235,3425.199548,-243.0427443,LLG
-5.947466098,-253.1509788,357.5621169,-2970.87324,3392.026579,-96.89749929,LLG
-6.728208037,-259.7438673,361.0850954,-3106.505542,3355.506559,49.34140349,LLG
-7.502285465,-266.0803976,364.2517111,-3239.072735,3315.674497,195.5334917,LLG
-8.268947362,-272.1543383,367.0588746,-3368.442547,3272.570732,341.5306491,LLG
-9.027424241,-277.9596731,369.50378,-3494.488747,3226.236773,487.192631,LLG
-9.776980443,-283.4906949,371.58405,-3617.085503,3176.719375,632.3718552,LLG
-10.5168634,-288.7419232,373.2975961,-3736.113265,3124.066378,776.9288732,LLG
-11.24635576,-293.7081976,374.6427628,-3851.453131,3068.33077,920.7172043,LLG
-11.96472481,-298.3845952,375.618187,-3962.992708,3009.566532,1063.598762,LLG
-12.67127437,-302.7665227,376.2229416,-4070.620489,2947.832678,1205.428729,LLG
-13.36529441,-306.8496339,376.4563944,-4174.231687,2883.189113,1346.070941,LLG
-14.04611276,-310.6299211,376.3183502,-4273.722623,2815.70065,1485.382803,LLG
-14.71304481,-314.1036317,375.8089101,-4368.996537,2745.432874,1623.230624,LLG
-15.36544508,-317.2673595,374.9286121,-4459.957982,2672.456149,1759.474576,LLG
-16.00265704,-320.1179604,373.6782896,-4546.518611,2596.841478,1893.983986,LLG
-16.62406452,-322.652643,372.0592118,-4628.59158,2518.664497,2026.622332,LLG
-17.2290416,-324.8688842,370.0729414,-4706.09731,2438.001346,2157.262488,LLG
-17.81700389,-326.7645184,367.7214737,-4778.957897,2354.93264,2285.771762,LLG
-18.38735851,-328.3376533,365.0070942,-4847.10285,2269.539348,2412.02709,LLG
-18.9395552,-329.5867579,361.9325167,-4910.463507,2181.906751,2535.90012,LLG
-19.47303642,-330.5105781,358.5007406,-4968.978747,2092.120326,2657.272353,LLG
-19.98728826,-331.1082235,354.7151874,-5022.589416,2000.269686,2776.020265,LLG
-20.48179065,-331.379083,350.5795582,-5071.244012,1906.444473,2892.030406,LLG
-20.95606813,-331.3229106,346.0979691,-5114.893115,1810.738282,3005.184553,LLG
-21.40964012,-330.9397405,341.2748082,-5153.495051,1713.244565,3115.374765,LLG
-21.8420715,-330.229972,336.11487,-5187.010324,1614.060534,3222.488576,LLG
-22.25292302,-329.1942844,330.6232123,-5215.407256,1513.283075,3326.423993,LLG
-22.6418017,-327.833721,324.805289,-5238.656428,1411.012639,3427.074734,LLG
-23.00831131,-326.1496033,318.6668074,-5256.736289,1307.349159,3524.345175,LLG
-23.35210257,-324.1436145,312.2138598,-5269.627604,1202.395933,3618.13562,LLG
-23.6728238,-321.8177131,305.4527801,-5277.319042,1096.255545,3708.357206,LLG
-23.97017088,-319.1742156,298.3902749,-5279.801624,989.0337328,3794.917204,LLG
-24.24383798,-316.2157098,291.03328,-5277.074285,880.8353226,3877.733875,LLG
-24.49356739,-312.9451364,283.3890898,-5269.138334,771.7680802,3956.721809,LLG
-24.71910032,-309.365702,275.4652143,-5256.002984,661.9386565,4031.806729,LLG
-24.9202265,-305.4809601,267.2695073,-5237.679818,551.4564239,4102.910867,LLG
-25.09673516,-301.2947235,258.8100231,-5214.188297,440.4294324,4169.967714,LLG
-25.24846438,-296.8111445,250.095144,-5185.550229,328.9682333,4232.907436,LLG
-25.37525216,-292.0346268,241.1334367,-5151.795248,217.1818457,4291.671571,LLG
-25.47698562,-286.9699052,231.9337793,-5112.955297,105.1815677,4346.198479,LLG
-25.55355214,-281.6219572,222.5052167,-5069.070075,-6.923047133,4396.43799,LLG
-25.60488836,-275.9960813,212.8570877,-5020.181523,-119.0203893,4442.336888,LLG
-25.63093142,-270.0978089,202.9988801,-4966.339254,-231.0008066,4483.853507,LLG
-25.63166782,-263.9329814,192.9403564,-4907.595041,-342.7528149,4520.943249,LLG
-25.60708464,-257.5076623,182.6914094,-4844.008219,-454.1671001,4553.573132,LLG
-25.55721831,-250.828213,172.2621874,-4775.64018,-565.1327395,4581.707338,LLG
-25.4821059,-243.901205,161.6629491,-4702.559753,-675.5411922,4605.321714,LLG
-25.38183365,-236.7334947,150.9041881,-4624.837705,-785.2825311,4624.389347,LLG
-25.25648843,-229.3321354,139.9964887,-4542.55209,-894.2494205,4638.895024,LLG
-25.10620602,-221.7044519,128.9506488,-4455.782763,-1002.333359,4648.820831,LLG
-24.93112265,-213.8579511,117.777536,-4364.616705,-1109.428644,4654.160564,LLG
-24.73142317,-205.8003973,106.4882101,-4269.142539,-1215.428623,4654.905368,LLG
-24.50729263,-197.5397216,95.09377899,-4169.45583,-1320.229647,4651.058089,LLG
-24.25896422,-189.0840969,83.60552087,-4065.653615,-1423.727333,4642.618947,LLG
-23.98667102,-180.4418475,72.03474009,-3957.839675,-1525.820497,4629.599842,LLG
-23.69069373,-171.6215225,60.39288872,-3846.119069,-1626.407429,4612.010055,LLG
-23.37131249,-162.6318062,48.6914228,-3730.603391,-1725.389818,4589.870508,LLG
-23.02885442,-153.4815907,36.94192328,-3611.405305,-1822.669026,4563.199493,LLG
-22.66364558,-144.1798859,25.15595252,-3488.643778,-1918.150003,4532.026882,LLG
-22.27605827,-134.7358917,13.34517479,-3362.438629,-2011.737569,4496.379893,LLG
-21.86646311,-125.1589079,1.521213012,-3232.915738,-2103.340315,4456.297246,LLG
-21.4352762,-115.458406,-10.30423115,-3100.2016,-2192.866891,4411.814962,LLG
-20.98291122,-105.6439392,-22.11952021,-2964.428514,-2280.229892,4362.98047,LLG
-20.50982642,-95.72521321,-33.91296115,-2825.729147,-2365.342156,4309.838439,LLG
-20.01647686,-85.71199657,-45.67294797,-2684.241702,-2448.120632,4252.444833,LLG
-19.50336124,-75.61419116,-57.38784234,-2540.104489,-2528.482684,4190.852779,LLG
-18.97097413,-65.44174226,-69.04611566,-2393.461072,-2606.349947,4125.126569,LLG
-18.41985272,-55.20470886,-80.63623007,-2244.454854,-2681.644634,4055.327563,LLG
-17.85052914,-44.91317369,-92.14678005,-2093.234201,-2754.293378,3981.528144,LLG
-17.26357698,-34.57731322,-103.5663736,-1939.947037,-2824.223546,3903.797648,LLG
-16.65956377,-24.20730776,-114.8837734,-1784.745948,-2891.36706,3822.216276,LLG
-16.0390973,-13.81341115,-126.0877781,-1627.782791,-2955.656725,3736.861053,LLG
-15.40277822,-3.405861046,-137.1673631,-1469.213776,-3017.030026,3647.819696,LLG
-14.75124616,7.005051715,-148.1115619,-1309.194086,-3075.425465,3555.176601,LLG
-14.08513246,17.40907264,-158.9096061,-1147.882945,-3130.786342,3459.026667,LLG
-13.40510611,27.79591442,-169.5508072,-985.4382457,-3183.057094,3359.461317,LLG
-12.71182662,38.15534626,-180.0246957,-822.0216015,-3232.187063,3256.58227,LLG
-12.00598976,48.47712492,-190.3209031,-657.7929868,-3278.126838,3150.4876,LLG
-11.28828052,58.75108375,-200.4293002,-492.9157716,-3320.832007,3041.28546,LLG
-10.55941876,68.96706393,-210.3398794,-327.5513753,-3360.259501,2929.080174,LLG
-9.820112239,79.11500316,-220.042892,-161.8642853,-3396.371332,2813.985915,LLG
-9.071102089,89.18486702,-229.5287305,3.983275947,-3429.130942,2696.112833,LLG
-8.313115975,99.16673738,-238.7880653,169.8263481,-3458.506921,2575.580683,LLG
-7.54691344,109.0507438,-247.8117267,335.5025512,-3484.469359,2452.504992,LLG
-6.77323915,118.8271514,-256.5908413,500.8470975,-3506.993551,2327.01064,LLG
-5.992868094,128.4862926,-265.1167134,665.6980953,-3526.056354,2199.21806,LLG
-5.206558954,138.0186545,-273.3809607,829.8915751,-3541.639869,2069.256779,LLG
-4.415099158,147.4148103,-281.3753957,993.2667773,-3553.727803,1937.251646,LLG
-3.619258361,156.6655066,-289.0921605,1155.661193,-3562.30914,1803.336336,LLG
-2.819833364,165.7615947,-296.523608,1316.915833,-3567.3745,1667.63961,LLG
-2.017601718,174.6941172,-303.6624357,1476.870286,-3568.919794,1530.298777,LLG
-1.213366499,183.4542394,-310.5015672,1635.367968,-3566.942588,1391.445989,LLG
-0.407910035,192.0333355,-317.0342843,1792.251191,-3561.44574,1251.221658,LLG
0.397961447,200.4229196,-323.2541087,1947.366397,-3552.43377,1109.760792,LLG
1.203463971,208.6147315,-329.1549336,2100.559241,-3539.916476,967.2063682,LLG
2.007791298,216.6006677,-334.7309042,2251.679805,-3523.905307,823.6957028,LLG
2.810160944,224.3728661,-339.9765489,2400.577687,-3504.416967,679.373786,LLG
3.609769792,231.9236374,-344.8866598,2547.107205,-3481.469788,534.3796888,LLG
4.405839983,239.2455491,-349.4564223,2691.122492,-3455.087314,388.8598552,LLG
5.19757465,246.3313561,-353.6812954,2832.482681,-3425.294685,242.9545483,LLG
5.984203672,253.1740847,-357.557141,2971.047009,-3392.122199,96.81110171,LLG
6.764939532,259.766963,-361.0801028,3106.679985,-3355.601697,-49.42959661,LLG
7.539022931,266.1035036,-364.2467351,3239.246504,-3315.770115,-195.6198916,LLG
8.305678765,272.177434,-367.0538821,3368.616988,-3272.66587,-341.6188394,LLG
9.064161598,277.9827791,-369.4988041,3494.662515,-3226.332391,-487.2790332,LLG
9.813711755,283.5137906,-371.5790575,3617.259942,-3176.814513,-632.4600426,LLG
10.55360065,288.7650291,-373.2926202,3736.287033,-3124.161995,-777.0152776,LLG
11.28308698,293.7312933,-374.6377703,3851.627568,-3068.425909,-920.8053888,LLG
12.00146194,298.4077011,-375.6132111,3963.166476,-3009.662147,-1063.685168,LLG
12.7080055,302.7896184,-376.2179492,4070.794923,-2947.927817,-1205.516911,LLG
13.40203144,306.8727398,-376.4514184,4174.405455,-2883.284727,-1346.15735,LLG
14.0828438,310.6530168,-376.3133578,4273.897055,-2815.795789,-1485.470982,LLG
14.74978173,314.1267376,-375.8039341,4369.170305,-2745.528488,-1623.317035,LLG
15.40217602,317.2904552,-374.9236197,4460.132412,-2672.551289,-1759.562752,LLG
16.03939385,320.1410662,-373.6733136,4546.692378,-2596.937091,-1894.070399,LLG
16.66079537,322.6757387,-372.0542195,4628.766008,-2518.759638,-2026.710505,LLG
17.2657783,324.8919899,-370.0679654,4706.271077,-2438.096958,-2157.348904,LLG
17.85373464,326.7876141,-367.7164814,4779.132323,-2355.027781,-2285.859932,LLG
18.42409509,328.360759,-365.0021182,4847.276617,-2269.634959,-2412.113508,LLG
18.97628586,329.6098536,-361.9275245,4910.637931,-2182.001892,-2535.988288,LLG
19.50977289,330.5336837,-358.4957646,4969.152514,-2092.215936,-2657.358773,LLG
20.02401882,331.1313192,-354.7101951,5022.763838,-2000.364827,-2776.10843,LLG
20.51852701,331.4021886,-350.5745821,5071.417779,-1906.540081,-2892.116828,LLG
20.99279859,331.3460063,-346.0929768,5115.067535,-1810.833424,-3005.272715,LLG
21.44637636,330.9628461,-341.2698321,5153.668817,-1713.340173,-3115.46119,LLG
21.87880186,330.2530677,-336.1098778,5187.184741,-1614.155676,-3222.576735,LLG
22.28965915,329.21739,-330.6182362,5215.581022,-1513.378682,-3326.51042,LLG
22.67853197,327.8568167,-324.8002969,5238.830844,-1411.107781,-3427.162891,LLG
23.04504732,326.1727089,-318.6618313,5256.910055,-1307.444765,-3524.431604,LLG
23.38883274,324.1667102,-312.2088677,5269.802018,-1202.491076,-3618.223774,LLG
23.70955971,321.8408186,-305.4478039,5277.492807,-1096.35115,-3708.443637,LLG
24.00690096,319.1973113,-298.3852828,5279.976035,-989.1288762,-3795.005355,LLG
24.28057377,316.2388153,-291.0283038,5277.24805,-880.9309263,-3877.820308,LLG
24.53029737,312.9682321,-283.3840978,5269.312743,-771.863224,-3956.809957,LLG
24.75583599,309.3888075,-275.4602381,5256.176749,-662.0342594,-4031.893165,LLG
24.95695638,305.5040558,-267.2645153,5237.854225,-551.5515681,-4102.999012,LLG
25.13347072,301.317829,-258.8050469,5214.362062,-440.5250342,-4170.054152,LLG
25.28519416,296.8342402,-250.090152,5185.724634,-329.0633779,-4232.995578,LLG
25.4119876,292.0577322,-241.1284606,5151.969013,-217.2774467,-4291.758011,LLG
25.5137153,286.993001,-231.9287873,5113.1297,-105.2767126,-4346.286619,LLG
25.59028746,281.6450626,-222.5002405,5069.243839,6.827447131,-4396.524432,LLG
25.64161794,276.0191771,-212.8520958,5020.355924,118.925244,-4442.425025,LLG
25.66766663,270.1209142,-202.9939039,4966.513018,230.9052075,-4483.939951,LLG
25.66839729,263.9560771,-192.9353645,4907.76944,342.6576693,-4521.031383,LLG
25.64381973,257.5307676,-182.6864332,4844.181983,454.0715019,-4553.659578,LLG
25.59394768,250.8513088,-172.2571955,4775.814576,565.0375934,-4581.79547,LLG
25.51884087,243.9243103,-161.6579728,4702.733517,675.445595,-4605.408162,LLG
25.41856293,236.7565904,-150.8991963,4625.012099,785.1873846,-4624.477477,LLG
25.29322329,229.3552407,-139.9915125,4542.725853,894.1538242,-4638.981475,LLG
25.14293519,221.7275476,-128.945657,4455.957155,1002.238212,-4648.908958,LLG
24.96785739,213.8810564,-117.7725598,4364.790468,1109.333048,-4654.247017,LLG
24.76815224,205.823493,-106.4832183,4269.316929,1215.333476,-4654.993492,LLG
24.54402725,197.5628268,-95.08880273,4169.629592,1320.134053,-4651.144544,LLG
24.29569319,189.1071926,-83.60052914,4065.828003,1423.632185,-4642.707068,LLG
24.02340552,180.4649527,-72.02976381,3958.013437,1525.724903,-4629.686299,LLG
23.7274226,171.6446182,-60.38789702,3846.293455,1626.312281,-4612.098174,LLG
23.40804687,162.6549114,-48.68644651,3730.777153,1725.294225,-4589.956967,LLG
23.06558319,153.5046864,-36.9369316,3611.579688,1822.573878,-4563.287609,LLG
22.70037984,144.202991,-25.15097622,3488.817539,1918.054411,-4532.113344,LLG
22.31278693,134.7589874,-13.34018315,3362.613011,2011.64242,-4496.468007,LLG
21.90319726,125.182013,-1.516236701,3233.089499,2103.244724,-4456.38371,LLG
21.47200476,115.4815017,10.30922276,3100.375979,2192.771742,-4411.903073,LLG
21.01964524,105.6670443,22.12449653,2964.602275,2280.134302,-4363.066936,LLG
20.54655487,95.74830891,33.91795273,2825.903525,2365.247007,-4309.926547,LLG
20.05321077,85.73510162,45.67792431,2684.415463,2448.025043,-4252.531301,LLG
19.54008958,75.63728685,57.39283388,2540.278864,2528.387535,-4190.940884,LLG
19.00770791,65.46484728,69.051092,2393.634832,2606.254359,-4125.213039,LLG
18.45658096,55.22780455,80.64122158,2244.629227,2681.549484,-4055.415666,LLG
17.8872628,44.93627869,92.1517564,2093.407961,2754.197791,-3981.614616,LLG
17.30030511,34.60040891,103.5713651,1940.121408,2824.128395,-3903.885748,LLG
16.69629731,24.23041272,114.8887497,1784.919708,2891.271474,-3822.302749,LLG
16.07582534,13.83650683,126.0927696,1627.95716,2955.561574,-3736.949151,LLG
15.43951164,3.428965983,137.1723395,1469.387535,3016.934441,-3647.906171,LLG
14.78797409,-6.981956036,148.1165533,1309.368453,3075.330314,-3555.264696,LLG
14.12186576,-17.38596773,158.9145825,1148.056704,3130.690758,-3459.113145,LLG
13.44183393,-27.77281874,169.5557986,985.6126105,3182.961942,-3359.54941,LLG
12.7485598,-38.13224138,180.0296721,822.1953599,3232.091479,-3256.66875,LLG
12.04271747,-48.45402925,190.3258944,657.9673495,3278.031686,-3150.57569,LLG
11.32501357,-58.72797891,200.4342766,493.0895296,3320.736424,-3041.371942,LLG
10.59614637,-68.94396826,210.3448707,327.7257359,3360.164349,-2929.168261,LLG
9.856845171,-79.09189834,220.0478685,162.038043,3396.275751,-2814.072399,LLG
9.107829587,-89.16177135,229.5337218,-3.808917426,3429.03579,-2696.200917,LLG
8.349848784,-99.14363259,238.7930417,-169.6525909,3458.41134,-2575.667169,LLG
7.583640832,-109.0276481,247.816718,-335.3281948,3484.374206,-2452.593074,LLG
6.809971836,-118.8040466,256.5958177,-500.6733406,3506.897971,-2327.097128,LLG
6.029595378,-128.4631969,265.1217046,-665.523741,3525.961201,-2199.30614,LLG
5.243291517,-137.9955498,273.3859371,-829.7178186,3541.544289,-2069.343269,LLG
4.451826333,-147.3917147,281.3803869,-993.0924251,3553.63265,-1937.339723,LLG
3.655990799,-156.6424019,289.0971369,-1155.487436,3562.213562,-1803.422828,LLG
2.856560431,-165.7384991,296.5285991,-1316.741483,3567.279346,-1667.727685,LLG
2.054334033,-174.6710125,303.6674122,-1476.696531,3568.824216,-1530.385271,LLG
1.250093457,-183.4311438,310.5065583,-1635.19362,3566.847434,-1391.534061,LLG
0.444642226,-192.0102308,317.0392608,-1792.077435,3561.350164,-1251.308154,LLG
-0.361234598,-200.3998239,323.2590998,-1947.192051,3552.338616,-1109.848862,LLG
-1.166731905,-208.5916269,329.1599101,-2100.385486,3539.8209,-967.2928662,LLG
-1.971064559,-216.577572,334.7358952,-2251.505461,3523.810152,-823.7837697,LLG
-2.773429002,-224.3497615,339.9815254,-2400.403932,3504.321392,-679.460286,LLG
-3.573043162,-231.9005418,344.8916508,-2546.932863,3481.374632,-534.4677531,LLG
-4.369108166,-239.2224445,349.4613988,-2690.948738,3454.99174,-388.9463572,LLG
-5.160848131,-246.3082605,353.6862864,-2832.308341,3425.199529,-243.0426102,LLG
-5.947471981,-253.1509802,357.5621175,-2970.873255,3392.026626,-96.89760567,LLG
-6.728213123,-259.7438674,361.0850937,-3106.505648,3355.506541,49.34153729,LLG
-7.502291365,-266.0803991,364.2517117,-3239.07275,3315.674543,195.5333857,LLG
-8.268952467,-272.1543384,367.058873,-3368.442652,3272.570714,341.5307826,LLG
-9.027430158,-277.9596746,369.5037806,-3494.488762,3226.236819,487.1925253,LLG
-9.776985567,-283.490695,371.5840484,-3617.085608,3176.719357,632.3719883,LLG
-10.51686933,-288.7419246,373.2975968,-3736.113281,3124.066424,776.9287678,LLG
-11.24636091,-293.7081977,374.6427612,-3851.453236,3068.330752,920.717337,LLG
-11.96473076,-298.3845967,375.6181876,-3962.992724,3009.566578,1063.598657,LLG
-12.67127953,-302.7665228,376.22294,-4070.620594,2947.83266,1205.428861,LLG
-13.36530038,-306.8496354,376.456395,-4174.231703,2883.189158,1346.070837,LLG
-14.04611794,-310.6299212,376.3183486,-4273.722728,2815.700632,1485.382935,LLG
-14.71305079,-314.1036332,375.8089107,-4368.996553,2745.43292,1623.230519,LLG
-15.36545028,-317.2673596,374.9286105,-4459.958087,2672.456131,1759.474707,LLG
-16.00266304,-320.1179619,373.6782902,-4546.518627,2596.841524,1893.983882,LLG
-16.62406974,-322.6526431,372.0592102,-4628.591685,2518.66448,2026.622463,LLG
-17.22904762,-324.8688856,370.072942,-4706.097327,2438.001392,2157.262384,LLG
-17.81700913,-326.7645185,367.7214721,-4778.958002,2354.932622,2285.771893,LLG
-18.38736454,-328.3376547,365.0070948,-4847.102867,2269.539394,2412.026987,LLG
-18.93956045,-329.586758,361.9325151,-4910.463612,2181.906734,2535.900251,LLG
-19.47304246,-330.5105795,358.5007412,-4968.978764,2092.120372,2657.27225,LLG
-19.98729353,-331.1082236,354.7151858,-5022.589521,2000.269668,2776.020396,LLG
-20.48179671,-331.3790844,350.5795587,-5071.244029,1906.444518,2892.030303,LLG
-20.95607342,-331.3229107,346.0979675,-5114.89322,1810.738265,3005.184683,LLG
-21.40964619,-330.9397419,341.2748088,-5153.495068,1713.24461,3115.374663,LLG
-21.8420768,-330.2299721,336.1148684,-5187.010429,1614.060517,3222.488705,LLG
-22.25292911,-329.1942859,330.6232128,-5215.407274,1513.28312,3326.423891,LLG
-22.64180702,-327.8337211,324.8052874,-5238.656533,1411.012621,3427.074863,LLG
-23.00831741,-326.1496047,318.666808,-5256.736307,1307.349204,3524.345073,LLG
-23.35210791,-324.1436146,312.2138582,-5269.627709,1202.395916,3618.135749,LLG
-23.67282992,-321.8177146,305.4527806,-5277.31906,1096.25559,3708.357105,LLG
-23.97017623,-319.1742158,298.3902733,-5279.801728,989.0337157,3794.917332,LLG
-24.24384412,-316.2157113,291.0332805,-5277.074303,880.8353672,3877.733774,LLG
-24.49357276,-312.9451365,283.3890882,-5269.138439,771.7680632,3956.721937,LLG
-24.71910646,-309.3657035,275.4652148,-5256.003002,661.938701,4031.806629,LLG
-24.92023189,-305.4809603,267.2695057,-5237.679923,551.4564069,4102.910995,LLG
-25.09674132,-301.294725,258.8100236,-5214.188316,440.4294768,4169.967614,LLG
-25.24846978,-296.8111446,250.0951424,-5185.550333,328.9682164,4232.907563,LLG
-25.37525833,-292.0346283,241.1334373,-5151.795267,217.18189,4291.671471,LLG
-25.47699104,-286.9699054,231.9337777,-5112.955402,105.1815508,4346.198606,LLG
-25.55355832,-281.6219587,222.5052172,-5069.070094,-6.923002931,4396.43789,LLG
-25.60489379,-275.9960815,212.8570861,-5020.181627,-119.0204061,4442.337015,LLG
-25.63093762,-270.0978103,202.9988806,-4966.339274,-231.0007625,4483.853407,LLG
-25.63167326,-263.9329816,192.9403548,-4907.595146,-342.7528316,4520.943375,LLG
-25.60709085,-257.5076637,182.6914099,-4844.008238,-454.167056,4553.573033,LLG
-25.55722377,-250.8282132,172.2621858,-4775.640284,-565.1327561,4581.707464,LLG
-25.48211213,-243.9012064,161.6629496,-4702.559773,-675.5411483,4605.321615,LLG
-25.38183913,-236.7334949,150.9041865,-4624.837809,-785.2825476,4624.389473,LLG
-25.25649467,-229.3321369,139.9964892,-4542.55211,-894.2493767,4638.894925,LLG
-25.10621151,-221.7044521,128.9506472,-4455.782867,-1002.333375,4648.820956,LLG
-24.9311289,-213.8579526,117.7775365,-4364.616725,-1109.4286,4654.160466,LLG
-24.73142868,-205.8003975,106.4882085,-4269.142643,-1215.428639,4654.905493,LLG
-24.50729889,-197.5397231,95.09377947,-4169.45585,-1320.229604,4651.057991,LLG
-24.25896974,-189.0840971,83.60551929,-4065.653719,-1423.727349,4642.619072,LLG
-23.9866773,-180.4418489,72.03474057,-3957.839695,-1525.820453,4629.599744,LLG
-23.69069927,-171.6215227,60.39288713,-3846.119173,-1626.407445,4612.01018,LLG
-23.37131878,-162.6318077,48.69142327,-3730.603412,-1725.389775,4589.870411,LLG
-23.02885998,-153.4815909,36.94192169,-3611.405408,-1822.669042,4563.199617,LLG
-22.66365188,-144.1798874,25.15595299,-3488.643798,-1918.14996,4532.026785,LLG
-22.27606383,-134.7358919,13.3451732,-3362.438733,-2011.737585,4496.380017,LLG
-21.86646942,-125.1589093,1.521213475,-3232.915759,-2103.340271,4456.297149,LLG
-21.43528178,-115.4584062,-10.30423274,-3100.201704,-2192.866907,4411.815086,LLG
-20.98291754,-105.6439407,-22.11951975,-2964.428535,-2280.229848,4362.980374,LLG
-20.50983201,-95.72521343,-33.91296274,-2825.729251,-2365.342172,4309.838562,LLG
-20.0164832,-85.71199803,-45.67294752,-2684.241723,-2448.120589,4252.444737,LLG
-19.50336684,-75.61419137,-57.38784392,-2540.104592,-2528.4827,4190.852902,LLG
-18.97098048,-65.44174372,-69.04611521,-2393.461093,-2606.349904,4125.126473,LLG
-18.41985834,-55.20470908,-80.63623165,-2244.454957,-2681.64465,4055.327685,LLG
-17.8505355,-44.91317516,-92.1467796,-2093.234223,-2754.293335,3981.528048,LLG
-17.26358261,-34.57731345,-103.5663752,-1939.94714,-2824.223561,3903.79777,LLG
-16.65957014,-24.20730923,-114.8837729,-1784.74597,-2891.367018,3822.21618,LLG
-16.03910295,-13.81341138,-126.0877797,-1627.782894,-2955.656741,3736.861175,LLG
-15.40278461,-3.405862515,-137.1673627,-1469.213798,-3017.029984,3647.819601,LLG
-14.75125182,7.005051484,-148.1115635,-1309.194189,-3075.425481,3555.176723,LLG
-14.08513885,17.40907117,-158.9096057,-1147.882967,-3130.786299,3459.026572,LLG
-13.40511179,27.79591418,-169.5508088,-985.438349,-3183.057109,3359.461438,LLG
-12.71183302,38.15534479,-180.0246953,-822.0216239,-3232.18702,3256.582176,LLG
-12.00599544,48.47712468,-190.3209046,-657.79309,-3278.126853,3150.487721,LLG
-11.28828693,58.75108229,-200.4292998,-492.9157941,-3320.831964,3041.285366,LLG
-10.55942446,68.96706369,-210.339881,-327.5514785,-3360.259516,2929.080295,LLG
-9.820118664,79.11500169,-220.0428916,-161.864308,-3396.37129,2813.985822,LLG
-9.0711078,89.18486677,-229.5287321,3.98317281,-3429.130958,2696.112953,LLG
-8.31312241,99.16673591,-238.7880649,169.8263253,-3458.506879,2575.58059,LLG
-7.546919165,109.0507435,-247.8117283,335.5024481,-3484.469374,2452.505112,LLG
-6.773245595,118.8271499,-256.5908409,500.8470745,-3506.993509,2327.010547,LLG
-5.992873831,128.4862924,-265.116715,665.6979923,-3526.056369,2199.21818,LLG
-5.20656541,138.018653,-273.3809603,829.8915519,-3541.639826,2069.256686,LLG
-4.415104907,147.4148101,-281.3753972,993.2666744,-3553.727818,1937.251765,LLG
-3.619264826,156.6655052,-289.0921601,1155.661169,-3562.309098,1803.336243,LLG
-2.819839125,165.7615945,-296.5236095,1316.91573,-3567.374515,1667.639729,LLG
-2.017608194,174.6941157,-303.6624354,1476.870263,-3568.919752,1530.298685,LLG
-1.213372271,183.4542391,-310.5015688,1635.367865,-3566.942603,1391.446108,LLG
-0.40791652,192.033334,-317.0342839,1792.251167,-3561.445698,1251.221566,LLG
0.397955663,200.4229193,-323.2541103,1947.366294,-3552.433785,1109.760911,LLG
1.203457476,208.61473,-329.1549332,2100.559217,-3539.916434,967.2062764,LLG
2.007785503,216.6006674,-334.7309057,2251.679702,-3523.905322,823.695821,LLG
2.810154439,224.3728646,-339.9765485,2400.577663,-3504.416925,679.3736946,LLG
3.609763985,231.9236371,-344.8866613,2547.107102,-3481.469802,534.3798066,LLG
4.405833469,239.2455476,-349.4564219,2691.122468,-3455.087272,388.8597641,LLG
5.197568831,246.3313558,-353.681297,2832.482578,-3425.2947,242.9546659,LLG
5.984197149,253.1740833,-357.5571406,2971.046985,-3392.122157,96.81101088,LLG
6.764933702,259.7669627,-361.0801043,3106.679883,-3355.601711,-49.42947939,LLG
7.539016399,266.1035021,-364.2467348,3239.246479,-3315.770074,-195.6199821,LLG
8.305672924,272.1774337,-367.0538836,3368.616885,-3272.665884,-341.6187225,LLG
9.064155057,277.9827776,-369.4988037,3494.662491,-3226.332349,-487.2791234,LLG
9.813705903,283.5137903,-371.5790591,3617.25984,-3176.814528,-632.459926,LLG
10.5535941,288.7650276,-373.2926198,3736.287009,-3124.161954,-777.0153676,LLG
11.28308112,293.731293,-374.6377719,3851.627465,-3068.425923,-920.8052725,LLG
12.00145538,298.4076996,-375.6132107,3963.166451,-3009.662106,-1063.685258,LLG
12.70799963,302.7896181,-376.2179507,4070.794821,-2947.927832,-1205.516795,LLG
13.40202487,306.8727383,-376.4514181,4174.405429,-2883.284686,-1346.15744,LLG
14.08283791,310.6530165,-376.3133594,4273.896953,-2815.795803,-1485.470866,LLG
14.74977515,314.1267361,-375.8039338,4369.170279,-2745.528447,-1623.317124,LLG
15.40217013,317.2904549,-374.9236212,4460.13231,-2672.551303,-1759.562636,LLG
16.03938726,320.1410647,-373.6733133,4546.692353,-2596.93705,-1894.070488,LLG
16.66078946,322.6757384,-372.054221,4628.765906,-2518.759652,-2026.71039,LLG
17.26577171,324.8919885,-370.0679651,4706.271052,-2438.096917,-2157.348992,LLG
17.85372873,326.7876138,-367.7164829,4779.132221,-2355.027794,-2285.859817,LLG
18.42408849,328.3607575,-365.0021179,4847.276592,-2269.634918,-2412.113596,LLG
18.97627993,329.6098533,-361.927526,4910.637829,-2182.001906,-2535.988173,LLG
19.50976628,330.5336823,-358.4957642,4969.152488,-2092.215895,-2657.358861,LLG
20.02401288,331.1313189,-354.7101967,5022.763736,-2000.364841,-2776.108316,LLG
20.51852039,331.4021872,-350.5745818,5071.417753,-1906.540041,-2892.116916,LLG
20.99279265,331.346006,-346.0929784,5115.067433,-1810.833438,-3005.272601,LLG
21.44636974,330.9628446,-341.2698318,5153.668791,-1713.340132,-3115.461277,LLG
21.87879591,330.2530674,-336.1098794,5187.18464,-1614.15569,-3222.576621,LLG
22.28965252,329.2173885,-330.6182359,5215.580996,-1513.378641,-3326.510507,LLG
22.678526,327.8568164,-324.8002984,5238.830742,-1411.107795,-3427.162777,LLG
23.04504068,326.1727074,-318.661831,5256.910028,-1307.444725,-3524.431691,LLG
23.38882677,324.1667099,-312.2088692,5269.801916,-1202.49109,-3618.223661,LLG
23.70955306,321.8408172,-305.4478036,5277.492781,-1096.35111,-3708.443724,LLG
24.00689497,319.197311,-298.3852844,5279.975934,-989.1288897,-3795.005242,LLG
24.28056712,316.2388139,-291.0283035,5277.248023,-880.9308863,-3877.820395,LLG
24.53029138,312.9682318,-283.3840993,5269.312642,-771.8632374,-3956.809845,LLG
24.75582933,309.388806,-275.4602378,5256.176722,-662.0342194,-4031.893251,LLG
24.95695038,305.5040555,-267.2645168,5237.854124,-551.5515814,-4102.9989,LLG
25.13346405,301.3178275,-258.8050466,5214.362035,-440.5249944,-4170.054238,LLG
25.28518815,296.8342398,-250.0901536,5185.724532,-329.0633911,-4232.995467,LLG
25.41198092,292.0577308,-241.1284603,5151.968986,-217.2774069,-4291.758096,LLG
25.51370928,286.9930006,-231.9287889,5113.129599,-105.2767258,-4346.286507,LLG
25.59028078,281.6450612,-222.5002403,5069.243812,6.827486788,-4396.524518,LLG
25.64161191,276.0191767,-212.8520973,5020.355822,118.9252309,-4442.424914,LLG
25.66765994,270.1209128,-202.9939036,4966.512991,230.9052471,-4483.940036,LLG
25.66839125,263.9560768,-192.935366,4907.769339,342.6576562,-4521.031272,LLG
25.64381303,257.5307661,-182.686433,4844.181955,454.0715414,-4553.659663,LLG
25.59394164,250.8513084,-172.2571971,4775.814475,565.0375805,-4581.795359,LLG
25.51883417,243.9243088,-161.6579726,4702.733489,675.4456344,-4605.408247,LLG
25.41855687,236.7565901,-150.8991978,4625.011998,785.1873717,-4624.477366,LLG
25.29321658,229.3552392,-139.9915122,4542.725825,894.1538636,-4638.981559,LLG
25.14292912,221.7275472,-128.9456586,4455.957054,1002.238199,-4648.908847,LLG
24.96785067,213.8810549,-117.7725595,4364.79044,1109.333088,-4654.247101,LLG
24.76814617,205.8234926,-106.4832199,4269.316828,1215.333463,-4654.993382,LLG
24.54402052,197.5628254,-95.08880248,4169.629564,1320.134092,-4651.144627,LLG
24.2956871,189.1071923,-83.60053068,4065.827902,1423.632173,-4642.706959,LLG
24.02339879,180.4649512,-72.02976357,3958.013408,1525.724942,-4629.686382,LLG
23.72741651,171.6446178,-60.38789856,3846.293354,1626.312269,-4612.098065,LLG
23.40804013,162.6549099,-48.68644626,3730.777124,1725.294264,-4589.95705,LLG
23.06557709,153.504686,-36.93693314,3611.579588,1822.573865,-4563.2875,LLG
22.70037309,144.2029896,-25.15097598,3488.81751,1918.05445,-4532.113426,LLG
22.31278082,134.758987,-13.34018469,3362.61291,2011.642408,-4496.467898,LLG
21.9031905,125.1820115,-1.516236464,3233.08947,2103.244763,-4456.383792,LLG
21.47199864,115.4815013,10.30922122,3100.375879,2192.771729,-4411.902965,LLG
21.01963848,105.6670428,22.12449677,2964.602246,2280.134341,-4363.067018,LLG
20.54654874,95.74830852,33.91795119,2825.903424,2365.246994,-4309.926439,LLG
20.053204,85.73510015,45.67792454,2684.415434,2448.025081,-4252.531383,LLG
19.54008345,75.63728646,57.39283234,2540.278764,2528.387522,-4190.940776,LLG
19.00770114,65.46484581,69.05109223,2393.634803,2606.254397,-4125.21312,LLG
18.45657482,55.22780416,80.64122005,2244.629127,2681.549472,-4055.415558,LLG
17.88725602,44.93627722,92.15175662,2093.407931,2754.197829,-3981.614697,LLG
17.30029897,34.60040851,103.5713635,1940.121308,2824.128383,-3903.885641,LLG
16.69629053,24.23041125,114.88875,1784.919678,2891.271513,-3822.302831,LLG
16.07581918,13.83650644,126.092768,1627.95706,2955.561562,-3736.949044,LLG
15.43950485,3.428964512,137.1723397,1469.387505,3016.934479,-3647.906252,LLG
14.78796793,-6.981956435,148.1165518,1309.368353,3075.330302,-3555.264589,LLG
14.12185896,-17.3859692,158.9145827,1148.056674,3130.690796,-3459.113226,LLG
13.44182776,-27.77281914,169.555797,985.6125105,3182.96193,-3359.549303,LLG
12.74855299,-38.13224285,180.0296723,822.1953301,3232.091518,-3256.66883,LLG
12.04271129,-48.45402965,190.3258929,657.9672496,3278.031674,-3150.575584,LLG
11.32500676,-58.72798038,200.4342768,493.0894997,3320.736462,-3041.372022,LLG
10.59614018,-68.94396867,210.3448692,327.7256361,3360.164337,-2929.168155,LLG
9.856838359,-79.09189981,220.0478687,162.0380129,3396.275789,-2814.072479,LLG
9.107823394,-89.16177176,229.5337203,-3.80901717,3429.035778,-2696.200812,LLG
8.349841966,-99.14363406,238.7930419,-169.652621,3458.411378,-2575.667249,LLG
7.583634631,-109.0276485,247.8167164,-335.3282944,3484.374194,-2452.592969,LLG
6.809965012,-118.8040481,256.5958179,-500.6733709,3506.898009,-2327.097208,LLG
6.02958917,-128.4631974,265.1217031,-665.5238406,3525.961189,-2199.306035,LLG
5.243284688,-137.9955512,273.3859373,-829.717849,3541.544327,-2069.343348,LLG
4.451820119,-147.3917151,281.3803853,-993.0925246,3553.632638,-1937.339618,LLG
3.655983965,-156.6424034,289.0971371,-1155.487467,3562.2136,-1803.422906,LLG
2.856554209,-165.7384995,296.5285976,-1316.741583,3567.279335,-1667.72758,LLG
2.054327194,-174.671014,303.6674124,-1476.696561,3568.824254,-1530.38535,LLG
1.250087228,-183.4311442,310.5065568,-1635.19372,3566.847422,-1391.533957,LLG
0.444635381,-192.0102323,317.039261,-1792.077466,3561.350201,-1251.308232,LLG
-0.361240834,-200.3998244,323.2590983,-1947.19215,3552.338604,-1109.848758,LLG
-1.166738755,-208.5916284,329.1599103,-2100.385517,3539.820938,-967.2929442,LLG
-1.971070802,-216.5775724,334.7358937,-2251.50556,3523.810141,-823.7836659,LLG
-2.773435857,-224.349763,339.9815256,-2400.403963,3504.32143,-679.4603638,LLG
-3.573049411,-231.9005422,344.8916493,-2546.932962,3481.374621,-534.4676496,LLG
-4.369115026,-239.222446,349.4613989,-2690.948769,3454.991778,-388.9464348,LLG
-5.160854386,-246.3082609,353.6862849,-2832.30844,3425.199518,-243.0425069,LLG
-5.947478845,-253.1509817,357.5621176,-2970.873287,3392.026663,-96.89768295,LLG
-6.728219385,-259.7438678,361.0850922,-3106.505747,3355.50653,49.34164025,LLG
-7.502298234,-266.0804006,364.2517118,-3239.072782,3315.67458,195.5333087,LLG
-8.268958736,-272.1543388,367.0588715,-3368.442751,3272.570703,341.5308853,LLG
-9.027437032,-277.9596761,369.5037808,-3494.488794,3226.236857,487.1924485,LLG
-9.776991843,-283.4906954,371.5840469,-3617.085707,3176.719346,632.3720907,LLG
-10.51687621,-288.7419261,373.2975969,-3736.113312,3124.066461,776.9286913,LLG
-11.24636719,-293.7081981,374.6427597,-3851.453335,3068.330741,920.7174392,LLG
-11.96473764,-298.3845981,375.6181878,-3962.992756,3009.566615,1063.59858,LLG
-12.67128582,-302.7665232,376.2229385,-4070.620693,2947.832649,1205.428963,LLG
-13.36530727,-306.8496369,376.4563951,-4174.231735,2883.189195,1346.070761,LLG
-14.04612424,-310.6299216,376.3183471,-4273.722827,2815.700621,1485.383037,LLG
-14.71305768,-314.1036347,375.8089109,-4368.996585,2745.432957,1623.230443,LLG
-15.36545658,-317.26736,374.9286089,-4459.958186,2672.45612,1759.474809,LLG
-16.00266994,-320.1179634,373.6782903,-4546.51866,2596.84156,1893.983806,LLG
-16.62407605,-322.6526436,372.0592087,-4628.591784,2518.664469,2026.622564,LLG
-17.22905452,-324.8688871,370.0729421,-4706.097359,2438.001428,2157.262309,LLG
-17.81701544,-326.7645189,367.7214706,-4778.958101,2354.932612,2285.771993,LLG
-18.38737145,-328.3376562,365.0070949,-4847.1029,2269.53943,2412.026912,LLG
-18.93956677,-329.5867585,361.9325136,-4910.46371,2181.906723,2535.900351,LLG
-19.47304937,-330.510581,358.5007413,-4968.978797,2092.120408,2657.272175,LLG
-19.98729985,-331.1082241,354.7151843,-5022.58962,2000.269658,2776.020496,LLG
-20.48180363,-331.3790859,350.5795589,-5071.244062,1906.444554,2892.030228,LLG
-20.95607975,-331.3229112,346.097966,-5114.893319,1810.738254,3005.184783,LLG
-21.40965311,-330.9397434,341.2748089,-5153.495101,1713.244646,3115.374588,LLG
-21.84208314,-330.2299726,336.1148669,-5187.010527,1614.060506,3222.488805,LLG
-22.25293603,-329.1942873,330.6232129,-5215.407307,1513.283156,3326.423817,LLG
-22.64181336,-327.8337216,324.8052859,-5238.656631,1411.012611,3427.074963,LLG
-23.00832434,-326.1496062,318.6668081,-5256.73634,1307.349241,3524.344999,LLG
-23.35211426,-324.1436151,312.2138567,-5269.627807,1202.395906,3618.135848,LLG
-23.67283685,-321.817716,305.4527807,-5277.319093,1096.255626,3708.357031,LLG
-23.97018259,-319.1742163,298.3902718,-5279.801826,989.0337055,3794.917431,LLG
-24.24385105,-316.2157127,291.0332806,-5277.074337,880.8354032,3877.7337,LLG
-24.49357912,-312.945137,283.3890867,-5269.138537,771.768053,3956.722036,LLG
-24.7191134,-309.3657049,275.4652149,-5256.003036,661.9387371,4031.806555,LLG
-24.92023825,-305.4809607,267.2695042,-5237.680021,551.4563969,4102.911093,LLG
-25.09674826,-301.2947264,258.8100237,-5214.188349,440.4295127,4169.967541,LLG
-25.24847615,-296.8111451,250.0951409,-5185.550431,328.9682064,4232.907661,LLG
-25.37526528,-292.0346297,241.1334373,-5151.795301,217.1819259,4291.671398,LLG
-25.47699742,-286.9699059,231.9337762,-5112.955499,105.1815409,4346.198704,LLG
-25.55356527,-281.6219602,222.5052173,-5069.070128,-6.92296712,4396.437818,LLG
-25.60490017,-275.996082,212.8570846,-5020.181725,-119.020416,4442.337112,LLG
-25.63094458,-270.0978118,202.9988807,-4966.339307,-231.0007267,4483.853335,LLG
-25.63167965,-263.9329821,192.9403533,-4907.595243,-342.7528414,4520.943473,LLG
-25.60709781,-257.5076652,182.69141,-4844.008272,-454.1670204,4553.572961,LLG
-25.55723016,-250.8282137,172.2621843,-4775.640382,-565.1327658,4581.707561,LLG
-25.48211909,-243.9012079,161.6629497,-4702.559807,-675.5411127,4605.321543,LLG
-25.38184553,-236.7334954,150.9041851,-4624.837906,-785.2825573,4624.38957,LLG
-25.25650164,-229.3321384,139.9964893,-4542.552144,-894.2493412,4638.894854,LLG
-25.10621791,-221.7044526,128.9506458,-4455.782965,-1002.333385,4648.821053,LLG
-24.93113587,-213.8579541,117.7775366,-4364.61676,-1109.428564,4654.160395,LLG
-24.73143509,-205.800398,106.488207,-4269.14274,-1215.428649,4654.90559,LLG
-24.50730586,-197.5397245,95.09377955,-4169.455885,-1320.229568,4651.05792,LLG
-24.25897615,-189.0840976,83.6055178,-4065.653816,-1423.727359,4642.619168,LLG
-23.98668427,-180.4418504,72.03474064,-3957.839729,-1525.820418,4629.599673,LLG
-23.69070569,-171.6215232,60.39288565,-3846.11927,-1626.407455,4612.010276,LLG
-23.37132576,-162.6318091,48.69142333,-3730.603446,-1725.389739,4589.87034,LLG
-23.0288664,-153.4815914,36.94192021,-3611.405506,-1822.669052,4563.199713,LLG
-22.66365886,-144.1798888,25.15595305,-3488.643833,-1918.149924,4532.026715,LLG
-22.27607026,-134.7358924,13.34517172,-3362.43883,-2011.737594,4496.380113,LLG
-21.86647641,-125.1589108,1.521213534,-3232.915794,-2103.340236,4456.297079,LLG
-21.43528821,-115.4584067,-10.30423422,-3100.201801,-2192.866916,4411.815181,LLG
-20.98292453,-105.6439421,-22.1195197,-2964.42857,-2280.229813,4362.980304,LLG
-20.50983845,-95.72521394,-33.91296421,-2825.729348,-2365.342181,4309.838658,LLG
-20.01649019,-85.71199949,-45.67294747,-2684.241758,-2448.120554,4252.444668,LLG
-19.50337328,-75.61419189,-57.38784539,-2540.104689,-2528.482709,4190.852996,LLG
-18.97098747,-65.44174518,-69.04611516,-2393.461128,-2606.349869,4125.126404,LLG
-18.41986478,-55.2047096,-80.63623313,-2244.455054,-2681.644659,4055.32778,LLG
-17.85054249,-44.91317662,-92.14677956,-2093.234258,-2754.2933,3981.527979,LLG
-17.26358906,-34.57731397,-103.5663767,-1939.947237,-2824.22357,3903.797865,LLG
-16.65957714,-24.20731068,-114.8837729,-1784.746005,-2891.366983,3822.216112,LLG
-16.03910941,-13.8134119,-126.0877812,-1627.782991,-2955.65675,3736.861269,LLG
-15.40279161,-3.40586397,-137.1673626,-1469.213833,-3017.029949,3647.819532,LLG
-14.75125828,7.005050957,-148.111565,-1309.194286,-3075.42549,3555.176817,LLG
-14.08514586,17.40906971,-158.9096057,-1147.883003,-3130.786265,3459.026504,LLG
-13.40511825,27.79591365,-169.5508102,-985.4384454,-3183.057118,3359.461532,LLG
-12.71184003,38.15534334,-180.0246952,-822.0216595,-3232.186986,3256.582108,LLG
-12.00600191,48.47712415,-190.3209061,-657.7931864,-3278.126862,3150.487815,LLG
-11.28829394,58.75108083,-200.4292998,-492.9158298,-3320.83193,3041.285298,LLG
-10.55943094,68.96706315,-210.3398824,-327.5515748,-3360.259525,2929.080388,LLG
-9.820125679,79.11500023,-220.0428916,-161.8643438,-3396.371256,2813.985754,LLG
-9.071114278,89.18486624,-229.5287335,3.983076615,-3429.130966,2696.113046,LLG
-8.313129428,99.16673446,-238.7880648,169.8262894,-3458.506844,2575.580522,LLG
-7.546925647,109.050743,-247.8117297,335.502352,-3484.469382,2452.505205,LLG
-6.773252616,118.8271485,-256.5908409,500.8470385,-3506.993475,2327.01048,LLG
-5.992880317,128.4862918,-265.1167164,665.6978963,-3526.056377,2199.218273,LLG
-5.206572434,138.0186516,-273.3809602,829.8915158,-3541.639792,2069.256619,LLG
-4.415111397,147.4148095,-281.3753987,993.2665784,-3553.727827,1937.251858,LLG
-3.619271853,156.6655037,-289.09216,1155.661133,-3562.309064,1803.336176,LLG
-2.81984562,165.7615939,-296.523611,1316.915635,-3567.374524,1667.639821,LLG
-2.017615223,174.6941143,-303.6624353,1476.870227,-3568.919718,1530.298618,LLG
-1.21337877,183.4542386,-310.5015702,1635.36777,-3566.942611,1391.4462,LLG
-0.407923552,192.0333326,-317.0342839,1792.251131,-3561.445664,1251.2215,LLG
0.39794916,200.4229188,-323.2541118,1947.366199,-3552.433793,1109.761002,LLG
1.203450442,208.6147286,-329.1549332,2100.559181,-3539.9164,967.2062103,LLG
2.007778995,216.6006668,-334.7309072,2251.679606,-3523.90533,823.6959123,LLG
2.810147402,224.3728632,-339.9765485,2400.577626,-3504.416891,679.3736287,LLG
3.609757473,231.9236366,-344.8866628,2547.107007,-3481.46981,534.3798977,LLG
4.405826429,239.2455461,-349.4564219,2691.122431,-3455.087239,388.8596984,LLG
5.197562316,246.3313553,-353.6812985,2832.482482,-3425.294708,242.9547568,LLG
5.984190107,253.1740818,-357.5571406,2971.046948,-3392.122123,96.81094544,LLG
6.764927183,259.7669622,-361.0801058,3106.679787,-3355.60172,-49.42938871,LLG
7.539009354,266.1035007,-364.2467348,3239.246442,-3315.77004,-195.6200474,LLG
8.305666401,272.1774332,-367.0538851,3368.61679,-3272.665892,-341.618632,LLG
9.06414801,277.9827761,-369.4988037,3494.662454,-3226.332316,-487.2791884,LLG
9.813699375,283.5137897,-371.5790605,3617.259744,-3176.814536,-632.4598358,LLG
10.55358705,288.7650262,-373.2926199,3736.286971,-3124.16192,-777.0154323,LLG
11.28307459,293.7312925,-374.6377733,3851.62737,-3068.425931,-920.8051825,LLG
12.00144833,298.4076981,-375.6132107,3963.166414,-3009.662073,-1063.685323,LLG
12.70799309,302.7896175,-376.2179522,4070.794726,-2947.927839,-1205.516705,LLG
13.40201782,306.8727368,-376.4514181,4174.405392,-2883.284653,-1346.157504,LLG
14.08283137,310.6530159,-376.3133608,4273.896858,-2815.795811,-1485.470777,LLG
14.74976809,314.1267346,-375.8039338,4369.170242,-2745.528414,-1623.317188,LLG
15.40216358,317.2904543,-374.9236227,4460.132215,-2672.551311,-1759.562547,LLG
16.03938021,320.1410633,-373.6733133,4546.692315,-2596.937016,-1894.070552,LLG
16.66078292,322.6757378,-372.0542225,4628.765811,-2518.759659,-2026.710301,LLG
17.26576464,324.891987,-370.0679651,4706.271014,-2438.096884,-2157.349056,LLG
17.85372218,326.7876132,-367.7164844,4779.132127,-2355.027802,-2285.859728,LLG
18.42408143,328.3607561,-365.0021179,4847.276554,-2269.634885,-2412.11366,LLG
18.97627338,329.6098527,-361.9275275,4910.637734,-2182.001914,-2535.988085,LLG
19.50975922,330.5336808,-358.4957643,4969.15245,-2092.215862,-2657.358925,LLG
20.02400632,331.1313183,-354.7101981,5022.763641,-2000.364849,-2776.108228,LLG
20.51851333,331.4021857,-350.5745818,5071.417715,-1906.540008,-2892.116979,LLG
20.99278609,331.3460054,-346.0929798,5115.067339,-1810.833445,-3005.272513,LLG
21.44636267,330.9628432,-341.2698318,5153.668753,-1713.340099,-3115.46134,LLG
21.87878934,330.2530668,-336.1098808,5187.184545,-1614.155698,-3222.576533,LLG
22.28964545,329.2173871,-330.6182359,5215.580958,-1513.378608,-3326.51057,LLG
22.67851944,327.8568158,-324.8002999,5238.830647,-1411.107802,-3427.16269,LLG
23.04503361,326.1727059,-318.661831,5256.90999,-1307.444692,-3524.431753,LLG
23.3888202,324.1667093,-312.2088706,5269.801822,-1202.491097,-3618.223573,LLG
23.70954598,321.8408157,-305.4478037,5277.492743,-1096.351077,-3708.443786,LLG
24.0068884,319.1973104,-298.3852858,5279.975839,-989.1288969,-3795.005155,LLG
24.28056004,316.2388124,-291.0283036,5277.247985,-880.9308535,-3877.820457,LLG
24.5302848,312.9682312,-283.3841007,5269.312547,-771.8632446,-3956.809758,LLG
24.75582225,309.3888046,-275.4602379,5256.176683,-662.0341867,-4031.893313,LLG
24.9569438,305.5040549,-267.2645183,5237.854029,-551.5515886,-4102.998813,LLG
25.13345696,301.3178261,-258.8050467,5214.361996,-440.5249617,-4170.054299,LLG
25.28518156,296.8342392,-250.090155,5185.724438,-329.0633982,-4232.99538,LLG
25.41197384,292.0577293,-241.1284603,5151.968947,-217.2773743,-4291.758158,LLG
25.51370269,286.993,-231.9287903,5113.129505,-105.2767328,-4346.286421,LLG
25.59027369,281.6450597,-222.5002403,5069.243773,6.82751934,-4396.524579,LLG
25.64160531,276.0191761,-212.8520988,5020.355728,118.9252239,-4442.424828,LLG
25.66765285,270.1209113,-202.9939037,4966.512952,230.9052796,-4483.940097,LLG
25.66838466,263.9560762,-192.9353674,4907.769245,342.6576492,-4521.031186,LLG
25.64380594,257.5307647,-182.686433,4844.181916,454.0715738,-4553.659724,LLG
25.59393504,250.8513078,-172.2571985,4775.814382,565.0375736,-4581.795273,LLG
25.51882708,243.9243074,-161.6579726,4702.73345,675.4456667,-4605.408307,LLG
25.41855027,236.7565895,-150.8991993,4625.011904,785.1873649,-4624.477281,LLG
25.29320948,229.3552378,-139.9915123,4542.725786,894.1538959,-4638.981619,LLG
25.14292252,221.7275466,-128.94566,4455.956961,1002.238193,-4648.908762,LLG
24.96784358,213.8810535,-117.7725596,4364.790401,1109.33312,-4654.247161,LLG
24.76813956,205.823492,-106.4832213,4269.316734,1215.333456,-4654.993297,LLG
24.54401342,197.5628239,-95.08880255,4169.629525,1320.134124,-4651.144687,LLG
24.29568049,189.1071917,-83.6005321,4065.827808,1423.632166,-4642.706874,LLG
24.02339169,180.4649498,-72.02976364,3958.013369,1525.724974,-4629.686442,LLG
23.7274099,171.6446172,-60.38789997,3846.293261,1626.312262,-4612.09798,LLG
23.40803303,162.6549085,-48.68644634,3730.777085,1725.294297,-4589.95711,LLG
23.06557047,153.5046854,-36.93693456,3611.579494,1822.573859,-4563.287416,LLG
22.70036599,144.2029881,-25.15097606,3488.817471,1918.054482,-4532.113486,LLG
22.3127742,134.7589864,-13.3401861,3362.612817,2011.642401,-4496.467814,LLG
21.9031834,125.1820101,-1.516236546,3233.089431,2103.244795,-4456.383851,LLG
21.47199202,115.4815007,10.30921981,3100.375786,2192.771723,-4411.90288,LLG
21.01963138,105.6670414,22.12449668,2964.602206,2280.134372,-4363.067077,LLG
20.54654212,95.74830791,33.91794978,2825.903331,2365.246988,-4309.926355,LLG
20.0531969,85.73509872,45.67792445,2684.415394,2448.025113,-4252.531442,LLG
19.54007682,75.63728584,57.39283093,2540.27867,2528.387516,-4190.940693,LLG
19.00769403,65.46484438,69.05109214,2393.634763,2606.254429,-4125.213179,LLG
18.45656819,55.22780354,80.64121864,2244.629033,2681.549466,-4055.415475,LLG
17.88724891,44.93627579,92.15175653,2093.407892,2754.197861,-3981.614755,LLG
17.30029233,34.60040789,103.5713621,1940.121215,2824.128377,-3903.885558,LLG
16.69628342,24.23040982,114.8887499,1784.919638,2891.271544,-3822.302889,LLG
16.07581254,13.83650582,126.0927666,1627.956967,2955.561556,-3736.948961,LLG
15.43949774,3.428963084,137.1723396,1469.387465,3016.934511,-3647.90631,LLG
14.78796129,-6.981957059,148.1165504,1309.36826,3075.330296,-3555.264506,LLG
14.12185185,-17.38597063,158.9145826,1148.056634,3130.690827,-3459.113283,LLG
13.44182112,-27.77281977,169.5557956,985.6124175,3182.961924,-3359.54922,LLG
12.74854588,-38.13224428,180.0296722,822.1952898,3232.091549,-3256.668888,LLG
12.04270465,-48.45403028,190.3258915,657.9671567,3278.031668,-3150.575501,LLG
11.32499965,-58.7279818,200.4342767,493.0894593,3320.736494,-3041.37208,LLG
10.59613353,-68.9439693,210.3448678,327.7255433,3360.164331,-2929.168073,LLG
9.856831241,-79.09190123,220.0478686,162.0379725,3396.27582,-2814.072536,LLG
9.107816743,-89.16177239,229.5337189,-3.809109953,3429.035772,-2696.20073,LLG
8.349834847,-99.14363548,238.7930418,-169.6526616,3458.411409,-2575.667306,LLG
7.583627977,-109.0276491,247.816715,-335.3283872,3484.374188,-2452.592887,LLG
6.809957892,-118.8040495,256.5958178,-500.6734116,3506.89804,-2327.097264,LLG
6.029582514,-128.463198,265.1217017,-665.5239332,3525.961183,-2199.305953,LLG
5.243277566,-137.9955527,273.3859372,-829.7178897,3541.544358,-2069.343404,LLG
4.451813459,-147.3917157,281.3803839,-993.0926172,3553.632632,-1937.339537,LLG
3.655976842,-156.6424048,289.097137,-1155.487508,3562.213631,-1803.422963,LLG
2.856547547,-165.7385001,296.5285962,-1316.741675,3567.279329,-1667.727499,LLG
2.05432007,-174.6710154,303.6674123,-1476.696602,3568.824285,-1530.385406,LLG
1.250080564,-183.4311448,310.5065554,-1635.193812,3566.847416,-1391.533876,LLG
0.444628256,-192.0102337,317.0392609,-1792.077507,3561.350232,-1251.308288,LLG
-0.361247501,-200.399825,323.2590969,-1947.192243,3552.338599,-1109.848677,LLG
-1.166745882,-208.5916298,329.1599101,-2100.385558,3539.820969,-967.2929999,LLG
-1.971077471,-216.5775731,334.7358923,-2251.505652,3523.810135,-823.7835852,LLG
-2.773442985,-224.3497644,339.9815254,-2400.404004,3504.321461,-679.4604193,LLG
-3.573056084,-231.9005428,344.8916479,-2546.933054,3481.374616,-534.4675691,LLG
-4.369122155,-239.2224474,349.4613988,-2690.94881,3454.991808,-388.9464901,LLG
-5.160861061,-246.3082615,353.6862835,-2832.308532,3425.199513,-243.0424266,LLG
-5.947485976,-253.1509831,357.5621175,-2970.873328,3392.026694,-96.89773808,LLG
-6.728226063,-259.7438685,361.0850908,-3106.505839,3355.506525,49.34172035,LLG
-7.502305366,-266.080402,364.2517117,-3239.072823,3315.674611,195.5332537,LLG
-8.268965415,-272.1543395,367.0588701,-3368.442843,3272.570697,341.5309652,LLG
-9.027444165,-277.9596775,369.5037806,-3494.488835,3226.236887,487.1923938,LLG
-9.776998525,-283.490696,371.5840455,-3617.085799,3176.71934,632.3721704,LLG
-10.51688335,-288.7419275,373.2975968,-3736.113354,3124.066492,776.9286367,LLG
-11.24637387,-293.7081988,374.6427583,-3851.453427,3068.330736,920.7175187,LLG
-11.96474477,-298.3845995,375.6181877,-3962.992798,3009.566645,1063.598526,LLG
-12.67129251,-302.7665239,376.2229371,-4070.620785,2947.832644,1205.429043,LLG
-13.3653144,-306.8496383,376.456395,-4174.231776,2883.189226,1346.070706,LLG
-14.04613093,-310.6299223,376.3183457,-4273.722918,2815.700616,1485.383116,LLG
-14.71306482,-314.1036361,375.8089107,-4368.996627,2745.432987,1623.230389,LLG
-15.36546327,-317.2673607,374.9286076,-4459.958277,2672.456115,1759.474888,LLG
-16.00267708,-320.1179648,373.6782902,-4546.518701,2596.841591,1893.983752,LLG
-16.62408274,-322.6526442,372.0592073,-4628.591875,2518.664464,2026.622643,LLG
-17.22906166,-324.8688885,370.072942,-4706.097401,2438.001459,2157.262255,LLG
-17.81702214,-326.7645196,367.7214692,-4778.958192,2354.932606,2285.772072,LLG
-18.38737859,-328.3376576,365.0070948,-4847.102942,2269.53946,2412.026858,LLG
-18.93957347,-329.5867591,361.9325123,-4910.463802,2181.906718,2535.90043,LLG
-19.47305652,-330.5105824,358.5007412,-4968.978839,2092.120438,2657.272122,LLG
-19.98730655,-331.1082247,354.7151829,-5022.589711,2000.269653,2776.020574,LLG
-20.48181077,-331.3790873,350.5795587,-5071.244104,1906.444585,2892.030175,LLG
-20.95608645,-331.3229119,346.0979646,-5114.89341,1810.738249,3005.184861,LLG
-21.40966026,-330.9397448,341.2748087,-5153.495143,1713.244677,3115.374536,LLG
-21.84208984,-330.2299733,336.1148656,-5187.010618,1614.060502,3222.488883,LLG
-22.25294318,-329.1942887,330.6232128,-5215.407349,1513.283186,3326.423764,LLG
-22.64182007,-327.8337223,324.8052846,-5238.656722,1411.012606,3427.07504,LLG
-23.00833148,-326.1496076,318.6668079,-5256.736382,1307.349271,3524.344947,LLG
-23.35212097,-324.1436158,312.2138553,-5269.627898,1202.395901,3618.135926,LLG
-23.672844,-321.8177174,305.4527806,-5277.319136,1096.255656,3708.356979,LLG
-23.9701893,-319.1742169,298.3902705,-5279.801918,989.0337007,3794.917509,LLG
-24.2438582,-316.2157142,291.0332804,-5277.074379,880.8354332,3877.733648,LLG
-24.49358584,-312.9451377,283.3890854,-5269.138628,771.7680484,3956.722113,LLG
-24.71912055,-309.3657063,275.4652147,-5256.003078,661.938767,4031.806503,LLG
-24.92024497,-305.4809614,267.2695029,-5237.680112,551.4563922,4102.91117,LLG
-25.09675541,-301.2947278,258.8100235,-5214.188392,440.4295426,4169.967489,LLG
-25.24848287,-296.8111458,250.0951396,-5185.550522,328.9682018,4232.907738,LLG
-25.37527243,-292.0346311,241.1334372,-5151.795344,217.1819557,4291.671347,LLG
-25.47700414,-286.9699066,231.9337748,-5112.95559,105.1815364,4346.19878,LLG
-25.55357243,-281.6219616,222.5052172,-5069.07017,-6.922937341,4396.437767,LLG
-25.6049069,-275.9960827,212.8570833,-5020.181816,-119.0204204,4442.337189,LLG
-25.63095173,-270.0978132,202.9988805,-4966.33935,-231.000697,4483.853284,LLG
-25.63168638,-263.9329828,192.9403519,-4907.595334,-342.7528459,4520.943549,LLG
-25.60710496,-257.5076666,182.6914098,-4844.008315,-454.1669907,4553.57291,LLG
-25.55723689,-250.8282144,172.262183,-4775.640473,-565.1327702,4581.707637,LLG
-25.48212624,-243.9012093,161.6629495,-4702.55985,-675.541083,4605.321492,LLG
-25.38185226,-236.7334961,150.9041837,-4624.837997,-785.2825616,4624.389646,LLG
-25.25650879,-229.3321398,139.9964891,-4542.552187,-894.2493116,4638.894803,LLG
-25.10622464,-221.7044532,128.9506444,-4455.783055,-1002.333389,4648.821129,LLG
-24.93114303,-213.8579555,117.7775364,-4364.616803,-1109.428535,4654.160344,LLG
-24.73144182,-205.8003986,106.4882057,-4269.142831,-1215.428653,4654.905665,LLG
-24.50731302,-197.5397259,95.09377936,-4169.455928,-1320.229539,4651.05787,LLG
-24.25898289,-189.0840983,83.60551645,-4065.653906,-1423.727363,4642.619243,LLG
-23.98669143,-180.4418518,72.03474045,-3957.839773,-1525.820388,4629.599623,LLG
-23.69071243,-171.6215239,60.3928843,-3846.119361,-1626.407459,4612.010351,LLG
-23.37133292,-162.6318105,48.69142314,-3730.60349,-1725.38971,4589.87029,LLG
-23.02887314,-153.4815921,36.94191886,-3611.405596,-1822.669056,4563.199788,LLG
-22.66366602,-144.1798902,25.15595286,-3488.643877,-1918.149895,4532.026665,LLG
-22.276077,-134.7358931,13.34517038,-3362.43892,-2011.737599,4496.380188,LLG
-21.86648357,-125.1589122,1.521213341,-3232.915837,-2103.340207,4456.29703,LLG
-21.43529496,-115.4584074,-10.30423556,-3100.201891,-2192.86692,4411.815256,LLG
-20.98293169,-105.6439435,-22.11951989,-2964.428614,-2280.229784,4362.980255,LLG
-20.50984519,-95.72521463,-33.91296556,-2825.729438,-2365.342185,4309.838732,LLG
-20.01649735,-85.71200089,-45.67294766,-2684.241802,-2448.120525,4252.444618,LLG
-19.50338003,-75.61419259,-57.38784674,-2540.104779,-2528.482713,4190.853071,LLG
-18.97099463,-65.44174658,-69.04611536,-2393.461172,-2606.34984,4125.126355,LLG
-18.41987153,-55.20471029,-80.63623447,-2244.455144,-2681.644663,4055.327854,LLG
-17.85054966,-44.91317801,-92.14677976,-2093.234302,-2754.293271,3981.52793,LLG
-17.26359581,-34.57731466,-103.566378,-1939.947327,-2824.223574,3903.797938,LLG
-16.6595843,-24.20731208,-114.8837731,-1784.746049,-2891.366954,3822.216063,LLG
-16.03911616,-13.8134126,-126.0877825,-1627.783081,-2955.656753,3736.861343,LLG
-15.40279877,-3.405865365,-137.1673628,-1469.213877,-3017.02992,3647.819483,LLG
-14.75126504,7.005050258,-148.1115663,-1309.194376,-3075.425493,3555.17689,LLG
-14.08515302,17.40906832,-158.9096059,-1147.883047,-3130.786236,3459.026456,LLG
-13.40512501,27.79591295,-169.5508116,-985.4385352,-3183.057122,3359.461605,LLG
-12.7118472,38.15534194,-180.0246954,-822.0217037,-3232.186957,3256.582059,LLG
-12.00600867,48.47712345,-190.3209074,-657.7932761,-3278.126866,3150.487888,LLG
-11.28830111,58.75107944,-200.4293,-492.915874,-3320.831901,3041.28525,LLG
-10.55943769,68.96706245,-210.3398838,-327.5516645,-3360.259528,2929.080461,LLG
-9.820132845,79.11499884,-220.0428918,-161.8643882,-3396.371227,2813.985706,LLG
-9.07112104,89.18486554,-229.5287349,3.982986973,-3429.13097,2696.113119,LLG
-8.313136595,99.16673306,-238.7880651,169.826245,-3458.506815,2575.580475,LLG
-7.54693241,109.0507423,-247.8117311,335.5022624,-3484.469386,2452.505277,LLG
-6.773259783,118.8271471,-256.5908411,500.846994,-3506.993446,2327.010432,LLG
-5.992887082,128.4862911,-265.1167177,665.6978067,-3526.056381,2199.218345,LLG
-5.206579602,138.0186502,-273.3809605,829.8914712,-3541.639764,2069.256572,LLG
-4.415118164,147.4148088,-281.3754,993.2664889,-3553.72783,1937.25193,LLG
-3.619279021,156.6655023,-289.0921603,1155.661088,-3562.309035,1803.336129,LLG
-2.819852388,165.7615932,-296.5236123,1316.915545,-3567.374527,1667.639893,LLG
-2.017622392,174.6941129,-303.6624356,1476.870182,-3568.919689,1530.298571,LLG
-1.213385541,183.4542379,-310.5015716,1635.36768,-3566.942614,1391.446271,LLG
-0.407930722,192.0333312,-317.0342841,1792.251086,-3561.445636,1251.221453,LLG
0.397942388,200.4229181,-323.2541131,1947.366109,-3552.433797,1109.761074,LLG
1.203443272,208.6147272,-329.1549334,2100.559136,-3539.916372,967.2061637,LLG
2.007772222,216.6006661,-334.7309085,2251.679517,-3523.905333,823.6959838,LLG
2.810140232,224.3728618,-339.9765487,2400.577581,-3504.416863,679.3735822,LLG
3.609750698,231.9236359,-344.8866641,2547.106917,-3481.469814,534.3799691,LLG
4.405819258,239.2455448,-349.4564221,2691.122386,-3455.08721,388.8596521,LLG
5.197555539,246.3313545,-353.6812998,2832.482393,-3425.294711,242.9548279,LLG
5.984182935,253.1740804,-357.5571408,2971.046903,-3392.122095,96.81089926,LLG
6.764920404,259.7669615,-361.0801071,3106.679698,-3355.601723,-49.42931774,LLG
7.539002182,266.1034993,-364.246735,3239.246397,-3315.770012,-195.6200934,LLG
8.30565962,272.1774324,-367.0538864,3368.616701,-3272.665895,-341.6185612,LLG
9.064140837,277.9827747,-369.498804,3494.662408,-3226.332287,-487.2792343,LLG
9.813692593,283.513789,-371.5790618,3617.259655,-3176.814539,-632.4597651,LLG
10.55357987,288.7650248,-373.2926201,3736.286926,-3124.161892,-777.015478,LLG
11.28306781,293.7312917,-374.6377747,3851.627281,-3068.425934,-920.8051121,LLG
12.00144116,298.4076968,-375.613211,3963.166369,-3009.662045,-1063.685368,LLG
12.7079863,302.7896168,-376.2179535,4070.794637,-2947.927842,-1205.516635,LLG
13.40201064,306.8727355,-376.4514183,4174.405347,-2883.284624,-1346.157549,LLG
14.08282459,310.6530152,-376.3133621,4273.896769,-2815.795814,-1485.470707,LLG
14.74976092,314.1267333,-375.8039341,4369.170196,-2745.528385,-1623.317233,LLG
15.4021568,317.2904536,-374.923624,4460.132126,-2672.551314,-1759.562477,LLG
16.03937303,320.1410619,-373.6733135,4546.69227,-2596.936988,-1894.070597,LLG
16.66077613,322.6757371,-372.0542238,4628.765722,-2518.759662,-2026.710231,LLG
17.26575747,324.8919856,-370.0679654,4706.270969,-2438.096856,-2157.349101,LLG
17.85371539,326.7876125,-367.7164857,4779.132038,-2355.027805,-2285.859659,LLG
18.42407425,328.3607547,-365.0021181,4847.276508,-2269.634857,-2412.113705,LLG
18.97626658,329.609852,-361.9275288,4910.637646,-2182.001917,-2535.988015,LLG
19.50975204,330.5336795,-358.4957645,4969.152405,-2092.215834,-2657.358969,LLG
20.02399953,331.1313176,-354.7101994,5022.763553,-2000.364852,-2776.108158,LLG
20.51850615,331.4021844,-350.5745821,5071.417669,-1906.53998,-2892.117023,LLG
20.99277929,331.3460047,-346.0929811,5115.06725,-1810.833448,-3005.272444,LLG
21.44635549,330.9628418,-341.2698321,5153.668707,-1713.340072,-3115.461384,LLG
21.87878254,330.2530661,-336.1098821,5187.184457,-1614.1557,-3222.576464,LLG
22.28963827,329.2173857,-330.6182362,5215.580912,-1513.378581,-3326.510614,LLG
22.67851264,327.8568151,-324.8003012,5238.830559,-1411.107805,-3427.162621,LLG
23.04502643,326.1727046,-318.6618313,5256.909944,-1307.444664,-3524.431797,LLG
23.3888134,324.1667085,-312.2088719,5269.801733,-1202.4911,-3618.223505,LLG
23.7095388,321.8408144,-305.4478039,5277.492697,-1096.351049,-3708.44383,LLG
24.00688159,319.1973097,-298.3852871,5279.975751,-989.1288994,-3795.005086,LLG
24.28055286,316.2388111,-291.0283038,5277.247939,-880.9308259,-3877.8205,LLG
24.53027799,312.9682304,-283.384102,5269.312459,-771.8632471,-3956.809689,LLG
24.75581507,309.3888032,-275.4602381,5256.176637,-662.0341592,-4031.893356,LLG
24.95693699,305.5040542,-267.2645196,5237.853941,-551.551591,-4102.998745,LLG
25.13344978,301.3178247,-258.8050469,5214.36195,-440.5249342,-4170.054342,LLG
25.28517475,296.8342385,-250.0901563,5185.72435,-329.0634006,-4232.995312,LLG
25.41196666,292.057728,-241.1284606,5151.968901,-217.2773468,-4291.758201,LLG
25.51369588,286.9929993,-231.9287916,5113.129417,-105.2767351,-4346.286353,LLG
25.59026651,281.6450584,-222.5002406,5069.243726,6.827546752,-4396.524622,LLG
25.6415985,276.0191754,-212.8521001,5020.35564,118.9252216,-4442.42476,LLG
25.66764567,270.12091,-202.9939039,4966.512906,230.9053069,-4483.94014,LLG
25.66837785,263.9560754,-192.9353687,4907.769157,342.657647,-4521.031119,LLG
25.64379876,257.5307633,-182.6864333,4844.18187,454.0716012,-4553.659766,LLG
25.59392823,250.8513071,-172.2571998,4775.814294,565.0375714,-4581.795206,LLG
25.51881989,243.924306,-161.6579729,4702.733403,675.445694,-4605.40835,LLG
25.41854346,236.7565887,-150.8992006,4625.011816,785.1873627,-4624.477214,LLG
25.2932023,229.3552364,-139.9915126,4542.725739,894.1539231,-4638.981661,LLG
25.1429157,221.7275459,-128.9456613,4455.956873,1002.23819,-4648.908695,LLG
24.96783639,213.8810521,-117.7725598,4364.790354,1109.333147,-4654.247203,LLG
24.76813275,205.8234912,-106.4832226,4269.316647,1215.333454,-4654.99323,LLG
24.54400624,197.5628226,-95.08880282,4169.629478,1320.134151,-4651.144729,LLG
24.29567368,189.1071909,-83.60053338,4065.827721,1423.632164,-4642.706807,LLG
24.02338451,180.4649484,-72.02976392,3958.013322,1525.725001,-4629.686483,LLG
23.72740308,171.6446165,-60.38790126,3846.293173,1626.31226,-4612.097913,LLG
23.40802585,162.6549071,-48.68644662,3730.777038,1725.294324,-4589.957152,LLG
23.06556365,153.5046847,-36.93693584,3611.579407,1822.573857,-4563.287349,LLG
22.70035881,144.2029868,-25.15097634,3488.817424,1918.054509,-4532.113527,LLG
22.31276738,134.7589856,-13.34018738,3362.612729,2011.6424,-4496.467747,LLG
21.90317622,125.1820087,-1.516236829,3233.089384,2103.244822,-4456.383893,LLG
21.4719852,115.4815,10.30921853,3100.375698,2192.771721,-4411.902814,LLG
21.01962419,105.66704,22.1244964,2964.602159,2280.134399,-4363.067118,LLG
20.54653529,95.74830715,33.9179485,2825.903244,2365.246986,-4309.926289,LLG
20.05318971,85.73509735,45.67792416,2684.415347,2448.02514,-4252.531483,LLG
19.54007,75.63728509,57.39282966,2540.278583,2528.387514,-4190.940627,LLG
19.00768685,65.46484302,69.05109185,2393.634716,2606.254456,-4125.21322,LLG
18.45656136,55.22780278,80.64121736,2244.628946,2681.549464,-4055.415409,LLG
17.88724173,44.93627443,92.15175624,2093.407844,2754.197888,-3981.614796,LLG
17.3002855,34.60040714,103.5713609,1940.121127,2824.128375,-3903.885492,LLG
16.69627623,24.23040846,114.8887496,1784.919591,2891.271571,-3822.302929,LLG
16.07580571,13.83650506,126.0927653,1627.95688,2955.561554,-3736.948895,LLG
15.43949056,3.428961723,137.1723393,1469.387418,3016.934538,-3647.906351,LLG
14.78795446,-6.981957816,148.1165491,1309.368173,3075.330294,-3555.264441,LLG
14.12184466,-17.38597199,158.9145823,1148.056586,3130.690854,-3459.113324,LLG
13.44181429,-27.77282053,169.5557944,985.6123306,3182.961923,-3359.549155,LLG
12.74853869,-38.13224564,180.0296719,822.1952423,3232.091576,-3256.668928,LLG
12.04269781,-48.45403104,190.3258902,657.9670698,3278.031667,-3150.575437,LLG
11.32499246,-58.72798316,200.4342764,493.0894117,3320.73652,-3041.37212,LLG
10.5961267,-68.94397006,210.3448665,327.7254564,3360.164329,-2929.168008,LLG
9.856824055,-79.09190259,220.0478683,162.0379249,3396.275847,-2814.072576,LLG
9.107809908,-89.16177316,229.5337176,-3.809196773,3429.035771,-2696.200665,LLG
8.349827661,-99.14363684,238.7930415,-169.6527092,3458.411436,-2575.667345,LLG
7.583621141,-109.0276499,247.8167138,-335.3284739,3484.374187,-2452.592822,LLG
6.809950705,-118.8040509,256.5958175,-500.6734593,3506.898067,-2327.097304,LLG
6.029575676,-128.4631988,265.1217004,-665.52402,3525.961182,-2199.305889,LLG
5.24327038,-137.995554,273.3859369,-829.7179375,3541.544385,-2069.343444,LLG
4.45180662,-147.3917165,281.3803827,-993.0927039,3553.632631,-1937.339472,LLG
3.655969656,-156.6424062,289.0971367,-1155.487556,3562.213657,-1803.423002,LLG
2.856540707,-165.7385009,296.5285949,-1316.741762,3567.279328,-1667.727435,LLG
2.054312883,-174.6710168,303.667412,-1476.69665,3568.824312,-1530.385445,LLG
1.250073722,-183.4311456,310.5065541,-1635.193899,3566.847415,-1391.533812,LLG
0.444621069,-192.0102351,317.0392605,-1792.077555,3561.350259,-1251.308327,LLG
-0.361254344,-200.3998258,323.2590957,-1947.192329,3552.338597,-1109.848613,LLG
-1.166753069,-208.5916311,329.1599098,-2100.385606,3539.820995,-967.2930388,LLG
-1.971084315,-216.5775738,334.7358911,-2251.505739,3523.810134,-823.7835217,LLG
-2.773450172,-224.3497657,339.9815251,-2400.404052,3504.321487,-679.460458,LLG
-3.573062929,-231.9005436,344.8916466,-2546.933141,3481.374614,-534.4675057,LLG
-4.369129343,-239.2224487,349.4613985,-2690.948858,3454.991835,-388.9465286,LLG
-5.160867907,-246.3082623,353.6862823,-2832.308618,3425.199512,-243.0423634,LLG
-5.947493163,-253.1509845,357.5621172,-2970.873376,3392.02672,-96.89777647,LLG
-6.72823291,-259.7438692,361.0850896,-3106.505925,3355.506523,49.34178345,LLG
-7.502312554,-266.0804033,364.2517114,-3239.072871,3315.674637,195.5332155,LLG
-8.268972264,-272.1543402,367.0588688,-3368.442929,3272.570696,341.5310281,LLG
-9.027451353,-277.9596788,369.5037803,-3494.488884,3226.236913,487.1923557,LLG
-9.777005374,-283.4906968,371.5840443,-3617.085885,3176.719339,632.3722332,LLG
-10.51689053,-288.7419289,373.2975965,-3736.113402,3124.066518,776.9285987,LLG
-11.24638072,-293.7081996,374.6427571,-3851.453513,3068.330735,920.7175813,LLG
-11.96475196,-298.3846009,375.6181873,-3962.992846,3009.566671,1063.598488,LLG
-12.67129936,-302.7665247,376.2229359,-4070.620871,2947.832643,1205.429105,LLG
-13.36532159,-306.8496396,376.4563947,-4174.231825,2883.189252,1346.070669,LLG
-14.04613778,-310.6299231,376.3183445,-4273.723005,2815.700615,1485.383178,LLG
-14.71307201,-314.1036374,375.8089104,-4368.996676,2745.433013,1623.230352,LLG
-15.36547013,-317.2673615,374.9286063,-4459.958363,2672.456114,1759.47495,LLG
-16.00268427,-320.1179661,373.6782899,-4546.51875,2596.841617,1893.983715,LLG
-16.6240896,-322.652645,372.0592061,-4628.591961,2518.664463,2026.622705,LLG
-17.22906885,-324.8688899,370.0729417,-4706.09745,2438.001485,2157.262218,LLG
-17.81702899,-326.7645204,367.721468,-4778.958278,2354.932606,2285.772134,LLG
-18.38738578,-328.337659,365.0070945,-4847.10299,2269.539486,2412.026821,LLG
-18.93958033,-329.5867599,361.932511,-4910.463888,2181.906717,2535.900492,LLG
-19.47306371,-330.5105837,358.5007408,-4968.978888,2092.120464,2657.272085,LLG
-19.98731341,-331.1082255,354.7151817,-5022.589797,2000.269652,2776.020636,LLG
-20.48181796,-331.3790887,350.5795584,-5071.244153,1906.44461,2892.030139,LLG
-20.95609331,-331.3229126,346.0979633,-5114.893496,1810.738249,3005.184922,LLG
-21.40966745,-330.9397462,341.2748084,-5153.495192,1713.244702,3115.374499,LLG
-21.8420967,-330.229974,336.1148643,-5187.010704,1614.060501,3222.488944,LLG
-22.25295037,-329.1942901,330.6232125,-5215.407398,1513.283212,3326.423728,LLG
-22.64182693,-327.833723,324.8052833,-5238.656808,1411.012606,3427.075102,LLG
-23.00833867,-326.149609,318.6668076,-5256.736431,1307.349296,3524.34491,LLG
-23.35212783,-324.1436165,312.2138541,-5269.627984,1202.395901,3618.135987,LLG
-23.67285119,-321.8177188,305.4527802,-5277.319185,1096.255682,3708.356942,LLG
-23.97019616,-319.1742177,298.3902692,-5279.802003,989.0337003,3794.91757,LLG
-24.24386539,-316.2157155,291.0332801,-5277.074428,880.8354588,3877.733612,LLG
-24.4935927,-312.9451385,283.3890841,-5269.138713,771.7680479,3956.722174,LLG
-24.71912774,-309.3657077,275.4652144,-5256.003127,661.9387925,4031.806468,LLG
-24.92025184,-305.4809622,267.2695016,-5237.680197,551.4563918,4102.911231,LLG
-25.0967626,-301.2947292,258.8100232,-5214.188441,440.429568,4169.967453,LLG
-25.24848974,-296.8111466,250.0951383,-5185.550607,328.9682014,4232.907799,LLG
-25.37527962,-292.0346325,241.1334368,-5151.795393,217.1819812,4291.671311,LLG
-25.477011,-286.9699074,231.9337736,-5112.955676,105.181536,4346.198841,LLG
-25.55357962,-281.6219629,222.5052168,-5069.07022,-6.922911958,4396.437731,LLG
-25.60491376,-275.9960835,212.8570821,-5020.181901,-119.0204207,4442.337249,LLG
-25.63095892,-270.0978145,202.9988802,-4966.3394,-231.0006717,4483.853249,LLG
-25.63169325,-263.9329836,192.9403507,-4907.595419,-342.7528461,4520.943609,LLG
-25.60711215,-257.5076679,182.6914095,-4844.008365,-454.1669654,4553.572874,LLG
-25.55724376,-250.8282152,172.2621817,-4775.640558,-565.1327705,4581.707697,LLG
-25.48213343,-243.9012106,161.6629491,-4702.559899,-675.5410578,4605.321457,LLG
-25.38185913,-236.7334969,150.9041825,-4624.838082,-785.2825618,4624.389706,LLG
-25.25651598,-229.3321411,139.9964888,-4542.552236,-894.2492864,4638.894768,LLG
-25.10623152,-221.704454,128.9506432,-4455.78314,-1002.333389,4648.821188,LLG
-24.93115022,-213.8579568,117.777536,-4364.616852,-1109.42851,4654.160309,LLG
-24.73144869,-205.8003994,106.4882044,-4269.142916,-1215.428653,4654.905725,LLG
-24.50732021,-197.5397273,95.09377901,-4169.455978,-1320.229514,4651.057835,LLG
-24.25898976,-189.0840991,83.60551523,-4065.653991,-1423.727363,4642.619303,LLG
-23.98669862,-180.4418531,72.0347401,-3957.839822,-1525.820363,4629.599588,LLG
-23.6907193,-171.6215247,60.39288308,-3846.119446,-1626.407459,4612.01041,LLG
-23.37134011,-162.6318119,48.69142279,-3730.603539,-1725.389685,4589.870256,LLG
-23.02888001,-153.4815929,36.94191764,-3611.405681,-1822.669056,4563.199847,LLG
-22.66367321,-144.1798916,25.1559525,-3488.643926,-1918.14987,4532.026631,LLG
-22.27608388,-134.7358939,13.34516915,-3362.439005,-2011.737599,4496.380247,LLG
-21.86649076,-125.1589135,1.521212984,-3232.915887,-2103.340182,4456.296996,LLG
-21.43530184,-115.4584082,-10.30423678,-3100.201976,-2192.86692,4411.815315,LLG
-20.98293888,-105.6439448,-22.11952025,-2964.428664,-2280.229759,4362.980221,LLG
-20.50985207,-95.72521543,-33.91296678,-2825.729523,-2365.342185,4309.838791,LLG
-20.01650454,-85.71200222,-45.67294802,-2684.241852,-2448.1205,4252.444585,LLG
-19.50338691,-75.61419339,-57.38784796,-2540.104864,-2528.482713,4190.853129,LLG
-18.97100182,-65.44174791,-69.04611572,-2393.461222,-2606.349815,4125.126321,LLG
-18.41987842,-55.2047111,-80.63623569,-2244.455229,-2681.644663,4055.327913,LLG
-17.85055685,-44.91317934,-92.14678012,-2093.234352,-2754.293246,3981.527897,LLG
-17.26360269,-34.57731547,-103.5663792,-1939.947411,-2824.223574,3903.797997,LLG
-16.65959149,-24.20731341,-114.8837735,-1784.746099,-2891.366929,3822.216029,LLG
-16.03912304,-13.81341341,-126.0877837,-1627.783165,-2955.656753,3736.861401,LLG
-15.40280596,-3.405866692,-137.1673632,-1469.213927,-3017.029895,3647.81945,LLG
-14.75127192,7.005049454,-148.1115675,-1309.19446,-3075.425493,3555.176948,LLG
-14.08516021,17.40906699,-158.9096062,-1147.883097,-3130.786211,3459.026422,LLG
-13.40513189,27.79591215,-169.5508128,-985.4386197,-3183.057121,3359.461663,LLG
-12.71185439,38.15534062,-180.0246958,-822.0217539,-3232.186932,3256.582026,LLG
-12.00601556,48.47712264,-190.3209086,-657.7933606,-3278.126865,3150.487946,LLG
-11.2883083,58.75107811,-200.4293003,-492.9159243,-3320.831876,3041.285217,LLG
-10.55944458,68.96706164,-210.339885,-327.5517489,-3360.259528,2929.080519,LLG
-9.820140037,79.11499752,-220.0428922,-161.8644385,-3396.371202,2813.985673,LLG
-9.071127928,89.18486473,-229.5287361,3.982902653,-3429.130969,2696.113176,LLG
-8.313143786,99.16673174,-238.7880654,169.8261946,-3458.506791,2575.580442,LLG
-7.546939299,109.0507415,-247.8117323,335.5021781,-3484.469385,2452.505335,LLG
-6.773266975,118.8271457,-256.5908414,500.8469436,-3506.993421,2327.0104,LLG
-5.992893972,128.4862903,-265.116719,665.6977225,-3526.05638,2199.218402,LLG
-5.206586793,138.0186489,-273.3809608,829.8914208,-3541.639739,2069.256539,LLG
-4.415125055,147.414808,-281.3754012,993.2664048,-3553.72783,1937.251987,LLG
-3.619286212,156.665501,-289.0921606,1155.661038,-3562.309011,1803.336097,LLG
-2.81985928,165.7615924,-296.5236135,1316.915461,-3567.374527,1667.63995,LLG
-2.017629583,174.6941116,-303.6624359,1476.870131,-3568.919665,1530.298539,LLG
-1.213392433,183.4542371,-310.5015728,1635.367596,-3566.942614,1391.446328,LLG
-0.407937913,192.0333298,-317.0342845,1792.251035,-3561.445611,1251.221421,LLG
0.397935495,200.4229173,-323.2541143,1947.366025,-3552.433796,1109.761131,LLG
1.20343608,208.6147259,-329.1549338,2100.559085,-3539.916347,967.2061317,LLG
2.007765328,216.6006653,-334.7309097,2251.679433,-3523.905333,823.6960405,LLG
2.81013304,224.3728605,-339.9765491,2400.577531,-3504.416839,679.3735503,LLG
3.609743803,231.923635,-344.8866653,2547.106833,-3481.469813,534.3800256,LLG
4.405812067,239.2455434,-349.4564225,2691.122335,-3455.087186,388.8596204,LLG
5.197548643,246.3313537,-353.681301,2832.482309,-3425.29471,242.9548843,LLG
5.984175744,253.1740791,-357.5571412,2971.046852,-3392.122071,96.81086765,LLG
6.764913508,259.7669607,-361.0801083,3106.679614,-3355.601722,-49.42926145,LLG
7.53899499,266.103498,-364.2467354,3239.246346,-3315.769988,-195.6201249,LLG
8.305652723,272.1774316,-367.0538876,3368.616617,-3272.665895,-341.6185051,LLG
9.064133646,277.9827734,-369.4988043,3494.662358,-3226.332263,-487.2792656,LLG
9.813685695,283.5137882,-371.579063,3617.259571,-3176.814538,-632.4597091,LLG
10.55357268,288.7650235,-373.2926205,3736.286875,-3124.161868,-777.0155093,LLG
11.28306091,293.7312909,-374.6377759,3851.627198,-3068.425933,-920.8050562,LLG
12.00143397,298.4076954,-375.6132114,3963.166318,-3009.66202,-1063.685399,LLG
12.70797941,302.789616,-376.2179547,4070.794553,-2947.927842,-1205.516579,LLG
13.40200345,306.8727342,-376.4514187,4174.405296,-2883.2846,-1346.15758,LLG
14.08281769,310.6530144,-376.3133633,4273.896686,-2815.795813,-1485.470651,LLG
14.74975373,314.1267319,-375.8039344,4369.170145,-2745.528361,-1623.317264,LLG
15.40214989,317.2904528,-374.9236252,4460.132043,-2672.551313,-1759.562422,LLG
16.03936584,320.1410606,-373.6733139,4546.692219,-2596.936964,-1894.070628,LLG
16.66076922,322.6757363,-372.054225,4628.765639,-2518.759661,-2026.710176,LLG
17.26575028,324.8919843,-370.0679657,4706.270917,-2438.096832,-2157.349131,LLG
17.85370848,326.7876117,-367.7164869,4779.131954,-2355.027804,-2285.859603,LLG
18.42406706,328.3607534,-365.0021185,4847.276457,-2269.634833,-2412.113735,LLG
18.97625968,329.6098512,-361.92753,4910.637562,-2182.001916,-2535.98796,LLG
19.50974485,330.5336781,-358.4957649,4969.152353,-2092.21581,-2657.359,LLG
20.02399262,331.1313167,-354.7102006,5022.76347,-2000.36485,-2776.108103,LLG
20.51849896,331.402183,-350.5745825,5071.417618,-1906.539956,-2892.117054,LLG
20.99277239,331.3460039,-346.0929823,5115.067167,-1810.833447,-3005.272389,LLG
21.4463483,330.9628405,-341.2698325,5153.668656,-1713.340048,-3115.461414,LLG
21.87877564,330.2530653,-336.1098833,5187.184373,-1614.155699,-3222.57641,LLG
22.28963108,329.2173844,-330.6182366,5215.58086,-1513.378557,-3326.510644,LLG
22.67850573,327.8568142,-324.8003023,5238.830476,-1411.107804,-3427.162566,LLG
23.04501924,326.1727033,-318.6618317,5256.909892,-1307.444641,-3524.431827,LLG
23.38880649,324.1667077,-312.2088731,5269.80165,-1202.491099,-3618.22345,LLG
23.70953161,321.840813,-305.4478043,5277.492645,-1096.351026,-3708.44386,LLG
24.00687469,319.1973089,-298.3852883,5279.975668,-989.1288982,-3795.005032,LLG
24.28054567,316.2388097,-291.0283042,5277.247887,-880.9308022,-3877.82053,LLG
24.53027108,312.9682296,-283.3841032,5269.312376,-771.8632458,-3956.809635,LLG
24.75580788,309.3888019,-275.4602386,5256.176586,-662.0341354,-4031.893386,LLG
24.95693008,305.5040533,-267.2645207,5237.853858,-551.5515897,-4102.998691,LLG
25.13344259,301.3178234,-258.8050473,5214.361898,-440.5249105,-4170.054372,LLG
25.28516784,296.8342377,-250.0901575,5185.724267,-329.0633993,-4232.995258,LLG
25.41195947,292.0577266,-241.128461,5151.968849,-217.2773232,-4291.75823,LLG
25.51368897,286.9929984,-231.9287928,5113.129334,-105.2767338,-4346.286299,LLG
25.59025932,281.6450571,-222.500241,5069.243675,6.82757039,-4396.524651,LLG
25.64159159,276.0191745,-212.8521012,5020.355557,118.925223,-4442.424706,LLG
25.66763848,270.1209087,-202.9939043,4966.512854,230.9053305,-4483.940169,LLG
25.66837093,263.9560746,-192.9353699,4907.769074,342.6576484,-4521.031065,LLG
25.64379157,257.530762,-182.6864337,4844.181818,454.0716247,-4553.659795,LLG
25.59392131,250.8513062,-172.257201,4775.814211,565.0375728,-4581.795152,LLG
25.5188127,243.9243047,-161.6579733,4702.733351,675.4457176,-4605.408378,LLG
25.41853654,236.7565879,-150.8992017,4625.011733,785.1873642,-4624.47716,LLG
25.29319511,229.3552351,-139.991513,4542.725687,894.1539466,-4638.98169,LLG
25.14290879,221.727545,-128.9456625,4455.95679,1002.238192,-4648.908642,LLG
24.9678292,213.8810508,-117.7725603,4364.790302,1109.33317,-4654.247232,LLG
24.76812583,205.8234904,-106.4832237,4269.316564,1215.333456,-4654.993177,LLG
24.54399905,197.5628213,-95.08880324,4169.629426,1320.134175,-4651.144758,LLG
24.29566676,189.1071901,-83.60053456,4065.827638,1423.632165,-4642.706754,LLG
24.02337732,180.4649471,-72.02976433,3958.01327,1525.725025,-4629.686512,LLG
23.72739616,171.6446156,-60.38790243,3846.293091,1626.312262,-4612.09786,LLG
23.40801866,162.6549058,-48.68644704,3730.776986,1725.294347,-4589.95718,LLG
23.06555673,153.5046838,-36.93693701,3611.579324,1822.573859,-4563.287296,LLG
22.70035162,144.2029855,-25.15097676,3488.817372,1918.054532,-4532.113555,LLG
22.31276046,134.7589848,-13.34018855,3362.612647,2011.642401,-4496.467695,LLG
21.90316903,125.1820074,-1.516237247,3233.089332,2103.244845,-4456.383921,LLG
21.47197828,115.4814991,10.30921736,3100.375616,2192.771722,-4411.902762,LLG
21.019617,105.6670387,22.12449598,2964.602107,2280.134423,-4363.067146,LLG
20.54652837,95.74830632,33.91794733,2825.903161,2365.246988,-4309.926237,LLG
20.05318252,85.73509606,45.67792374,2684.415294,2448.025163,-4252.53151,LLG
19.54006308,75.63728425,57.39282849,2540.278501,2528.387516,-4190.940574,LLG
19.00767966,65.46484172,69.05109143,2393.634663,2606.254479,-4125.213247,LLG
18.45655444,55.22780194,80.6412162,2244.628864,2681.549466,-4055.415357,LLG
17.88723454,44.93627313,92.15175582,2093.407792,2754.197911,-3981.614824,LLG
17.30027858,34.6004063,103.5713597,1940.121045,2824.128377,-3903.88544,LLG
16.69626904,24.23040717,114.8887492,1784.919539,2891.271594,-3822.302957,LLG
16.07579879,13.83650422,126.0927642,1627.956797,2955.561556,-3736.948843,LLG
15.43948337,3.428960428,137.1723389,1469.387365,3016.934561,-3647.906378,LLG
14.78794753,-6.981958659,148.116548,1309.36809,3075.330296,-3555.264389,LLG
14.12183747,-17.38597328,158.9145819,1148.056534,3130.690877,-3459.113351,LLG
13.44180736,-27.77282137,169.5557932,985.6122483,3182.961924,-3359.549104,LLG
12.7485315,-38.13224693,180.0296715,822.1951898,3232.091599,-3256.668955,LLG
12.04269089,-48.45403188,190.325889,657.9669876,3278.031669,-3150.575385,LLG
11.32498527,-58.72798445,200.434276,493.0893591,3320.736543,-3041.372146,LLG
10.59611977,-68.9439709,210.3448654,327.7253742,3360.164331,-2929.167957,LLG
9.856816865,-79.09190388,220.0478678,162.0378722,3396.27587,-2814.072603,LLG
9.10780298,-89.161774,229.5337164,-3.809278898,3429.035773,-2696.200614,LLG
8.349820471,-99.14363813,238.7930411,-169.652762,3458.411459,-2575.667372,LLG
7.583614213,-109.0276508,247.8167126,-335.328556,3484.374189,-2452.592771,LLG
6.809943515,-118.8040522,256.5958171,-500.673512,3506.89809,-2327.09733,LLG
6.029568747,-128.4631996,265.1216993,-665.524102,3525.961184,-2199.305838,LLG
5.24326319,-137.9955553,273.3859365,-829.7179903,3541.544408,-2069.34347,LLG
4.451799691,-147.3917173,281.3803815,-993.0927859,3553.632633,-1937.339421,LLG
3.655962466,-156.6424075,289.0971362,-1155.487609,3562.21368,-1803.423028,LLG
2.856533777,-165.7385017,296.5285938,-1316.741844,3567.27933,-1667.727384,LLG
2.054305693,-174.6710181,303.6674115,-1476.696703,3568.824334,-1530.385471,LLG
1.250066791,-183.4311464,310.506553,-1635.193981,3566.847417,-1391.533761,LLG
0.444613879,-192.0102364,317.0392601,-1792.077608,3561.350281,-1251.308354,LLG
-0.361261275,-200.3998266,323.2590945,-1947.192411,3552.3386,-1109.848562,LLG
-1.166760259,-208.5916324,329.1599094,-2100.385659,3539.821018,-967.2930648,LLG
-1.971091247,-216.5775747,334.7358899,-2251.505821,3523.810136,-823.783471,LLG
-2.773457362,-224.349767,339.9815247,-2400.404105,3504.32151,-679.4604839,LLG
-3.573069861,-231.9005445,344.8916455,-2546.933223,3481.374617,-534.4674551,LLG
-4.369136532,-239.22245,349.4613981,-2690.948911,3454.991857,-388.9465545,LLG
-5.160874841,-246.3082632,353.6862811,-2832.3087,3425.199514,-243.0423129,LLG
-5.947500353,-253.1509857,357.5621168,-2970.873429,3392.026743,-96.89780222,LLG
-6.728239844,-259.7438701,361.0850884,-3106.506007,3355.506526,49.34183385,LLG
-7.502319744,-266.0804046,364.251711,-3239.072925,3315.67466,195.5331898,LLG
-8.268979198,-272.1543411,367.0588677,-3368.443011,3272.570698,341.5310784,LLG
-9.027458543,-277.9596801,369.5037799,-3494.488937,3226.236936,487.1923301,LLG
-9.77701231,-283.4906977,371.5840431,-3617.085967,3176.719342,632.3722834,LLG
-10.51689772,-288.7419302,373.297596,-3736.113456,3124.066541,776.9285733,LLG
-11.24638766,-293.7082004,374.6427559,-3851.453595,3068.330737,920.7176314,LLG
-11.96475915,-298.3846022,375.6181869,-3962.992899,3009.566694,1063.598463,LLG
-12.6713063,-302.7665255,376.2229347,-4070.620952,2947.832646,1205.429155,LLG
-13.36532878,-306.8496409,376.4563942,-4174.231878,2883.189274,1346.070643,LLG
-14.04614472,-310.6299239,376.3183433,-4273.723086,2815.700617,1485.383228,LLG
-14.7130792,-314.1036387,375.8089099,-4368.996729,2745.433036,1623.230327,LLG
-15.36547706,-317.2673623,374.9286052,-4459.958445,2672.456117,1759.475,LLG
-16.00269145,-320.1179674,373.6782894,-4546.518803,2596.841639,1893.98369,LLG
-16.62409653,-322.6526459,372.0592049,-4628.592043,2518.664465,2026.622755,LLG
-17.22907604,-324.8688912,370.0729412,-4706.097503,2438.001507,2157.262193,LLG
-17.81703593,-326.7645212,367.7214668,-4778.95836,2354.932608,2285.772183,LLG
-18.38739297,-328.3376602,365.007094,-4847.103044,2269.539509,2412.026797,LLG
-18.93958727,-329.5867608,361.9325099,-4910.463969,2181.90672,2535.900541,LLG
-19.47307089,-330.510585,358.5007404,-4968.978941,2092.120487,2657.27206,LLG
-19.98732035,-331.1082264,354.7151805,-5022.589878,2000.269655,2776.020685,LLG
-20.48182515,-331.3790899,350.5795579,-5071.244207,1906.444633,2892.030114,LLG
-20.95610025,-331.3229135,346.0979622,-5114.893577,1810.738251,3005.184972,LLG
-21.40967463,-330.9397474,341.2748079,-5153.495246,1713.244725,3115.374474,LLG
-21.84210364,-330.2299749,336.1148632,-5187.010785,1614.060504,3222.488993,LLG
-22.25295756,-329.1942914,330.623212,-5215.407452,1513.283234,3326.423703,LLG
-22.64183387,-327.8337239,324.8052822,-5238.656889,1411.012608,3427.075151,LLG
-23.00834586,-326.1496102,318.6668071,-5256.736485,1307.349319,3524.344886,LLG
-23.35213477,-324.1436174,312.2138529,-5269.628065,1202.395903,3618.136036,LLG
-23.67285838,-321.81772,305.4527798,-5277.319238,1096.255704,3708.356918,LLG
-23.97020311,-319.1742186,298.3902681,-5279.802084,989.033703,3794.917618,LLG
-24.24387258,-316.2157168,291.0332796,-5277.074482,880.835481,3877.733588,LLG
-24.49359965,-312.9451393,283.389083,-5269.138794,771.7680507,3956.722223,LLG
-24.71913493,-309.365709,275.4652139,-5256.003181,661.9388147,4031.806444,LLG
-24.92025878,-305.4809631,267.2695005,-5237.680278,551.4563946,4102.911279,LLG
-25.09676979,-301.2947305,258.8100227,-5214.188495,440.4295902,4169.967429,LLG
-25.24849668,-296.8111474,250.0951372,-5185.550688,328.9682043,4232.907847,LLG
-25.37528681,-292.0346337,241.1334364,-5151.795447,217.1820033,4291.671287,LLG
-25.47701795,-286.9699082,231.9337725,-5112.955757,105.1815389,4346.198889,LLG
-25.5535868,-281.6219642,222.5052164,-5069.070274,-6.922889823,4396.437708,LLG
-25.60492071,-275.9960843,212.8570809,-5020.181982,-119.0204179,4442.337297,LLG
-25.63096611,-270.0978158,202.9988797,-4966.339454,-231.0006495,4483.853225,LLG
-25.63170019,-263.9329844,192.9403496,-4907.5955,-342.7528432,4520.943657,LLG
-25.60711934,-257.5076692,182.691409,-4844.008419,-454.1669433,4553.572851,LLG
-25.55725071,-250.8282161,172.2621806,-4775.640639,-565.1327676,4581.707745,LLG
-25.48214062,-243.9012119,161.6629487,-4702.559953,-675.5410357,4605.321434,LLG
-25.38186608,-236.7334977,150.9041813,-4624.838163,-785.2825589,4624.389754,LLG
-25.25652317,-229.3321424,139.9964883,-4542.55229,-894.2492643,4638.894745,LLG
-25.10623846,-221.7044549,128.9506421,-4455.783221,-1002.333387,4648.821236,LLG
-24.93115741,-213.8579581,117.7775356,-4364.616907,-1109.428488,4654.160286,LLG
-24.73145564,-205.8004003,106.4882033,-4269.142996,-1215.42865,4654.905773,LLG
-24.5073274,-197.5397286,95.09377854,-4169.456032,-1320.229492,4651.057812,LLG
-24.25899671,-189.0841,83.6055141,-4065.654072,-1423.72736,4642.61935,LLG
-23.98670581,-180.4418544,72.03473963,-3957.839877,-1525.820341,4629.599565,LLG
-23.69072625,-171.6215255,60.39288195,-3846.119526,-1626.407456,4612.010458,LLG
-23.37134729,-162.6318131,48.69142232,-3730.603594,-1725.389663,4589.870233,LLG
-23.02888697,-153.4815938,36.94191652,-3611.405761,-1822.669053,4563.199895,LLG
-22.66368039,-144.1798928,25.15595203,-3488.643981,-1918.149848,4532.026608,LLG
-22.27609083,-134.7358947,13.34516803,-3362.439085,-2011.737595,4496.380294,LLG
-21.86649795,-125.1589148,1.521212514,-3232.915941,-2103.34016,4456.296973,LLG
-21.43530879,-115.4584091,-10.3042379,-3100.202056,-2192.866917,4411.815362,LLG
-20.98294607,-105.6439461,-22.11952072,-2964.428718,-2280.229737,4362.980198,LLG
-20.50985902,-95.72521631,-33.9129679,-2825.729603,-2365.342182,4309.838838,LLG
-20.01651173,-85.71200349,-45.6729485,-2684.241907,-2448.120478,4252.444562,LLG
-19.50339387,-75.61419426,-57.38784907,-2540.104944,-2528.48271,4190.853176,LLG
-18.97100901,-65.44174917,-69.04611619,-2393.461277,-2606.349793,4125.126299,LLG
-18.41988537,-55.20471197,-80.6362368,-2244.455309,-2681.64466,4055.32796,LLG
-17.85056403,-44.91318061,-92.14678059,-2093.234406,-2754.293225,3981.527874,LLG
-17.26360965,-34.57731634,-103.5663803,-1939.947492,-2824.223571,3903.798044,LLG
-16.65959868,-24.20731467,-114.8837739,-1784.746154,-2891.366907,3822.216007,LLG
-16.03913,-13.81341428,-126.0877848,-1627.783246,-2955.65675,3736.861448,LLG
-15.40281315,-3.405867958,-137.1673637,-1469.213982,-3017.029874,3647.819428,LLG
-14.75127888,7.00504858,-148.1115686,-1309.19454,-3075.42549,3555.176995,LLG
-14.0851674,17.40906573,-158.9096067,-1147.883151,-3130.786189,3459.0264,LLG
-13.40513885,27.79591127,-169.5508139,-985.4387,-3183.057118,3359.46171,LLG
-12.71186157,38.15533935,-180.0246963,-822.0218085,-3232.186911,3256.582004,LLG
-12.00602251,48.47712177,-190.3209098,-657.7934408,-3278.126862,3150.487992,LLG
-11.28831549,58.75107685,-200.4293008,-492.915979,-3320.831855,3041.285195,LLG
-10.55945154,68.96706077,-210.3398861,-327.5518291,-3360.259525,2929.080565,LLG
-9.820147223,79.11499625,-220.0428927,-161.8644932,-3396.371181,2813.985652,LLG
-9.071134886,89.18486385,-229.5287372,3.982822443,-3429.130966,2696.113223,LLG
-8.313150972,99.16673048,-238.7880659,169.8261399,-3458.506769,2575.58042,LLG
-7.546946258,109.0507406,-247.8117334,335.502098,-3484.469382,2452.505381,LLG
-6.773274161,118.8271445,-256.5908419,500.8468888,-3506.9934,2327.010378,LLG
-5.992900932,128.4862894,-265.1167201,665.6976424,-3526.056377,2199.218448,LLG
-5.206593979,138.0186476,-273.3809613,829.891366,-3541.639718,2069.256518,LLG
-4.415132015,147.4148071,-281.3754023,993.2663247,-3553.727826,1937.252033,LLG
-3.619293398,156.6654998,-289.0921611,1155.660983,-3562.308989,1803.336075,LLG
-2.81986624,165.7615915,-296.5236146,1316.915381,-3567.374523,1667.639996,LLG
-2.017636769,174.6941103,-303.6624364,1476.870076,-3568.919643,1530.298518,LLG
-1.213399394,183.4542362,-310.5015739,1635.367516,-3566.94261,1391.446374,LLG
-0.407945099,192.0333286,-317.034285,1792.25098,-3561.44559,1251.2214,LLG
0.397928533,200.4229164,-323.2541154,1947.365945,-3552.433792,1109.761177,LLG
1.203428895,208.6147246,-329.1549343,2100.55903,-3539.916326,967.2061107,LLG
2.007758365,216.6006644,-334.7309108,2251.679353,-3523.905329,823.6960861,LLG
2.810125855,224.3728592,-339.9765496,2400.577476,-3504.416817,679.3735294,LLG
3.60973684,231.9236342,-344.8866664,2547.106753,-3481.469809,534.3800711,LLG
4.405804881,239.2455422,-349.456423,2691.12228,-3455.087165,388.8595996,LLG
5.19754168,246.3313528,-353.6813021,2832.48223,-3425.294707,242.9549297,LLG
5.984168558,253.1740779,-357.5571417,2971.046797,-3392.122049,96.81084699,LLG
6.764906544,259.7669598,-361.0801094,3106.679535,-3355.601718,-49.42921614,LLG
7.538987805,266.1034967,-364.2467359,3239.246291,-3315.769966,-195.6201454,LLG
8.305645759,272.1774307,-367.0538887,3368.616537,-3272.665891,-341.6184599,LLG
9.064126461,277.9827722,-369.4988048,3494.662302,-3226.332242,-487.2792861,LLG
9.81367873,283.5137873,-371.5790641,3617.259492,-3176.814534,-632.459664,LLG
10.5535655,288.7650222,-373.292621,3736.28682,-3124.161846,-777.0155296,LLG
11.28305394,293.73129,-374.637777,3851.627118,-3068.42593,-920.8050111,LLG
12.00142678,298.4076942,-375.6132119,3963.166263,-3009.661999,-1063.685419,LLG
12.70797244,302.7896151,-376.2179558,4070.794474,-2947.927838,-1205.516534,LLG
13.40199627,306.8727329,-376.4514192,4174.40524,-2883.284579,-1346.157601,LLG
14.08281072,310.6530135,-376.3133644,4273.896606,-2815.795809,-1485.470606,LLG
14.74974654,314.1267307,-375.8039349,4369.17009,-2745.52834,-1623.317284,LLG
15.40214293,317.2904519,-374.9236263,4460.131963,-2672.551309,-1759.562377,LLG
16.03935865,320.1410593,-373.6733144,4546.692163,-2596.936943,-1894.070648,LLG
16.66076226,322.6757354,-372.0542261,4628.765559,-2518.759657,-2026.710131,LLG
17.26574309,324.8919831,-370.0679662,4706.270862,-2438.096811,-2157.349151,LLG
17.85370151,326.7876108,-367.716488,4779.131875,-2355.0278,-2285.859559,LLG
18.42405988,328.3607521,-365.002119,4847.276402,-2269.634812,-2412.113755,LLG
18.97625271,329.6098503,-361.9275311,4910.637483,-2182.001912,-2535.987916,LLG
19.50973766,330.5336769,-358.4957654,4969.152298,-2092.215789,-2657.359019,LLG
20.02398565,331.1313159,-354.7102017,5022.76339,-2000.364847,-2776.108059,LLG
20.51849177,331.4021818,-350.574583,5071.417562,-1906.539935,-2892.117073,LLG
20.99276542,331.346003,-346.0929834,5115.067087,-1810.833443,-3005.272344,LLG
21.44634112,330.9628393,-341.269833,5153.6686,-1713.340027,-3115.461434,LLG
21.87876867,330.2530644,-336.1098844,5187.184294,-1614.155695,-3222.576365,LLG
22.28962389,329.2173832,-330.6182371,5215.580805,-1513.378536,-3326.510663,LLG
22.67849876,327.8568133,-324.8003034,5238.830396,-1411.1078,-3427.162522,LLG
23.04501206,326.172702,-318.6618322,5256.909837,-1307.44462,-3524.431846,LLG
23.38879952,324.1667068,-312.2088742,5269.801571,-1202.491095,-3618.223406,LLG
23.70952443,321.8408118,-305.4478049,5277.492589,-1096.351005,-3708.443879,LLG
24.00686771,319.197308,-298.3852894,5279.975588,-989.1288942,-3795.004988,LLG
24.28053848,316.2388085,-291.0283047,5277.247832,-880.9307812,-3877.820549,LLG
24.53026411,312.9682287,-283.3841043,5269.312297,-771.8632418,-3956.809591,LLG
24.75580069,309.3888007,-275.4602391,5256.17653,-662.0341145,-4031.893405,LLG
24.95692311,305.5040524,-267.2645218,5237.853779,-551.5515856,-4102.998647,LLG
25.13343541,301.3178221,-258.8050478,5214.361843,-440.5248896,-4170.054391,LLG
25.28516087,296.8342368,-250.0901585,5185.724188,-329.0633952,-4232.995214,LLG
25.41195228,292.0577254,-241.1284615,5151.968793,-217.2773023,-4291.758249,LLG
25.513682,286.9929976,-231.9287938,5113.129254,-105.2767296,-4346.286255,LLG
25.59025214,281.6450558,-222.5002415,5069.243619,6.827591229,-4396.52467,LLG
25.64158462,276.0191736,-212.8521023,5020.355478,118.9252272,-4442.424663,LLG
25.6676313,270.1209074,-202.9939049,4966.512798,230.9053514,-4483.940188,LLG
25.66836396,263.9560737,-192.935371,4907.768995,342.6576526,-4521.031022,LLG
25.64378439,257.5307608,-182.6864342,4844.181762,454.0716455,-4553.659814,LLG
25.59391434,250.8513053,-172.257202,4775.814132,565.037577,-4581.795109,LLG
25.51880552,243.9243034,-161.6579738,4702.733295,675.4457383,-4605.408397,LLG
25.41852957,236.756587,-150.8992028,4625.011654,785.1873684,-4624.477117,LLG
25.29318793,229.3552339,-139.9915135,4542.725631,894.1539674,-4638.981708,LLG
25.14290181,221.7275441,-128.9456635,4455.956711,1002.238196,-4648.908599,LLG
24.96782202,213.8810496,-117.7725608,4364.790246,1109.333191,-4654.24725,LLG
24.76811885,205.8234895,-106.4832248,4269.316485,1215.33346,-4654.993134,LLG
24.54399187,197.56282,-95.08880375,4169.62937,1320.134196,-4651.144776,LLG
24.29565978,189.1071892,-83.60053563,4065.827559,1423.63217,-4642.706711,LLG
24.02337014,180.4649459,-72.02976484,3958.013214,1525.725045,-4629.68653,LLG
23.72738918,171.6446147,-60.38790351,3846.293012,1626.312266,-4612.097818,LLG
23.40801148,162.6549046,-48.68644755,3730.77693,1725.294368,-4589.957198,LLG
23.06554975,153.5046829,-36.93693809,3611.579245,1822.573863,-4563.287254,LLG
22.70034443,144.2029842,-25.15097727,3488.817316,1918.054553,-4532.113573,LLG
22.31275348,134.7589839,-13.34018963,3362.612568,2011.642406,-4496.467652,LLG
21.90316184,125.1820062,-1.516237761,3233.089275,2103.244865,-4456.383939,LLG
21.4719713,115.4814982,10.30921629,3100.375537,2192.771727,-4411.902719,LLG
21.01960982,105.6670375,22.12449546,2964.602051,2280.134443,-4363.067164,LLG
20.54652139,95.74830542,33.91794626,2825.903082,2365.246992,-4309.926194,LLG
20.05317534,85.73509481,45.67792323,2684.415238,2448.025184,-4252.531528,LLG
19.54005609,75.63728335,57.39282742,2540.278422,2528.38752,-4190.940532,LLG
19.00767248,65.46484048,69.05109091,2393.634607,2606.2545,-4125.213265,LLG
18.45654746,55.22780104,80.64121513,2244.628785,2681.54947,-4055.415314,LLG
17.88722736,44.93627189,92.1517553,2093.407736,2754.197932,-3981.614841,LLG
17.3002716,34.6004054,103.5713586,1940.120966,2824.128382,-3903.885398,LLG
16.69626186,24.23040593,114.8887486,1784.919482,2891.271615,-3822.302974,LLG
16.07579181,13.83650332,126.0927631,1627.956719,2955.561561,-3736.948801,LLG
15.43947618,3.428959188,137.1723384,1469.387309,3016.934581,-3647.906395,LLG
14.78794055,-6.981959559,148.1165469,1309.368012,3075.330301,-3555.264347,LLG
14.12183029,-17.38597452,158.9145814,1148.056477,3130.690898,-3459.113368,LLG
13.44180038,-27.77282227,169.5557921,985.6121697,3182.961929,-3359.549062,LLG
12.74852432,-38.13224817,180.029671,822.1951334,3232.091619,-3256.668972,LLG
12.0426839,-48.45403278,190.325888,657.966909,3278.031673,-3150.575343,LLG
11.32497809,-58.72798569,200.4342755,493.0893027,3320.736564,-3041.372164,LLG
10.59611279,-68.9439718,210.3448643,327.7252957,3360.164336,-2929.167915,LLG
9.856809683,-79.09190512,220.0478673,162.0378158,3396.27589,-2814.07262,LLG
9.107795996,-89.1617749,229.5337154,-3.809357443,3429.035777,-2696.200572,LLG
8.349813289,-99.14363937,238.7930405,-169.6528185,3458.411479,-2575.667389,LLG
7.583607228,-109.0276517,247.8167115,-335.3286345,3484.374193,-2452.592729,LLG
6.809936334,-118.8040534,256.5958166,-500.6735685,3506.89811,-2327.097347,LLG
6.029561762,-128.4632005,265.1216982,-665.5241805,3525.961188,-2199.305796,LLG
5.243256009,-137.9955566,273.3859359,-829.7180468,3541.544428,-2069.343487,LLG
4.451792705,-147.3917182,281.3803805,-993.0928643,3553.632638,-1937.33938,LLG
3.655955284,-156.6424087,289.0971357,-1155.487665,3562.2137,-1803.423045,LLG
2.856526791,-165.7385026,296.5285927,-1316.741922,3567.279335,-1667.727342,LLG
2.054298512,-174.6710193,303.667411,-1476.69676,3568.824355,-1530.385488,LLG
1.250059805,-183.4311473,310.5065519,-1635.194059,3566.847422,-1391.53372,LLG
0.444606698,-192.0102376,317.0392596,-1792.077665,3561.350302,-1251.30837,LLG
-0.361268262,-200.3998275,323.2590935,-1947.19249,3552.338604,-1109.848521,LLG
-1.16676744,-208.5916337,329.1599089,-2100.385716,3539.821038,-967.2930813,LLG
-1.971098235,-216.5775756,334.7358888,-2251.505899,3523.810141,-823.7834298,LLG
-2.773464543,-224.3497683,339.9815242,-2400.404162,3504.32153,-679.4605003,LLG
-3.573076849,-231.9005454,344.8916444,-2546.933301,3481.374621,-534.4674141,LLG
-4.369143713,-239.2224513,349.4613975,-2690.948968,3454.991878,-388.9465708,LLG
-5.160881829,-246.3082641,353.6862801,-2832.308779,3425.199519,-243.0422719,LLG
-5.947507534,-253.150987,357.5621162,-2970.873486,3392.026763,-96.89781846,LLG
-6.728246833,-259.743871,361.0850874,-3106.506085,3355.506531,49.34187474,LLG
-7.502326924,-266.0804058,364.2517104,-3239.072981,3315.67468,195.5331737,LLG
-8.268986188,-272.154342,367.0588666,-3368.443089,3272.570703,341.5311192,LLG
-9.027465723,-277.9596813,369.5037793,-3494.488994,3226.236956,487.1923141,LLG
-9.7770193,-283.4906986,371.5840421,-3617.086045,3176.719347,632.3723241,LLG
-10.5169049,-288.7419314,373.2975955,-3736.113512,3124.066561,776.9285573,LLG
-11.24639465,-293.7082013,374.6427549,-3851.453673,3068.330742,920.7176721,LLG
-11.96476633,-298.3846034,375.6181864,-3962.992956,3009.566714,1063.598447,LLG
-12.67131329,-302.7665264,376.2229337,-4070.62103,2947.832651,1205.429196,LLG
-13.36533596,-306.8496421,376.4563937,-4174.231935,2883.189294,1346.070628,LLG
-14.04615171,-310.6299248,376.3183423,-4273.723164,2815.700622,1485.383269,LLG
-14.71308638,-314.1036399,375.8089094,-4368.996786,2745.433056,1623.230311,LLG
-15.36548406,-317.2673632,374.9286041,-4459.958523,2672.456122,1759.47504,LLG
-16.00269863,-320.1179686,373.6782889,-4546.51886,2596.841659,1893.983674,LLG
-16.62410353,-322.6526468,372.0592039,-4628.592121,2518.66447,2026.622795,LLG
-17.22908322,-324.8688924,370.0729407,-4706.09756,2438.001527,2157.262178,LLG
-17.81704292,-326.7645221,367.7214658,-4778.958438,2354.932613,2285.772224,LLG
-18.38740015,-328.3376615,365.0070935,-4847.103101,2269.539529,2412.026781,LLG
-18.93959426,-329.5867617,361.9325088,-4910.464047,2181.906725,2535.900581,LLG
-19.47307807,-330.5105862,358.5007398,-4968.978998,2092.120507,2657.272045,LLG
-19.98732734,-331.1082273,354.7151795,-5022.589956,2000.26966,2776.020725,LLG
-20.48183233,-331.3790912,350.5795574,-5071.244264,1906.444653,2892.030099,LLG
-20.95610725,-331.3229144,346.0979612,-5114.893655,1810.738257,3005.185012,LLG
-21.40968181,-330.9397487,341.2748074,-5153.495303,1713.244745,3115.374459,LLG
-21.84211064,-330.2299758,336.1148621,-5187.010863,1614.060509,3222.489033,LLG
-22.25296474,-329.1942926,330.6232115,-5215.407509,1513.283254,3326.423688,LLG
-22.64184087,-327.8337248,324.8052811,-5238.656967,1411.012614,3427.075191,LLG
-23.00835304,-326.1496115,318.6668066,-5256.736542,1307.349338,3524.344871,LLG
-23.35214177,-324.1436183,312.2138519,-5269.628143,1202.395908,3618.136076,LLG
-23.67286556,-321.8177213,305.4527792,-5277.319296,1096.255724,3708.356903,LLG
-23.9702101,-319.1742195,298.390267,-5279.802162,989.0337081,3794.917658,LLG
-24.24387976,-316.215718,291.0332791,-5277.074539,880.8355008,3877.733573,LLG
-24.49360664,-312.9451403,283.389082,-5269.138872,771.7680559,3956.722262,LLG
-24.71914211,-309.3657102,275.4652134,-5256.003238,661.9388345,4031.806429,LLG
-24.92026578,-305.480964,267.2694994,-5237.680356,551.4563998,4102.911319,LLG
-25.09677697,-301.2947317,258.8100222,-5214.188552,440.42961,4169.967415,LLG
-25.24850368,-296.8111483,250.0951361,-5185.550766,328.9682095,4232.907887,LLG
-25.37529399,-292.034635,241.1334358,-5151.795504,217.1820231,4291.671272,LLG
-25.47702495,-286.9699091,231.9337714,-5112.955834,105.1815441,4346.198928,LLG
-25.55359398,-281.6219654,222.5052158,-5069.070331,-6.922870103,4396.437693,LLG
-25.60492771,-275.9960853,212.8570799,-5020.18206,-119.0204126,4442.337337,LLG
-25.63097329,-270.097817,202.9988792,-4966.339511,-231.0006298,4483.853211,LLG
-25.63170719,-263.9329853,192.9403485,-4907.595578,-342.7528379,4520.943696,LLG
-25.60712652,-257.5076704,182.6914085,-4844.008476,-454.1669236,4553.572837,LLG
-25.55725771,-250.828217,172.2621796,-4775.640716,-565.1327622,4581.707785,LLG
-25.4821478,-243.9012131,161.6629481,-4702.560011,-675.5410161,4605.321419,LLG
-25.38187308,-236.7334987,150.9041803,-4624.83824,-785.2825535,4624.389793,LLG
-25.25653035,-229.3321436,139.9964878,-4542.552348,-894.2492447,4638.894731,LLG
-25.10624546,-221.7044558,128.950641,-4455.783299,-1002.333381,4648.821275,LLG
-24.93116458,-213.8579593,117.777535,-4364.616964,-1109.428468,4654.160272,LLG
-24.73146264,-205.8004012,106.4882023,-4269.143074,-1215.428645,4654.905812,LLG
-24.50733458,-197.5397298,95.093778,-4169.456089,-1320.229472,4651.057798,LLG
-24.25900371,-189.0841009,83.60551306,-4065.65415,-1423.727354,4642.619389,LLG
-23.98671299,-180.4418556,72.03473908,-3957.839934,-1525.820322,4629.599551,LLG
-23.69073325,-171.6215265,60.39288091,-3846.119604,-1626.407451,4612.010497,LLG
-23.37135447,-162.6318144,48.69142177,-3730.603651,-1725.389643,4589.870219,LLG
-23.02889397,-153.4815947,36.94191548,-3611.405839,-1822.669047,4563.199933,LLG
-22.66368757,-144.179894,25.15595148,-3488.644038,-1918.149829,4532.026594,LLG
-22.27609783,-134.7358956,13.345167,-3362.439163,-2011.73759,4496.380333,LLG
-21.86650513,-125.158916,1.521211963,-3232.915999,-2103.340141,4456.296959,LLG
-21.43531579,-115.45841,-10.30423894,-3100.202134,-2192.866911,4411.8154,LLG
-20.98295324,-105.6439473,-22.11952127,-2964.428776,-2280.229718,4362.980184,LLG
-20.50986603,-95.72521723,-33.91296893,-2825.729681,-2365.342176,4309.838876,LLG
-20.01651891,-85.71200471,-45.67294905,-2684.241964,-2448.120458,4252.444548,LLG
-19.50340087,-75.61419518,-57.38785011,-2540.105022,-2528.482704,4190.853215,LLG
-18.97101619,-65.44175039,-69.04611674,-2393.461334,-2606.349774,4125.126285,LLG
-18.41989237,-55.20471289,-80.63623784,-2244.455386,-2681.644654,4055.327998,LLG
-17.85057121,-44.91318183,-92.14678115,-2093.234464,-2754.293205,3981.527861,LLG
-17.26361665,-34.57731726,-103.5663814,-1939.947569,-2824.223565,3903.798082,LLG
-16.65960586,-24.20731589,-114.8837745,-1784.746212,-2891.366888,3822.215994,LLG
-16.039137,-13.8134152,-126.0877859,-1627.783323,-2955.656744,3736.861486,LLG
-15.40282033,-3.405869175,-137.1673642,-1469.21404,-3017.029854,3647.819415,LLG
-14.75128588,7.005047657,-148.1115697,-1309.194618,-3075.425484,3555.177033,LLG
-14.08517458,17.40906451,-158.9096073,-1147.883209,-3130.78617,3459.026387,LLG
-13.40514586,27.79591035,-169.5508149,-985.4387772,-3183.057112,3359.461748,LLG
-12.71186875,38.15533814,-180.0246968,-822.0218664,-3232.186891,3256.581991,LLG
-12.00602952,48.47712084,-190.3209108,-657.793518,-3278.126856,3150.48803,LLG
-11.28832266,58.75107563,-200.4293014,-492.9160369,-3320.831835,3041.285182,LLG
-10.55945855,68.96705984,-210.3398871,-327.5519062,-3360.259519,2929.080603,LLG
-9.8201544,79.11499504,-220.0428932,-161.8645512,-3396.371161,2813.985638,LLG
-9.071141892,89.18486293,-229.5287382,3.982745344,-3429.13096,2696.11326,LLG
-8.313158149,99.16672926,-238.7880665,169.8260819,-3458.50675,2575.580407,LLG
-7.546953264,109.0507397,-247.8117344,335.5020209,-3484.469376,2452.505419,LLG
-6.773281338,118.8271433,-256.5908425,500.8468308,-3506.99338,2327.010365,LLG
-5.992907939,128.4862885,-265.1167211,665.6975653,-3526.056371,2199.218486,LLG
-5.206601156,138.0186464,-273.3809619,829.8913079,-3541.639698,2069.256505,LLG
-4.415139022,147.4148062,-281.3754034,993.2662476,-3553.72782,1937.25207,LLG
-3.619300575,156.6654985,-289.0921617,1155.660925,-3562.30897,1803.336063,LLG
-2.819873248,165.7615906,-296.5236157,1316.915304,-3567.374517,1667.640034,LLG
-2.017643946,174.6941091,-303.662437,1476.870018,-3568.919624,1530.298505,LLG
-1.213406403,183.4542353,-310.5015749,1635.367439,-3566.942604,1391.446412,LLG
-0.407952276,192.0333274,-317.0342856,1792.250922,-3561.445571,1251.221387,LLG
0.397921524,200.4229154,-323.2541164,1947.365868,-3552.433787,1109.761214,LLG
1.203421718,208.6147234,-329.1549348,2100.558972,-3539.916307,967.2060981,LLG
2.007751356,216.6006635,-334.7309118,2251.679276,-3523.905323,823.6961234,LLG
2.810118678,224.372858,-339.9765502,2400.577417,-3504.416798,679.3735169,LLG
3.609729831,231.9236332,-344.8866674,2547.106677,-3481.469804,534.3801083,LLG
4.405797705,239.245541,-349.4564235,2691.122222,-3455.087145,388.8595871,LLG
5.19753467,246.3313519,-353.6813031,2832.482153,-3425.294701,242.9549669,LLG
5.984161382,253.1740767,-357.5571423,2971.046739,-3392.12203,96.81083457,LLG
6.764899533,259.7669588,-361.0801104,3106.679458,-3355.601712,-49.42917906,LLG
7.538980629,266.1034955,-364.2467365,3239.246233,-3315.769947,-195.6201578,LLG
8.305638748,272.1774298,-367.0538897,3368.61646,-3272.665885,-341.6184229,LLG
9.064119284,277.982771,-369.4988054,3494.662244,-3226.332223,-487.2792984,LLG
9.813671719,283.5137864,-371.5790652,3617.259415,-3176.814528,-632.4596271,LLG
10.55355832,288.765021,-373.2926215,3736.286762,-3124.161827,-777.0155418,LLG
11.28304693,293.7312891,-374.637778,3851.627041,-3068.425924,-920.8049743,LLG
12.00141961,298.407693,-375.6132124,3963.166204,-3009.66198,-1063.685432,LLG
12.70796543,302.7896142,-376.2179568,4070.794397,-2947.927832,-1205.516497,LLG
13.40198909,306.8727317,-376.4514198,4174.405182,-2883.28456,-1346.157613,LLG
14.08280371,310.6530126,-376.3133654,4273.896529,-2815.795803,-1485.470569,LLG
14.74973937,314.1267295,-375.8039355,4369.170032,-2745.528321,-1623.317296,LLG
15.40213591,317.290451,-374.9236273,4460.131886,-2672.551303,-1759.56234,LLG
16.03935148,320.1410581,-373.673315,4546.692105,-2596.936924,-1894.07066,LLG
16.66075524,322.6757345,-372.0542271,4628.765483,-2518.759651,-2026.710095,LLG
17.26573592,324.8919819,-370.0679668,4706.270804,-2438.096792,-2157.349163,LLG
17.8536945,326.7876098,-367.716489,4779.131798,-2355.027794,-2285.859522,LLG
18.4240527,328.3607509,-365.0021196,4847.276343,-2269.634793,-2412.113767,LLG
18.9762457,329.6098493,-361.9275321,4910.637406,-2182.001906,-2535.987879,LLG
19.50973049,330.5336757,-358.495766,4969.152239,-2092.21577,-2657.359031,LLG
20.02397864,331.1313149,-354.7102027,5022.763313,-2000.36484,-2776.108023,LLG
20.5184846,331.4021806,-350.5745835,5071.417504,-1906.539916,-2892.117085,LLG
20.9927584,331.346002,-346.0929844,5115.067011,-1810.833437,-3005.272308,LLG
21.44633394,330.962838,-341.2698336,5153.668542,-1713.340008,-3115.461445,LLG
21.87876165,330.2530634,-336.1098854,5187.184217,-1614.155689,-3222.576329,LLG
22.28961672,329.2173819,-330.6182376,5215.580746,-1513.378517,-3326.510675,LLG
22.67849174,327.8568124,-324.8003045,5238.83032,-1411.107794,-3427.162486,LLG
23.04500488,326.1727008,-318.6618328,5256.909778,-1307.444601,-3524.431858,LLG
23.3887925,324.1667059,-312.2088752,5269.801494,-1202.491088,-3618.22337,LLG
23.70951725,321.8408106,-305.4478054,5277.492531,-1096.350986,-3708.44389,LLG
24.0068607,319.197307,-298.3852904,5279.975512,-989.128888,-3795.004952,LLG
24.28053131,316.2388073,-291.0283053,5277.247773,-880.9307624,-3877.82056,LLG
24.5302571,312.9682278,-283.3841053,5269.31222,-771.8632356,-3956.809555,LLG
24.75579352,309.3887995,-275.4602396,5256.176471,-662.0340957,-4031.893416,LLG
24.95691609,305.5040515,-267.2645228,5237.853703,-551.5515794,-4102.998611,LLG
25.13342823,301.3178209,-258.8050484,5214.361784,-440.5248709,-4170.054402,LLG
25.28515385,296.8342358,-250.0901596,5185.724111,-329.0633889,-4232.995178,LLG
25.41194511,292.0577242,-241.1284621,5151.968735,-217.2772835,-4291.75826,LLG
25.51367498,286.9929966,-231.9287949,5113.129178,-105.2767234,-4346.28622,LLG
25.59024496,281.6450546,-222.5002421,5069.24356,6.827609982,-4396.524681,LLG
25.6415776,276.0191727,-212.8521033,5020.355402,118.9252334,-4442.424627,LLG
25.66762412,270.1209062,-202.9939054,4966.512739,230.9053701,-4483.940199,LLG
25.66835694,263.9560728,-192.935372,4907.768919,342.6576589,-4521.030986,LLG
25.64377721,257.5307596,-182.6864348,4844.181703,454.0716642,-4553.659825,LLG
25.59390732,250.8513044,-172.2572031,4775.814055,565.0375833,-4581.795074,LLG
25.51879835,243.9243022,-161.6579744,4702.733237,675.445757,-4605.408408,LLG
25.41852255,236.7565861,-150.8992038,4625.011578,785.1873747,-4624.477081,LLG
25.29318075,229.3552327,-139.9915141,4542.725572,894.153986,-4638.981719,LLG
25.14289479,221.7275432,-128.9456645,4455.956635,1002.238203,-4648.908563,LLG
24.96781485,213.8810484,-117.7725613,4364.790187,1109.33321,-4654.247261,LLG
24.76811183,205.8234886,-106.4832258,4269.316409,1215.333466,-4654.993099,LLG
24.54398469,197.5628188,-95.08880433,4169.629311,1320.134214,-4651.144787,LLG
24.29565276,189.1071882,-83.60053664,4065.827483,1423.632176,-4642.706676,LLG
24.02336296,180.4649447,-72.02976542,3958.013155,1525.725064,-4629.686541,LLG
23.72738216,171.6446138,-60.38790451,3846.292935,1626.312272,-4612.097782,LLG
23.4080043,162.6549034,-48.68644813,3730.776871,1725.294386,-4589.957208,LLG
23.06554273,153.504682,-36.93693909,3611.579169,1822.573869,-4563.287218,LLG
22.70033726,144.202983,-25.15097785,3488.817257,1918.054572,-4532.113584,LLG
22.31274646,134.7589829,-13.34019063,3362.612492,2011.642412,-4496.467617,LLG
21.90315467,125.182005,-1.516238343,3233.089216,2103.244884,-4456.383949,LLG
21.47196428,115.4814973,10.30921528,3100.375461,2192.771733,-4411.902684,LLG
21.01960265,105.6670363,22.12449488,2964.601992,2280.134462,-4363.067174,LLG
20.54651437,95.74830448,33.91794526,2825.903006,2365.246999,-4309.926159,LLG
20.05316816,85.73509362,45.67792264,2684.415179,2448.025203,-4252.531538,LLG
19.54004907,75.63728241,57.39282641,2540.278346,2528.387527,-4190.940497,LLG
19.0076653,65.46483928,69.05109033,2393.634548,2606.254518,-4125.213275,LLG
18.45654044,55.2278001,80.64121412,2244.628709,2681.549477,-4055.41528,LLG
17.88722018,44.93627069,92.15175472,2093.407677,2754.19795,-3981.614851,LLG
17.30026458,34.60040446,103.5713576,1940.12089,2824.128388,-3903.885363,LLG
16.69625469,24.23040473,114.888748,1784.919423,2891.271633,-3822.302984,LLG
16.07578478,13.83650238,126.0927621,1627.956643,2955.561567,-3736.948766,LLG
15.43946901,3.428957991,137.1723378,1469.38725,3016.9346,-3647.906405,LLG
14.78793352,-6.9819605,148.1165459,1309.367936,3075.330307,-3555.264313,LLG
14.12182312,-17.38597572,158.9145808,1148.056418,3130.690916,-3459.113378,LLG
13.44179336,-27.77282321,169.5557911,985.6120938,3182.961936,-3359.549027,LLG
12.74851715,-38.13224937,180.0296704,822.1950742,3232.091638,-3256.668982,LLG
12.04267688,-48.45403372,190.325887,657.9668331,3278.03168,-3150.575308,LLG
11.32497092,-58.72798689,200.4342749,493.0892434,3320.736582,-3041.372173,LLG
10.59610576,-68.94397274,210.3448633,327.7252198,3360.164342,-2929.167881,LLG
9.856802509,-79.09190632,220.0478667,162.0377565,3396.275908,-2814.07263,LLG
9.10778897,-89.16177585,229.5337144,-3.809433289,3429.035784,-2696.200538,LLG
8.349806115,-99.14364056,238.7930399,-169.6528777,3458.411497,-2575.667399,LLG
7.583600202,-109.0276526,247.8167105,-335.3287104,3484.3742,-2452.592695,LLG
6.80992916,-118.8040546,256.595816,-500.6736279,3506.898128,-2327.097357,LLG
6.029554735,-128.4632015,265.1216972,-665.5242563,3525.961195,-2199.305762,LLG
5.243248835,-137.9955577,273.3859353,-829.7181062,3541.544446,-2069.343497,LLG
4.451785678,-147.3917192,281.3803795,-993.0929401,3553.632644,-1937.339346,LLG
3.655948111,-156.6424099,289.0971351,-1155.487724,3562.213719,-1803.423055,LLG
2.856519764,-165.7385036,296.5285917,-1316.741998,3567.279341,-1667.727308,LLG
2.054291338,-174.6710205,303.6674104,-1476.696819,3568.824373,-1530.385497,LLG
1.250052777,-183.4311483,310.5065509,-1635.194135,3566.847429,-1391.533685,LLG
0.444599524,-192.0102388,317.039259,-1792.077724,3561.35032,-1251.308379,LLG
-0.36127529,-200.3998285,323.2590925,-1947.192565,3552.338611,-1109.848487,LLG
-1.166774613,-208.5916348,329.1599083,-2100.385775,3539.821056,-967.2930906,LLG
-1.971105263,-216.5775765,334.7358878,-2251.505975,3523.810148,-823.7833959,LLG
-2.773471716,-224.3497695,339.9815236,-2400.404222,3504.321548,-679.4605096,LLG
-3.573083878,-231.9005463,344.8916434,-2546.933377,3481.374628,-534.4673802,LLG
-4.369150887,-239.2224525,349.4613969,-2690.949028,3454.991896,-388.94658,LLG
-5.160888858,-246.308265,353.6862791,-2832.308854,3425.199526,-243.0422381,LLG
-5.947514707,-253.1509882,357.5621156,-2970.873545,3392.026781,-96.89782756,LLG
-6.728253862,-259.743872,361.0850864,-3106.506161,3355.506537,49.34190851,LLG
-7.502334098,-266.080407,364.2517098,-3239.073041,3315.674698,195.5331646,LLG
-8.268993218,-272.1543429,367.0588656,-3368.443165,3272.57071,341.531153,LLG
-9.027472896,-277.9596825,369.5037788,-3494.489053,3226.236974,487.1923051,LLG
-9.77702633,-283.4906995,371.5840411,-3617.086121,3176.719354,632.3723578,LLG
-10.51691208,-288.7419326,373.2975949,-3736.113572,3124.066579,776.9285484,LLG
-11.24640168,-293.7082023,374.6427539,-3851.453749,3068.330749,920.7177057,LLG
-11.96477351,-298.3846046,375.6181858,-3962.993016,3009.566732,1063.598438,LLG
-12.67132032,-302.7665274,376.2229327,-4070.621106,2947.832657,1205.429229,LLG
-13.36534313,-306.8496433,376.4563931,-4174.231995,2883.189313,1346.070619,LLG
-14.04615874,-310.6299258,376.3183413,-4273.72324,2815.700629,1485.383302,LLG
-14.71309355,-314.1036411,375.8089088,-4368.996846,2745.433074,1623.230302,LLG
-15.36549109,-317.2673642,374.9286031,-4459.958598,2672.456129,1759.475074,LLG
-16.00270581,-320.1179698,373.6782883,-4546.51892,2596.841677,1893.983666,LLG
-16.62411056,-322.6526477,372.0592029,-4628.592196,2518.664477,2026.622829,LLG
-17.22909039,-324.8688936,370.0729401,-4706.09762,2438.001545,2157.262169,LLG
-17.81704996,-326.7645231,367.7214648,-4778.958513,2354.93262,2285.772257,LLG
-18.38740732,-328.3376627,365.0070929,-4847.103161,2269.539547,2412.026772,LLG
-18.93960129,-329.5867626,361.9325078,-4910.464123,2181.906732,2535.900614,LLG
-19.47308525,-330.5105874,358.5007392,-4968.979058,2092.120525,2657.272037,LLG
-19.98733438,-331.1082282,354.7151785,-5022.590031,2000.269667,2776.020758,LLG
-20.4818395,-331.3790924,350.5795568,-5071.244323,1906.444671,2892.03009,LLG
-20.95611428,-331.3229154,346.0979602,-5114.89373,1810.738263,3005.185045,LLG
-21.40968899,-330.9397498,341.2748068,-5153.495363,1713.244763,3115.374451,LLG
-21.84211767,-330.2299768,336.1148612,-5187.010938,1614.060516,3222.489066,LLG
-22.25297191,-329.1942938,330.6232109,-5215.407569,1513.283272,3326.42368,LLG
-22.6418479,-327.8337258,324.8052801,-5238.657042,1411.012621,3427.075224,LLG
-23.00836021,-326.1496127,318.666806,-5256.736602,1307.349356,3524.344863,LLG
-23.3521488,-324.1436193,312.2138509,-5269.628218,1202.395915,3618.136108,LLG
-23.67287273,-321.8177225,305.4527786,-5277.319356,1096.255742,3708.356895,LLG
-23.97021714,-319.1742204,298.3902661,-5279.802237,989.0337152,3794.917691,LLG
-24.24388693,-316.2157192,291.0332785,-5277.074599,880.8355188,3877.733565,LLG
-24.49361368,-312.9451412,283.389081,-5269.138947,771.7680629,3956.722295,LLG
-24.71914928,-309.3657114,275.4652128,-5256.003298,661.9388525,4031.806421,LLG
-24.92027281,-305.4809649,267.2694985,-5237.680431,551.4564069,4102.911352,LLG
-25.09678414,-301.2947329,258.8100216,-5214.188612,440.4296279,4169.967407,LLG
-25.24851072,-296.8111493,250.0951352,-5185.550841,328.9682165,4232.907919,LLG
-25.37530116,-292.0346362,241.1334352,-5151.795564,217.182041,4291.671264,LLG
-25.47703198,-286.9699101,231.9337704,-5112.95591,105.1815512,4346.198961,LLG
-25.55360115,-281.6219666,222.5052152,-5069.070391,-6.922852186,4396.437685,LLG
-25.60493475,-275.9960862,212.8570789,-5020.182135,-119.0204055,4442.337369,LLG
-25.63098046,-270.0978182,202.9988786,-4966.339571,-231.0006119,4483.853203,LLG
-25.63171423,-263.9329863,192.9403475,-4907.595653,-342.7528308,4520.943729,LLG
-25.60713369,-257.5076716,182.6914079,-4844.008536,-454.1669057,4553.572829,LLG
-25.55726474,-250.8282179,172.2621786,-4775.640791,-565.1327551,4581.707817,LLG
-25.48215497,-243.9012143,161.6629475,-4702.560071,-675.5409982,4605.321412,LLG
-25.38188012,-236.7334996,150.9041793,-4624.838315,-785.2825464,4624.389825,LLG
-25.25653752,-229.3321448,139.9964871,-4542.552408,-894.2492268,4638.894723,LLG
-25.1062525,-221.7044568,128.95064,-4455.783374,-1002.333374,4648.821308,LLG
-24.93117176,-213.8579605,117.7775344,-4364.617024,-1109.42845,4654.160264,LLG
-24.73146968,-205.8004022,106.4882013,-4269.143149,-1215.428638,4654.905844,LLG
-24.50734175,-197.539731,95.09377739,-4169.456149,-1320.229454,4651.05779,LLG
-24.25901075,-189.0841019,83.60551209,-4065.654225,-1423.727347,4642.619421,LLG
-23.98672016,-180.4418568,72.03473847,-3957.839994,-1525.820304,4629.599544,LLG
-23.69074029,-171.6215274,60.39287994,-3846.119679,-1626.407443,4612.010529,LLG
-23.37136165,-162.6318155,48.69142116,-3730.603711,-1725.389626,4589.870212,LLG
-23.02890101,-153.4815957,36.9419145,-3611.405914,-1822.66904,4563.199966,LLG
-22.66369475,-144.1798952,25.15595088,-3488.644098,-1918.149811,4532.026587,LLG
-22.27610487,-134.7358966,13.34516602,-3362.439238,-2011.737583,4496.380365,LLG
-21.8665123,-125.1589172,1.521211354,-3232.916059,-2103.340123,4456.296952,LLG
-21.43532283,-115.458411,-10.30423992,-3100.202209,-2192.866904,4411.815432,LLG
-20.98296042,-105.6439485,-22.11952188,-2964.428836,-2280.2297,4362.980177,LLG
-20.50987307,-95.72521818,-33.91296991,-2825.729756,-2365.342169,4309.838908,LLG
-20.01652608,-85.71200588,-45.67294966,-2684.242024,-2448.120441,4252.444541,LLG
-19.50340791,-75.61419613,-57.38785108,-2540.105097,-2528.482697,4190.853247,LLG
-18.97102336,-65.44175157,-69.04611736,-2393.461395,-2606.349756,4125.126278,LLG
-18.41989941,-55.20471385,-80.63623881,-2244.455461,-2681.644647,4055.32803,LLG
-17.85057838,-44.91318301,-92.14678176,-2093.234524,-2754.293188,3981.527854,LLG
-17.26362369,-34.57731822,-103.5663823,-1939.947644,-2824.223558,3903.798114,LLG
-16.65961303,-24.20731707,-114.8837751,-1784.746272,-2891.36687,3822.215987,LLG
-16.03914404,-13.81341616,-126.0877868,-1627.783398,-2955.656737,3736.861518,LLG
-15.4028275,-3.405870353,-137.1673649,-1469.2141,-3017.029836,3647.819408,LLG
-14.75129293,7.0050467,-148.1115706,-1309.194693,-3075.425477,3555.177065,LLG
-14.08518175,17.40906333,-158.9096079,-1147.88327,-3130.786152,3459.02638,LLG
-13.4051529,27.79590939,-169.5508159,-985.438852,-3183.057105,3359.46178,LLG
-12.71187592,38.15533696,-180.0246975,-822.0219268,-3232.186874,3256.581984,LLG
-12.00603656,48.47711989,-190.3209118,-657.7935928,-3278.126849,3150.488062,LLG
-11.28832984,58.75107446,-200.429302,-492.9160973,-3320.831818,3041.285175,LLG
-10.55946559,68.96705889,-210.3398881,-327.551981,-3360.259512,2929.080634,LLG
-9.820161572,79.11499386,-220.0428938,-161.8646115,-3396.371144,2813.985632,LLG
-9.071148936,89.18486197,-229.5287392,3.982670581,-3429.130953,2696.113292,LLG
-8.313165321,99.16672809,-238.7880671,169.8260215,-3458.506732,2575.580401,LLG
-7.546960308,109.0507387,-247.8117354,335.5019462,-3484.469369,2452.50545,LLG
-6.773288509,118.8271421,-256.5908431,500.8467704,-3506.993363,2327.010359,LLG
-5.992914983,128.4862875,-265.1167221,665.6974906,-3526.056364,2199.218517,LLG
-5.206608328,138.0186452,-273.3809625,829.8912475,-3541.639681,2069.256498,LLG
-4.415146067,147.4148053,-281.3754043,993.2661729,-3553.727813,1937.252102,LLG
-3.619307747,156.6654974,-289.0921623,1155.660865,-3562.308953,1803.336056,LLG
-2.819880293,165.7615896,-296.5236166,1316.915229,-3567.37451,1667.640065,LLG
-2.017651118,174.6941079,-303.6624376,1476.869958,-3568.919607,1530.298499,LLG
-1.213413448,183.4542343,-310.5015759,1635.367365,-3566.942597,1391.446443,LLG
-0.407959447,192.0333262,-317.0342862,1792.250862,-3561.445553,1251.221381,LLG
0.397914479,200.4229145,-323.2541174,1947.365794,-3552.433779,1109.761245,LLG
1.203414547,208.6147222,-329.1549355,2100.558912,-3539.916289,967.2060917,LLG
2.007744311,216.6006625,-334.7309128,2251.679202,-3523.905316,823.6961544,LLG
2.810111507,224.3728568,-339.9765508,2400.577357,-3504.416781,679.3735105,LLG
3.609722785,231.9236323,-344.8866684,2547.106602,-3481.469796,534.3801393,LLG
4.405790533,239.2455398,-349.4564242,2691.122162,-3455.087128,388.8595808,LLG
5.197527624,246.331351,-353.6813041,2832.482078,-3425.294693,242.9549978,LLG
5.98415421,253.1740755,-357.5571429,2971.046678,-3392.122013,96.81082834,LLG
6.764892487,259.7669579,-361.0801114,3106.679383,-3355.601705,-49.42914815,LLG
7.538973458,266.1034943,-364.2467371,3239.246172,-3315.76993,-195.6201639,LLG
8.305631701,272.1774289,-367.0538907,3368.616386,-3272.665877,-341.618392,LLG
9.064112113,277.9827698,-369.498806,3494.662183,-3226.332205,-487.2793045,LLG
9.813664672,283.5137854,-371.5790661,3617.25934,-3176.814521,-632.4595962,LLG
10.55355115,288.7650198,-373.2926222,3736.286701,-3124.16181,-777.0155479,LLG
11.28303988,293.7312881,-374.6377789,3851.626967,-3068.425916,-920.8049435,LLG
12.00141244,298.4076918,-375.6132131,3963.166144,-3009.661963,-1063.685438,LLG
12.70795838,302.7896132,-376.2179578,4070.794322,-2947.927824,-1205.516466,LLG
13.40198192,306.8727305,-376.4514204,4174.405121,-2883.284543,-1346.157619,LLG
14.08279666,310.6530116,-376.3133664,4273.896455,-2815.795796,-1485.470539,LLG
14.7497322,314.1267283,-375.8039361,4369.169971,-2745.528304,-1623.317302,LLG
15.40212887,317.29045,-374.9236283,4460.131812,-2672.551295,-1759.56231,LLG
16.03934431,320.141057,-373.6733156,4546.692044,-2596.936907,-1894.070665,LLG
16.66074819,322.6757335,-372.054228,4628.765408,-2518.759644,-2026.710064,LLG
17.26572875,324.8919807,-370.0679674,4706.270743,-2438.096774,-2157.349169,LLG
17.85368745,326.7876089,-367.7164899,4779.131724,-2355.027786,-2285.859492,LLG
18.42404553,328.3607498,-365.0021202,4847.276282,-2269.634775,-2412.113773,LLG
18.97623865,329.6098484,-361.927533,4910.637332,-2182.001898,-2535.987849,LLG
19.50972332,330.5336745,-358.4957666,4969.152179,-2092.215753,-2657.359037,LLG
20.02397159,331.131314,-354.7102037,5022.763239,-2000.364833,-2776.107992,LLG
20.51847743,331.4021794,-350.5745842,5071.417443,-1906.539899,-2892.11709,LLG
20.99275135,331.3460011,-346.0929854,5115.066936,-1810.833429,-3005.272278,LLG
21.44632677,330.9628369,-341.2698342,5153.668481,-1713.33999,-3115.461451,LLG
21.8787546,330.2530625,-336.1098864,5187.184143,-1614.155681,-3222.576299,LLG
22.28960955,329.2173808,-330.6182383,5215.580685,-1513.3785,-3326.51068,LLG
22.67848469,327.8568114,-324.8003054,5238.830246,-1411.107786,-3427.162456,LLG
23.04499771,326.1726996,-318.6618334,5256.909717,-1307.444583,-3524.431863,LLG
23.38878545,324.1667049,-312.2088762,5269.80142,-1202.491081,-3618.22334,LLG
23.70951008,321.8408094,-305.4478061,5277.49247,-1096.350969,-3708.443896,LLG
24.00685365,319.1973061,-298.3852914,5279.975438,-989.1288803,-3795.004922,LLG
24.28052414,316.2388061,-291.0283059,5277.247712,-880.9307452,-3877.820566,LLG
24.53025004,312.9682268,-283.3841063,5269.312146,-771.8632278,-3956.809525,LLG
24.75578635,309.3887983,-275.4602403,5256.17641,-662.0340785,-4031.893421,LLG
24.95690904,305.5040505,-267.2645238,5237.853628,-551.5515716,-4102.998581,LLG
25.13342106,301.3178198,-258.805049,5214.361723,-440.5248536,-4170.054407,LLG
25.2851468,296.8342349,-250.0901605,5185.724037,-329.0633812,-4232.995148,LLG
25.41193794,292.057723,-241.1284627,5151.968674,-217.2772663,-4291.758265,LLG
25.51366793,286.9929957,-231.9287958,5113.129104,-105.2767156,-4346.28619,LLG
25.59023779,281.6450534,-222.5002427,5069.243499,6.827627176,-4396.524686,LLG
25.64157055,276.0191717,-212.8521043,5020.355328,118.9252412,-4442.424597,LLG
25.66761695,270.120905,-202.9939061,4966.512678,230.9053873,-4483.940204,LLG
25.66834989,263.9560718,-192.9353729,4907.768844,342.6576667,-4521.030956,LLG
25.64377004,257.5307584,-182.6864354,4844.181642,454.0716814,-4553.65983,LLG
25.59390026,250.8513034,-172.257204,4775.813981,565.0375912,-4581.795044,LLG
25.51879117,243.9243011,-161.657975,4702.733176,675.4457742,-4605.408413,LLG
25.41851549,236.7565851,-150.8992048,4625.011504,785.1873826,-4624.477052,LLG
25.29317358,229.3552315,-139.9915147,4542.725511,894.1540032,-4638.981724,LLG
25.14288774,221.7275422,-128.9456655,4455.956561,1002.23821,-4648.908533,LLG
24.96780768,213.8810472,-117.772562,4364.790126,1109.333227,-4654.247266,LLG
24.76810478,205.8234876,-106.4832268,4269.316334,1215.333474,-4654.993069,LLG
24.54397752,197.5628177,-95.08880496,4169.62925,1320.134231,-4651.144792,LLG
24.29564571,189.1071873,-83.60053759,4065.827409,1423.632184,-4642.706646,LLG
24.02335579,180.4649435,-72.02976606,3958.013094,1525.725081,-4629.686545,LLG
23.7273751,171.6446128,-60.38790546,3846.292861,1626.31228,-4612.097753,LLG
23.40799713,162.6549022,-48.68644876,3730.77681,1725.294403,-4589.957213,LLG
23.06553568,153.504681,-36.93694004,3611.579095,1822.573877,-4563.287189,LLG
22.70033009,144.2029819,-25.15097849,3488.817196,1918.054589,-4532.113588,LLG
22.3127394,134.758982,-13.34019158,3362.612417,2011.64242,-4496.467587,LLG
21.9031475,125.1820038,-1.516238976,3233.089155,2103.244901,-4456.383954,LLG
21.47195722,115.4814963,10.30921433,3100.375387,2192.771741,-4411.902655,LLG
21.01959547,105.6670351,22.12449425,2964.601931,2280.134479,-4363.067179,LLG
20.54650732,95.74830351,33.91794431,2825.902932,2365.247007,-4309.92613,LLG
20.05316099,85.73509245,45.67792201,2684.415118,2448.02522,-4252.531543,LLG
19.54004202,75.63728144,57.39282546,2540.278272,2528.387535,-4190.940468,LLG
19.00765813,65.46483812,69.05108969,2393.634487,2606.254535,-4125.21328,LLG
18.45653338,55.22779913,80.64121318,2244.628635,2681.549485,-4055.41525,LLG
17.88721301,44.93626953,92.15175408,2093.407615,2754.197967,-3981.614856,LLG
17.30025752,34.60040349,103.5713567,1940.120816,2824.128396,-3903.885334,LLG
16.69624752,24.23040357,114.8887474,1784.919362,2891.27165,-3822.302989,LLG
16.07577773,13.83650141,126.0927612,1627.956569,2955.561575,-3736.948737,LLG
15.43946184,3.42895683,137.1723372,1469.387189,3016.934617,-3647.90641,LLG
14.78792647,-6.981961471,148.1165449,1309.367862,3075.330315,-3555.264283,LLG
14.12181595,-17.38597688,158.9145802,1148.056357,3130.690933,-3459.113382,LLG
13.4417863,-27.77282418,169.5557902,985.6120199,3182.961944,-3359.548998,LLG
12.74850998,-38.13225053,180.0296697,822.1950128,3232.091655,-3256.668987,LLG
12.04266982,-48.4540347,190.325886,657.9667592,3278.031688,-3150.575279,LLG
11.32496375,-58.72798805,200.4342743,493.0891821,3320.736599,-3041.372178,LLG
10.59609871,-68.94397372,210.3448624,327.7251459,3360.164351,-2929.167852,LLG
9.856795339,-79.09190748,220.0478661,162.0376951,3396.275925,-2814.072634,LLG
9.107781911,-89.16177682,229.5337134,-3.809507115,3429.035792,-2696.200509,LLG
8.349798945,-99.14364172,238.7930393,-169.6529391,3458.411514,-2575.667403,LLG
7.583593142,-109.0276536,247.8167096,-335.3287842,3484.374208,-2452.592666,LLG
6.80992199,-118.8040558,256.5958153,-500.6736893,3506.898145,-2327.097361,LLG
6.029547676,-128.4632024,265.1216963,-665.5243301,3525.961203,-2199.305733,LLG
5.243241665,-137.9955589,273.3859347,-829.7181676,3541.544463,-2069.343501,LLG
4.451778618,-147.3917202,281.3803785,-993.0930139,3553.632652,-1937.339317,LLG
3.65594094,-156.6424111,289.0971345,-1155.487786,3562.213736,-1803.423059,LLG
2.856512703,-165.7385046,296.5285908,-1316.742072,3567.279349,-1667.72728,LLG
2.054284168,-174.6710217,303.6674098,-1476.69688,3568.82439,-1530.385501,LLG
1.250045717,-183.4311493,310.50655,-1635.194208,3566.847437,-1391.533657,LLG
0.444592354,-192.01024,317.0392584,-1792.077785,3561.350337,-1251.308383,LLG
-0.361282351,-200.3998295,323.2590915,-1947.192639,3552.338619,-1109.848458,LLG
-1.166781783,-208.591636,329.1599076,-2100.385837,3539.821073,-967.2930945,LLG
-1.971112324,-216.5775775,334.7358869,-2251.506048,3523.810156,-823.7833673,LLG
-2.773478887,-224.3497706,339.9815229,-2400.404283,3504.321565,-679.4605134,LLG
-3.57309094,-231.9005473,344.8916425,-2546.93345,3481.374636,-534.4673516,LLG
-4.369158057,-239.2224536,349.4613963,-2690.949089,3454.991913,-388.9465837,LLG
-5.16089592,-246.308266,353.6862781,-2832.308928,3425.199534,-243.0422096,LLG
-5.947521877,-253.1509893,357.562115,-2970.873607,3392.026798,-96.89783131,LLG
-6.728260925,-259.7438729,361.0850855,-3106.506234,3355.506546,49.34193695,LLG
-7.502341268,-266.0804082,364.2517092,-3239.073102,3315.674715,195.5331609,LLG
-8.26900028,-272.1543439,367.0588647,-3368.443239,3272.570718,341.5311813,LLG
-9.027480066,-277.9596837,369.5037781,-3494.489115,3226.236991,487.1923014,LLG
-9.777033392,-283.4907005,371.5840401,-3617.086194,3176.719362,632.3723861,LLG
-10.51691925,-288.7419337,373.2975942,-3736.113634,3124.066596,776.9285448,LLG
-11.24640874,-293.7082033,374.6427529,-3851.453822,3068.330757,920.7177339,LLG
-11.96478068,-298.3846057,375.6181851,-3962.993077,3009.566749,1063.598434,LLG
-12.67132738,-302.7665284,376.2229317,-4070.62118,2947.832666,1205.429257,LLG
-13.3653503,-306.8496445,376.4563924,-4174.232056,2883.189329,1346.070615,LLG
-14.0461658,-310.6299267,376.3183403,-4273.723313,2815.700637,1485.38333,LLG
-14.71310072,-314.1036423,375.8089082,-4368.996907,2745.433091,1623.230299,LLG
-15.36549815,-317.2673652,374.9286022,-4459.958672,2672.456137,1759.475102,LLG
-16.00271298,-320.117971,373.6782876,-4546.518982,2596.841694,1893.983662,LLG
-16.62411762,-322.6526487,372.059202,-4628.59227,2518.664486,2026.622857,LLG
-17.22909756,-324.8688947,370.0729394,-4706.097682,2438.001562,2157.262166,LLG
-17.81705702,-326.7645241,367.7214638,-4778.958587,2354.932628,2285.772285,LLG
-18.38741449,-328.3376638,365.0070922,-4847.103222,2269.539563,2412.026769,LLG
-18.93960836,-329.5867636,361.9325069,-4910.464196,2181.90674,2535.900642,LLG
-19.47309242,-330.5105886,358.5007386,-4968.97912,2092.120541,2657.272033,LLG
-19.98734144,-331.1082292,354.7151775,-5022.590105,2000.269675,2776.020786,LLG
-20.48184667,-331.3790935,350.5795561,-5071.244385,1906.444687,2892.030087,LLG
-20.95612135,-331.3229163,346.0979592,-5114.893804,1810.738272,3005.185073,LLG
-21.40969616,-330.939751,341.2748061,-5153.495425,1713.244779,3115.374448,LLG
-21.84212474,-330.2299777,336.1148602,-5187.011012,1614.060524,3222.489094,LLG
-22.25297908,-329.1942949,330.6232102,-5215.40763,1513.283289,3326.423677,LLG
-22.64185497,-327.8337267,324.8052792,-5238.657116,1411.012629,3427.075251,LLG
-23.00836738,-326.1496138,318.6668053,-5256.736664,1307.349373,3524.34486,LLG
-23.35215587,-324.1436202,312.21385,-5269.628292,1202.395924,3618.136136,LLG
-23.6728799,-321.8177236,305.452778,-5277.319417,1096.255758,3708.356892,LLG
-23.9702242,-319.1742214,298.3902651,-5279.802311,989.0337235,3794.917719,LLG
-24.2438941,-316.2157203,291.0332779,-5277.074661,880.8355354,3877.733562,LLG
-24.49362074,-312.9451422,283.38908,-5269.139021,771.7680713,3956.722323,LLG
-24.71915645,-309.3657125,275.4652122,-5256.00336,661.9388691,4031.806418,LLG
-24.92027988,-305.4809659,267.2694975,-5237.680504,551.4564153,4102.911379,LLG
-25.09679131,-301.294734,258.8100209,-5214.188674,440.4296445,4169.967404,LLG
-25.24851778,-296.8111503,250.0951342,-5185.550915,328.968225,4232.907947,LLG
-25.37530833,-292.0346373,241.1334346,-5151.795626,217.1820576,4291.671262,LLG
-25.47703905,-286.9699111,231.9337695,-5112.955983,105.1815596,4346.198989,LLG
-25.55360832,-281.6219677,222.5052146,-5069.070453,-6.922835617,4396.437682,LLG
-25.60494181,-275.9960872,212.857078,-5020.182208,-119.0203971,4442.337397,LLG
-25.63098763,-270.0978194,202.9988779,-4966.339633,-231.0005954,4483.8532,LLG
-25.6317213,-263.9329873,192.9403466,-4907.595726,-342.7528224,4520.943756,LLG
-25.60714086,-257.5076728,182.6914072,-4844.008598,-454.1668892,4553.572826,LLG
-25.55727181,-250.8282189,172.2621776,-4775.640865,-565.1327467,4581.707844,LLG
-25.48216214,-243.9012155,161.6629469,-4702.560133,-675.5409816,4605.321409,LLG
-25.38188718,-236.7335006,150.9041784,-4624.838389,-785.2825379,4624.389853,LLG
-25.25654469,-229.3321459,139.9964865,-4542.55247,-894.2492103,4638.89472,LLG
-25.10625957,-221.7044577,128.9506391,-4455.783447,-1002.333366,4648.821335,LLG
-24.93117893,-213.8579616,117.7775338,-4364.617086,-1109.428434,4654.160262,LLG
-24.73147675,-205.8004032,106.4882004,-4269.143222,-1215.428629,4654.905871,LLG
-24.50734892,-197.5397321,95.09377674,-4169.456211,-1320.229438,4651.057788,LLG
-24.25901782,-189.0841028,83.60551116,-4065.654298,-1423.727339,4642.619449,LLG
-23.98672733,-180.441858,72.03473782,-3957.840056,-1525.820287,4629.599541,LLG
-23.69074736,-171.6215284,60.39287901,-3846.119752,-1626.407435,4612.010556,LLG
-23.37136882,-162.6318167,48.69142051,-3730.603774,-1725.389609,4589.870209,LLG
-23.02890808,-153.4815966,36.94191357,-3611.405987,-1822.669032,4563.199993,LLG
-22.66370191,-144.1798964,25.15595022,-3488.64416,-1918.149794,4532.026584,LLG
-22.27611194,-134.7358976,13.34516509,-3362.439311,-2011.737574,4496.380392,LLG
-21.86651947,-125.1589183,1.521210701,-3232.916121,-2103.340106,4456.296949,LLG
-21.4353299,-115.458412,-10.30424084,-3100.202282,-2192.866895,4411.81546,LLG
-20.98296759,-105.6439497,-22.11952254,-2964.428898,-2280.229684,4362.980175,LLG
-20.50988014,-95.72521916,-33.91297083,-2825.729829,-2365.34216,4309.838935,LLG
-20.01653325,-85.71200703,-45.67295031,-2684.242087,-2448.120424,4252.444539,LLG
-19.50341498,-75.61419712,-57.38785201,-2540.10517,-2528.482688,4190.853274,LLG
-18.97103053,-65.44175272,-69.04611801,-2393.461457,-2606.34974,4125.126275,LLG
-18.41990649,-55.20471483,-80.63623974,-2244.455535,-2681.644638,4055.328057,LLG
-17.85058555,-44.91318415,-92.14678241,-2093.234586,-2754.293171,3981.527851,LLG
-17.26363077,-34.5773192,-103.5663833,-1939.947717,-2824.223549,3903.798141,LLG
-16.6596202,-24.20731822,-114.8837758,-1784.746334,-2891.366854,3822.215984,LLG
-16.03915112,-13.81341714,-126.0877878,-1627.783471,-2955.656728,3736.861545,LLG
-15.40283467,-3.405871501,-137.1673655,-1469.214162,-3017.02982,3647.819405,LLG
-14.7513,7.005045718,-148.1115716,-1309.194766,-3075.425468,3555.177091,LLG
-14.08518892,17.40906219,-158.9096085,-1147.883332,-3130.786136,3459.026378,LLG
-13.40515997,27.79590841,-169.5508168,-985.4389251,-3183.057096,3359.461806,LLG
-12.71188309,38.15533581,-180.0246981,-822.021989,-3232.186857,3256.581982,LLG
-12.00604363,48.4771189,-190.3209127,-657.7936658,-3278.12684,3150.488088,LLG
-11.28833701,58.75107331,-200.4293026,-492.9161595,-3320.831801,3041.285173,LLG
-10.55947266,68.9670579,-210.339889,-327.552054,-3360.259503,2929.080661,LLG
-9.820168742,79.11499271,-220.0428945,-161.8646738,-3396.371127,2813.98563,LLG
-9.071156009,89.18486099,-229.5287401,3.982597564,-3429.130944,2696.113319,LLG
-8.313172491,99.16672694,-238.7880677,169.8259592,-3458.506716,2575.580399,LLG
-7.546967382,109.0507377,-247.8117363,335.5018732,-3484.46936,2452.505477,LLG
-6.773295679,118.827141,-256.5908438,500.8467081,-3506.993347,2327.010357,LLG
-5.992922057,128.4862866,-265.116723,665.6974176,-3526.056355,2199.218544,LLG
-5.206615498,138.0186441,-273.3809631,829.8911852,-3541.639664,2069.256496,LLG
-4.415153141,147.4148043,-281.3754053,993.2661,-3553.727804,1937.252128,LLG
-3.619314917,156.6654962,-289.092163,1155.660802,-3562.308936,1803.336054,LLG
-2.819887368,165.7615887,-296.5236175,1316.915156,-3567.374501,1667.640092,LLG
-2.017658288,174.6941068,-303.6624383,1476.869895,-3568.91959,1530.298497,LLG
-1.213420523,183.4542333,-310.5015768,1635.367292,-3566.942588,1391.446469,LLG
-0.407966617,192.0333251,-317.0342868,1792.250799,-3561.445537,1251.221379,LLG
0.397907403,200.4229135,-323.2541183,1947.365721,-3552.43377,1109.761271,LLG
1.203407377,208.6147211,-329.1549361,2100.558849,-3539.916273,967.20609,LLG
2.007737235,216.6006615,-334.7309137,2251.679129,-3523.905307,823.6961808,LLG
2.810104337,224.3728557,-339.9765514,2400.577294,-3504.416764,679.3735089,LLG
3.609715709,231.9236313,-344.8866693,2547.106529,-3481.469787,534.3801657,LLG
4.405783363,239.2455386,-349.4564248,2691.122099,-3455.087112,388.8595792,LLG
5.197520547,246.33135,-353.681305,2832.482005,-3425.294684,242.9550242,LLG
5.984147041,253.1740743,-357.5571435,2971.046616,-3392.121997,96.81082675,LLG
6.76488541,259.7669569,-361.0801123,3106.67931,-3355.601696,-49.42912187,LLG
7.538966288,266.1034932,-364.2467377,3239.24611,-3315.769913,-195.6201655,LLG
8.305624624,272.1774279,-367.0538916,3368.616313,-3272.665869,-341.6183658,LLG
9.064104943,277.9827686,-369.4988067,3494.662121,-3226.332189,-487.279306,LLG
9.813657595,283.5137844,-371.579067,3617.259268,-3176.814512,-632.45957,LLG
10.55354398,288.7650187,-373.2926228,3736.286639,-3124.161794,-777.0155494,LLG
11.2830328,293.7312872,-374.6377799,3851.626894,-3068.425907,-920.8049174,LLG
12.00140527,298.4076907,-375.6132137,3963.166081,-3009.661946,-1063.685439,LLG
12.7079513,302.7896122,-376.2179587,4070.79425,-2947.927815,-1205.51644,LLG
13.40197475,306.8727294,-376.451421,4174.405059,-2883.284527,-1346.15762,LLG
14.08278958,310.6530106,-376.3133673,4273.896382,-2815.795787,-1485.470513,LLG
14.74972503,314.1267272,-375.8039368,4369.169908,-2745.528288,-1623.317303,LLG
15.40212179,317.290449,-374.9236292,4460.131739,-2672.551286,-1759.562284,LLG
16.03933714,320.1410558,-373.6733163,4546.691982,-2596.936891,-1894.070667,LLG
16.66074112,322.6757325,-372.054229,4628.765335,-2518.759635,-2026.710038,LLG
17.26572158,324.8919796,-370.0679681,4706.27068,-2438.096758,-2157.34917,LLG
17.85368037,326.7876079,-367.7164909,4779.131651,-2355.027778,-2285.859466,LLG
18.42403836,328.3607486,-365.0021209,4847.27622,-2269.634759,-2412.113774,LLG
18.97623157,329.6098474,-361.9275339,4910.637259,-2182.001889,-2535.987823,LLG
19.50971615,330.5336734,-358.4957673,4969.152116,-2092.215737,-2657.359038,LLG
20.02396451,331.131313,-354.7102046,5022.763166,-2000.364824,-2776.107966,LLG
20.51847026,331.4021783,-350.5745848,5071.41738,-1906.539883,-2892.117092,LLG
20.99274427,331.3460001,-346.0929863,5115.066864,-1810.83342,-3005.272252,LLG
21.4463196,330.9628357,-341.2698348,5153.668418,-1713.339974,-3115.461452,LLG
21.87874752,330.2530615,-336.1098873,5187.18407,-1614.155672,-3222.576273,LLG
22.28960238,329.2173796,-330.6182389,5215.580623,-1513.378484,-3326.510681,LLG
22.67847761,327.8568105,-324.8003063,5238.830173,-1411.107777,-3427.16243,LLG
23.04499054,326.1726985,-318.6618341,5256.909655,-1307.444567,-3524.431864,LLG
23.38877837,324.1667039,-312.2088771,5269.801347,-1202.491072,-3618.223314,LLG
23.70950291,321.8408083,-305.4478067,5277.492407,-1096.350952,-3708.443897,LLG
24.00684657,319.1973051,-298.3852923,5279.975365,-989.1288713,-3795.004896,LLG
24.28051697,316.238805,-291.0283066,5277.24765,-880.9307291,-3877.820567,LLG
24.53024296,312.9682258,-283.3841072,5269.312073,-771.8632189,-3956.8095,LLG
24.75577918,309.3887971,-275.4602409,5256.176348,-662.0340624,-4031.893422,LLG
24.95690196,305.5040495,-267.2645247,5237.853556,-551.5515627,-4102.998556,LLG
25.13341389,301.3178186,-258.8050497,5214.36166,-440.5248376,-4170.054408,LLG
25.28513972,296.8342339,-250.0901614,5185.723965,-329.0633722,-4232.995123,LLG
25.41193077,292.0577219,-241.1284634,5151.968611,-217.2772503,-4291.758266,LLG
25.51366084,286.9929947,-231.9287967,5113.129031,-105.2767066,-4346.286164,LLG
25.59023062,281.6450523,-222.5002434,5069.243436,6.827643204,-4396.524687,LLG
25.64156346,276.0191708,-212.8521052,5020.355255,118.9252502,-4442.424572,LLG
25.66760978,270.1209039,-202.9939067,4966.512615,230.9054033,-4483.940205,LLG
25.66834281,263.9560708,-192.9353739,4907.768772,342.6576757,-4521.030931,LLG
25.64376287,257.5307573,-182.6864361,4844.181579,454.0716974,-4553.659831,LLG
25.59389318,250.8513024,-172.2572049,4775.813909,565.0376002,-4581.795018,LLG
25.518784,243.9242999,-161.6579757,4702.733113,675.4457902,-4605.408413,LLG
25.41850841,236.7565841,-150.8992057,4625.011431,785.1873916,-4624.477026,LLG
25.29316641,229.3552304,-139.9915154,4542.725448,894.1540192,-4638.981725,LLG
25.14288066,221.7275412,-128.9456664,4455.956488,1002.238219,-4648.908508,LLG
24.96780051,213.8810461,-117.7725626,4364.790063,1109.333243,-4654.247266,LLG
24.76809769,205.8234866,-106.4832277,4269.316262,1215.333483,-4654.993044,LLG
24.54397035,197.5628165,-95.08880563,4169.629187,1320.134247,-4651.144792,LLG
24.29563862,189.1071863,-83.6005385,4065.827336,1423.632193,-4642.706621,LLG
24.02334862,180.4649424,-72.02976672,3958.013031,1525.725097,-4629.686546,LLG
23.72736802,171.6446118,-60.38790637,3846.292789,1626.312289,-4612.097728,LLG
23.40798996,162.6549011,-48.68644943,3730.776747,1725.294419,-4589.957214,LLG
23.06552859,153.50468,-36.93694095,3611.579022,1822.573886,-4563.287164,LLG
22.70032292,144.2029807,-25.15097915,3488.817133,1918.054605,-4532.113589,LLG
22.31273232,134.758981,-13.34019249,3362.612345,2011.642429,-4496.467562,LLG
21.90314033,125.1820027,-1.516239646,3233.089092,2103.244917,-4456.383954,LLG
21.47195014,115.4814953,10.30921343,3100.375314,2192.77175,-4411.90263,LLG
21.0195883,105.667034,22.12449358,2964.601868,2280.134495,-4363.067179,LLG
20.54650023,95.74830252,33.9179434,2825.90286,2365.247016,-4309.926105,LLG
20.05315382,85.73509132,45.67792134,2684.415055,2448.025236,-4252.531543,LLG
19.54003493,75.63728045,57.39282456,2540.278199,2528.387544,-4190.940443,LLG
19.00765096,65.46483698,69.05108902,2393.634424,2606.254551,-4125.21328,LLG
18.45652629,55.22779814,80.64121227,2244.628563,2681.549494,-4055.415225,LLG
17.88720584,44.93626839,92.15175341,2093.407552,2754.197983,-3981.614856,LLG
17.30025043,34.60040249,103.5713558,1940.120744,2824.128405,-3903.885309,LLG
16.69624034,24.23040243,114.8887467,1784.919299,2891.271666,-3822.302989,LLG
16.07577064,13.83650041,126.0927603,1627.956496,2955.561584,-3736.948712,LLG
15.43945467,3.428955694,137.1723365,1469.387126,3016.934633,-3647.90641,LLG
14.78791938,-6.981962463,148.116544,1309.367789,3075.330324,-3555.264259,LLG
14.12180878,-17.38597802,158.9145795,1148.056294,3130.690949,-3459.113383,LLG
13.44177921,-27.77282518,169.5557893,985.6119475,3182.961953,-3359.548973,LLG
12.74850281,-38.13225166,180.0296691,822.1949499,3232.09167,-3256.668987,LLG
12.04266273,-48.45403569,190.3258851,657.9666869,3278.031697,-3150.575255,LLG
11.32495658,-58.72798918,200.4342736,493.0891191,3320.736615,-3041.372178,LLG
10.59609162,-68.94397471,210.3448615,327.7250736,3360.16436,-2929.167827,LLG
9.856788169,-79.09190861,220.0478654,162.0376321,3396.275941,-2814.072634,LLG
9.107774824,-89.16177781,229.5337125,-3.809579434,3429.035801,-2696.200484,LLG
8.349791774,-99.14364286,238.7930386,-169.6530021,3458.41153,-2575.667403,LLG
7.583586055,-109.0276546,247.8167087,-335.3288565,3484.374217,-2452.592641,LLG
6.809914819,-118.8040569,256.5958147,-500.6737523,3506.898161,-2327.097361,LLG
6.029540588,-128.4632034,265.1216954,-665.5244024,3525.961212,-2199.305708,LLG
5.243234494,-137.99556,273.385934,-829.7182306,3541.544479,-2069.343501,LLG
4.45177153,-147.3917212,281.3803776,-993.0930862,3553.632662,-1937.339292,LLG
3.65593377,-156.6424122,289.0971338,-1155.487849,3562.213751,-1803.423059,LLG
2.856505615,-165.7385056,296.5285899,-1316.742144,3567.279359,-1667.727255,LLG
2.054276997,-174.6710228,303.6674091,-1476.696943,3568.824406,-1530.385501,LLG
1.250038628,-183.4311502,310.5065491,-1635.194281,3566.847446,-1391.533632,LLG
0.444585183,-192.0102411,317.0392577,-1792.077848,3561.350353,-1251.308383,LLG
-0.36128944,-200.3998304,323.2590906,-1947.192711,3552.338628,-1109.848434,LLG
-1.166788954,-208.5916371,329.1599069,-2100.3859,3539.821089,-967.2930943,LLG
-1.971119413,-216.5775785,334.735886,-2251.506121,3523.810165,-823.7833428,LLG
-2.773486057,-224.3497717,339.9815223,-2400.404346,3504.321581,-679.4605132,LLG
-3.573098029,-231.9005483,344.8916416,-2546.933522,3481.374646,-534.4673271,LLG
-4.369165227,-239.2224547,349.4613956,-2690.949152,3454.991928,-388.9465835,LLG
-5.160903009,-246.308267,353.6862772,-2832.309,3425.199543,-243.0421851,LLG
-5.947529048,-253.1509905,357.5621143,-2970.87367,3392.026814,-96.89783102,LLG
-6.728268014,-259.7438739,361.0850846,-3106.506307,3355.506555,49.34196137,LLG
-7.502348438,-266.0804093,364.2517085,-3239.073166,3315.674731,195.5331612,LLG
-8.26900737,-272.1543449,367.0588638,-3368.443311,3272.570728,341.5312057,LLG
-9.027487237,-277.9596848,369.5037774,-3494.489178,3226.237007,487.1923018,LLG
-9.777040483,-283.4907015,371.5840392,-3617.086267,3176.719371,632.3724105,LLG
-10.51692642,-288.7419349,373.2975936,-3736.113697,3124.066611,776.9285452,LLG
-11.24641583,-293.7082042,374.642752,-3851.453894,3068.330767,920.7177583,LLG
-11.96478785,-298.3846069,375.6181844,-3962.99314,3009.566765,1063.598435,LLG
-12.67133447,-302.7665294,376.2229308,-4070.621252,2947.832675,1205.429282,LLG
-13.36535747,-306.8496456,376.4563918,-4174.23212,2883.189345,1346.070616,LLG
-14.0461729,-310.6299277,376.3183394,-4273.723385,2815.700647,1485.383355,LLG
-14.71310789,-314.1036434,375.8089075,-4368.99697,2745.433106,1623.230299,LLG
-15.36550524,-317.2673662,374.9286013,-4459.958744,2672.456146,1759.475126,LLG
-16.00272015,-320.1179721,373.678287,-4546.519045,2596.84171,1893.983663,LLG
-16.62412471,-322.6526497,372.0592011,-4628.592342,2518.664495,2026.622881,LLG
-17.22910473,-324.8688959,370.0729388,-4706.097745,2438.001578,2157.262166,LLG
-17.81706411,-326.7645251,367.7214629,-4778.958659,2354.932638,2285.772309,LLG
-18.38742166,-328.3376649,365.0070916,-4847.103286,2269.539579,2412.02677,LLG
-18.93961545,-329.5867646,361.932506,-4910.464268,2181.90675,2535.900667,LLG
-19.47309959,-330.5105897,358.5007379,-4968.979183,2092.120557,2657.272034,LLG
-19.98734853,-331.1082302,354.7151766,-5022.590177,2000.269685,2776.02081,LLG
-20.48185384,-331.3790946,350.5795555,-5071.244449,1906.444703,2892.030088,LLG
-20.95612844,-331.3229173,346.0979583,-5114.893876,1810.738281,3005.185097,LLG
-21.40970333,-330.9397521,341.2748055,-5153.495488,1713.244795,3115.374448,LLG
-21.84213183,-330.2299787,336.1148593,-5187.011084,1614.060533,3222.489118,LLG
-22.25298625,-329.1942961,330.6232095,-5215.407694,1513.283305,3326.423677,LLG
-22.64186206,-327.8337277,324.8052783,-5238.657188,1411.012638,3427.075275,LLG
-23.00837455,-326.1496149,318.6668047,-5256.736727,1307.349389,3524.34486,LLG
-23.35216296,-324.1436212,312.2138491,-5269.628364,1202.395933,3618.13616,LLG
-23.67288707,-321.8177247,305.4527773,-5277.319481,1096.255774,3708.356893,LLG
-23.9702313,-319.1742224,298.3902642,-5279.802383,989.033733,3794.917743,LLG
-24.24390127,-316.2157215,291.0332772,-5277.074724,880.835551,3877.733563,LLG
-24.49362784,-312.9451432,283.3890791,-5269.139093,771.7680807,3956.722347,LLG
-24.71916362,-309.3657137,275.4652115,-5256.003424,661.9388846,4031.806419,LLG
-24.92028697,-305.4809669,267.2694966,-5237.680576,551.4564247,4102.911403,LLG
-25.09679848,-301.2947352,258.8100202,-5214.188737,440.4296601,4169.967404,LLG
-25.24852488,-296.8111513,250.0951333,-5185.550987,328.9682344,4232.907971,LLG
-25.3753155,-292.0346384,241.1334339,-5151.795689,217.1820731,4291.671263,LLG
-25.47704615,-286.9699121,231.9337686,-5112.956055,105.1815691,4346.199012,LLG
-25.5536155,-281.6219689,222.5052139,-5069.070516,-6.922820056,4396.437683,LLG
-25.60494891,-275.9960882,212.8570771,-5020.18228,-119.0203876,4442.33742,LLG
-25.6309948,-270.0978205,202.9988772,-4966.339696,-231.0005798,4483.853201,LLG
-25.63172839,-263.9329883,192.9403457,-4907.595798,-342.7528129,4520.94378,LLG
-25.60714804,-257.5076739,182.6914066,-4844.008662,-454.1668737,4553.572827,LLG
-25.55727891,-250.8282199,172.2621768,-4775.640937,-565.1327372,4581.707868,LLG
-25.48216931,-243.9012166,161.6629462,-4702.560196,-675.5409661,4605.32141,LLG
-25.38189428,-236.7335016,150.9041775,-4624.838461,-785.2825284,4624.389876,LLG
-25.25655186,-229.332147,139.9964858,-4542.552533,-894.2491948,4638.894721,LLG
-25.10626667,-221.7044587,128.9506382,-4455.783519,-1002.333356,4648.821359,LLG
-24.9311861,-213.8579628,117.7775331,-4364.61715,-1109.428418,4654.160263,LLG
-24.73148385,-205.8004041,106.4881995,-4269.143294,-1215.428619,4654.905895,LLG
-24.50735609,-197.5397332,95.09377605,-4169.456275,-1320.229422,4651.057789,LLG
-24.25902492,-189.0841038,83.60551027,-4065.65437,-1423.727329,4642.619472,LLG
-23.9867345,-180.4418591,72.03473714,-3957.84012,-1525.820272,4629.599542,LLG
-23.69075446,-171.6215294,60.39287812,-3846.119824,-1626.407425,4612.01058,LLG
-23.37137599,-162.6318178,48.69141983,-3730.603837,-1725.389594,4589.87021,LLG
-23.02891517,-153.4815976,36.94191268,-3611.406059,-1822.669022,4563.200016,LLG
-22.66370909,-144.1798975,25.15594954,-3488.644224,-1918.149779,4532.026586,LLG
-22.27611904,-134.7358986,13.3451642,-3362.439383,-2011.737565,4496.380415,LLG
-21.86652664,-125.1589195,1.521210016,-3232.916185,-2103.340091,4456.296951,LLG
-21.435337,-115.458413,-10.30424173,-3100.202354,-2192.866886,4411.815483,LLG
-20.98297476,-105.6439508,-22.11952322,-2964.428961,-2280.229668,4362.980176,LLG
-20.50988724,-95.72522016,-33.91297172,-2825.729901,-2365.342151,4309.838959,LLG
-20.01654042,-85.71200816,-45.672951,-2684.24215,-2448.120409,4252.44454,LLG
-19.50342208,-75.61419812,-57.3878529,-2540.105242,-2528.482679,4190.853297,LLG
-18.9710377,-65.44175385,-69.04611869,-2393.46152,-2606.349724,4125.126277,LLG
-18.41991358,-55.20471583,-80.63624063,-2244.455606,-2681.644629,4055.32808,LLG
-17.85059273,-44.91318528,-92.1467831,-2093.23465,-2754.293156,3981.527853,LLG
-17.26363787,-34.5773202,-103.5663841,-1939.947789,-2824.22354,3903.798164,LLG
-16.65962737,-24.20731934,-114.8837764,-1784.746398,-2891.366838,3822.215986,LLG
-16.03915822,-13.81341814,-126.0877886,-1627.783543,-2955.656719,3736.861568,LLG
-15.40284184,-3.405872625,-137.1673662,-1469.214226,-3017.029805,3647.819407,LLG
-14.7513071,7.005044718,-148.1115724,-1309.194837,-3075.425459,3555.177115,LLG
-14.08519609,17.40906106,-158.9096092,-1147.883395,-3130.786121,3459.02638,LLG
-13.40516707,27.79590741,-169.5508177,-985.4389968,-3183.057087,3359.46183,LLG
-12.71189027,38.15533469,-180.0246988,-822.0220526,-3232.186842,3256.581984,LLG
-12.00605073,48.4771179,-190.3209136,-657.7937376,-3278.126831,3150.488111,LLG
-11.28834418,58.75107219,-200.4293033,-492.9162231,-3320.831786,3041.285175,LLG
-10.55947976,68.9670569,-210.3398899,-327.5521258,-3360.259493,2929.080684,LLG
-9.820175914,79.11499159,-220.0428952,-161.8647374,-3396.371112,2813.985631,LLG
-9.071163109,89.18485998,-229.528741,3.982525847,-3429.130935,2696.113342,LLG
-8.313179663,99.16672582,-238.7880684,169.8258956,-3458.506701,2575.5804,LLG
-7.546974482,109.0507367,-247.8117372,335.5018015,-3484.469351,2452.5055,LLG
-6.773302851,118.8271398,-256.5908444,500.8466444,-3506.993331,2327.010358,LLG
-5.992929157,128.4862856,-265.1167239,665.6973459,-3526.056345,2199.218567,LLG
-5.206622669,138.018643,-273.3809638,829.8911215,-3541.639649,2069.256498,LLG
-4.415160241,147.4148033,-281.3754061,993.2660283,-3553.727795,1937.252151,LLG
-3.619322089,156.6654951,-289.0921636,1155.660739,-3562.308921,1803.336056,LLG
-2.819894468,165.7615877,-296.5236184,1316.915085,-3567.374491,1667.640115,LLG
-2.01766546,174.6941057,-303.6624389,1476.869832,-3568.919575,1530.298499,LLG
-1.213427623,183.4542323,-310.5015777,1635.36722,-3566.942579,1391.446492,LLG
-0.407973789,192.0333239,-317.0342875,1792.250736,-3561.445521,1251.221381,LLG
0.397900302,200.4229125,-323.2541192,1947.365649,-3552.433761,1109.761294,LLG
1.203400205,208.61472,-329.1549368,2100.558786,-3539.916257,967.2060918,LLG
2.007730134,216.6006605,-334.7309146,2251.679057,-3523.905297,823.6962038,LLG
2.810097165,224.3728545,-339.9765521,2400.577231,-3504.416749,679.3735107,LLG
3.609708607,231.9236303,-344.8866702,2547.106457,-3481.469778,534.3801886,LLG
4.405776191,239.2455375,-349.4564255,2691.122035,-3455.087096,388.8595811,LLG
5.197513446,246.331349,-353.6813059,2832.481934,-3425.294675,242.955047,LLG
5.984139868,253.1740732,-357.5571442,2971.046552,-3392.121981,96.81082866,LLG
6.764878308,259.7669559,-361.0801132,3106.679239,-3355.601686,-49.42909905,LLG
7.538959115,266.1034921,-364.2467384,3239.246046,-3315.769898,-195.6201636,LLG
8.305617522,272.1774269,-367.0538925,3368.616241,-3272.665859,-341.618343,LLG
9.064097771,277.9827675,-369.4988074,3494.662057,-3226.332174,-487.279304,LLG
9.813650492,283.5137834,-371.5790679,3617.259196,-3176.814502,-632.4595473,LLG
10.55353681,288.7650176,-373.2926235,3736.286575,-3124.161778,-777.0155474,LLG
11.2830257,293.7312862,-374.6377807,3851.626822,-3068.425898,-920.8048946,LLG
12.00139809,298.4076895,-375.6132144,3963.166017,-3009.661931,-1063.685437,LLG
12.7079442,302.7896112,-376.2179596,4070.794178,-2947.927806,-1205.516418,LLG
13.40196758,306.8727283,-376.4514217,4174.404995,-2883.284511,-1346.157618,LLG
14.08278248,310.6530096,-376.3133682,4273.89631,-2815.795777,-1485.47049,LLG
14.74971785,314.126726,-375.8039375,4369.169845,-2745.528272,-1623.317301,LLG
15.40211468,317.290448,-374.9236301,4460.131668,-2672.551277,-1759.562261,LLG
16.03932997,320.1410547,-373.673317,4546.691918,-2596.936875,-1894.070665,LLG
16.66073401,322.6757315,-372.0542298,4628.765264,-2518.759625,-2026.710015,LLG
17.2657144,324.8919784,-370.0679688,4706.270616,-2438.096743,-2157.349168,LLG
17.85367327,326.7876069,-367.7164917,4779.13158,-2355.027768,-2285.859443,LLG
18.42403119,328.3607475,-365.0021216,4847.276156,-2269.634744,-2412.113772,LLG
18.97622447,329.6098464,-361.9275348,4910.637187,-2182.001879,-2535.9878,LLG
19.50970897,330.5336723,-358.495768,4969.152052,-2092.215722,-2657.359036,LLG
20.02395741,331.131312,-354.7102055,5022.763095,-2000.364814,-2776.107944,LLG
20.51846308,331.4021772,-350.5745855,5071.417316,-1906.539867,-2892.117089,LLG
20.99273717,331.3459991,-346.0929872,5115.066792,-1810.833411,-3005.272229,LLG
21.44631243,330.9628346,-341.2698355,5153.668354,-1713.339959,-3115.46145,LLG
21.87874042,330.2530605,-336.1098882,5187.183999,-1614.155662,-3222.576251,LLG
22.2895952,329.2173785,-330.6182396,5215.580559,-1513.378468,-3326.510679,LLG
22.67847051,327.8568095,-324.8003072,5238.830101,-1411.107767,-3427.162407,LLG
23.04498337,326.1726974,-318.6618348,5256.909591,-1307.444552,-3524.431862,LLG
23.38877127,324.1667029,-312.208878,5269.801276,-1202.491062,-3618.223292,LLG
23.70949574,321.8408072,-305.4478074,5277.492343,-1096.350937,-3708.443894,LLG
24.00683946,319.1973041,-298.3852932,5279.975294,-989.1288615,-3795.004874,LLG
24.28050979,316.2388039,-291.0283073,5277.247586,-880.9307139,-3877.820564,LLG
24.53023586,312.9682248,-283.3841081,5269.312002,-771.863209,-3956.809477,LLG
24.755772,309.388796,-275.4602416,5256.176284,-662.0340472,-4031.89342,LLG
24.95689485,305.5040485,-267.2645256,5237.853484,-551.5515528,-4102.998533,LLG
25.13340672,301.3178175,-258.8050504,5214.361596,-440.5248224,-4170.054406,LLG
25.28513261,296.8342329,-250.0901623,5185.723893,-329.0633623,-4232.995101,LLG
25.41192359,292.0577208,-241.1284641,5151.968547,-217.2772351,-4291.758264,LLG
25.51365374,286.9929937,-231.9287976,5113.12896,-105.2766968,-4346.286142,LLG
25.59022345,281.6450512,-222.5002441,5069.243372,6.827658361,-4396.524684,LLG
25.64155636,276.0191698,-212.8521061,5020.355184,118.9252601,-4442.424549,LLG
25.66760261,270.1209028,-202.9939074,4966.512551,230.9054184,-4483.940202,LLG
25.6683357,263.9560698,-192.9353747,4907.7687,342.6576856,-4521.030909,LLG
25.6437557,257.5307562,-182.6864368,4844.181515,454.0717126,-4553.659828,LLG
25.59388607,250.8513014,-172.2572058,4775.813837,565.0376101,-4581.794996,LLG
25.51877683,243.9242988,-161.6579764,4702.733049,675.4458053,-4605.408411,LLG
25.4185013,236.7565831,-150.8992066,4625.01136,785.1874015,-4624.477004,LLG
25.29315924,229.3552293,-139.9915161,4542.725384,894.1540343,-4638.981722,LLG
25.14287355,221.7275402,-128.9456673,4455.956417,1002.238229,-4648.908486,LLG
24.96779333,213.881045,-117.7725633,4364.789999,1109.333258,-4654.247264,LLG
24.76809059,205.8234856,-106.4832286,4269.316191,1215.333493,-4654.993022,LLG
24.54396318,197.5628154,-95.08880632,4169.629123,1320.134262,-4651.144789,LLG
24.29563151,189.1071853,-83.60053938,4065.827265,1423.632203,-4642.706599,LLG
24.02334145,180.4649412,-72.02976742,3958.012967,1525.725112,-4629.686543,LLG
23.72736091,171.6446108,-60.38790725,3846.292718,1626.312299,-4612.097706,LLG
23.40798279,162.6548999,-48.68645013,3730.776683,1725.294434,-4589.957211,LLG
23.06552148,153.504679,-36.93694183,3611.578951,1822.573896,-4563.287142,LLG
22.70031575,144.2029796,-25.15097985,3488.817069,1918.05462,-4532.113586,LLG
22.31272521,134.75898,-13.34019337,3362.612274,2011.642439,-4496.46754,LLG
21.90313315,125.1820015,-1.516240342,3233.089028,2103.244932,-4456.383951,LLG
21.47194303,115.4814943,10.30921255,3100.375243,2192.77176,-4411.902608,LLG
21.01958113,105.6670329,22.12449288,2964.601804,2280.13451,-4363.067177,LLG
20.54649312,95.74830151,33.91794253,2825.902789,2365.247026,-4309.926083,LLG
20.05314665,85.7350902,45.67792064,2684.414991,2448.025251,-4252.531541,LLG
19.54002782,75.63727944,57.39282368,2540.278128,2528.387554,-4190.940421,LLG
19.00764379,65.46483587,69.05108833,2393.63436,2606.254566,-4125.213277,LLG
18.45651918,55.22779714,80.6412114,2244.628491,2681.549504,-4055.415203,LLG
17.88719867,44.93626728,92.15175272,2093.407488,2754.197998,-3981.614853,LLG
17.30024332,34.60040149,103.5713549,1940.120673,2824.128415,-3903.885287,LLG
16.69623317,24.23040132,114.888746,1784.919235,2891.271681,-3822.302986,LLG
16.07576353,13.83649941,126.0927594,1627.956425,2955.561594,-3736.94869,LLG
15.4394475,3.42895458,137.1723358,1469.387062,3016.934648,-3647.906407,LLG
14.78791227,-6.98196347,148.1165432,1309.367718,3075.330334,-3555.264237,LLG
14.1218016,-17.38597913,158.9145788,1148.05623,3130.690964,-3459.11338,LLG
13.4417721,-27.77282618,169.5557884,985.6118763,3182.961963,-3359.548951,LLG
12.74849563,-38.13225278,180.0296684,822.1948857,3232.091685,-3256.668984,LLG
12.04265562,-48.45403669,190.3258843,657.9666156,3278.031707,-3150.575233,LLG
11.3249494,-58.7279903,200.4342729,493.0890549,3320.73663,-3041.372175,LLG
10.59608451,-68.94397572,210.3448606,327.7250024,3360.16437,-2929.167805,LLG
9.856780995,-79.09190972,220.0478647,162.0375679,3396.275956,-2814.072631,LLG
9.107767713,-89.16177882,229.5337116,-3.809650632,3429.035811,-2696.200462,LLG
8.3497846,-99.14364397,238.7930379,-169.6530663,3458.411545,-2575.6674,LLG
7.583578944,-109.0276556,247.8167078,-335.3289277,3484.374227,-2452.59262,LLG
6.809907645,-118.804058,256.595814,-500.6738165,3506.898176,-2327.097358,LLG
6.029533476,-128.4632044,265.1216945,-665.5244735,3525.961222,-2199.305687,LLG
5.24322732,-137.9955612,273.3859333,-829.7182949,3541.544494,-2069.343498,LLG
4.451764418,-147.3917222,281.3803767,-993.0931573,3553.632672,-1937.339271,LLG
3.655926596,-156.6424133,289.0971331,-1155.487913,3562.213766,-1803.423055,LLG
2.856498503,-165.7385066,296.528589,-1316.742215,3567.279369,-1667.727233,LLG
2.054269823,-174.6710239,303.6674084,-1476.697008,3568.824421,-1530.385498,LLG
1.250031516,-183.4311513,310.5065482,-1635.194352,3566.847456,-1391.533611,LLG
0.444578009,-192.0102422,317.039257,-1792.077913,3561.350368,-1251.30838,LLG
-0.361296552,-200.3998315,323.2590897,-1947.192782,3552.338638,-1109.848412,LLG
-1.166796128,-208.5916383,329.1599062,-2100.385964,3539.821104,-967.2930911,LLG
-1.971126526,-216.5775795,334.7358851,-2251.506192,3523.810175,-823.7833212,LLG
-2.773493231,-224.3497729,339.9815216,-2400.404411,3504.321596,-679.4605099,LLG
-3.573105142,-231.9005493,344.8916407,-2546.933594,3481.374656,-534.4673057,LLG
-4.369172402,-239.2224559,349.4613949,-2690.949217,3454.991943,-388.9465802,LLG
-5.160910123,-246.308268,353.6862764,-2832.309071,3425.199553,-243.0421637,LLG
-5.947536222,-253.1509916,357.5621136,-2970.873734,3392.026828,-96.89782771,LLG
-6.728275128,-259.7438749,361.0850837,-3106.506378,3355.506565,49.3419828,LLG
-7.502355613,-266.0804104,364.2517078,-3239.07323,3315.674746,195.5331646,LLG
-8.269014484,-272.1543459,367.0588629,-3368.443382,3272.570738,341.5312271,LLG
-9.027494412,-277.9596859,369.5037767,-3494.489242,3226.237022,487.1923051,LLG
-9.777047597,-283.4907025,371.5840384,-3617.086338,3176.719381,632.3724319,LLG
-10.51693359,-288.741936,373.2975929,-3736.113761,3124.066626,776.9285486,LLG
-11.24642295,-293.7082053,374.6427512,-3851.453965,3068.330777,920.7177796,LLG
-11.96479502,-298.384608,375.6181837,-3962.993205,3009.56678,1063.598438,LLG
-12.67134159,-302.7665304,376.22293,-4070.621323,2947.832685,1205.429303,LLG
-13.36536465,-306.8496467,376.4563911,-4174.232184,2883.18936,1346.070619,LLG
-14.04618001,-310.6299287,376.3183386,-4273.723456,2815.700657,1485.383376,LLG
-14.71311507,-314.1036445,375.8089068,-4368.997035,2745.433121,1623.230303,LLG
-15.36551236,-317.2673672,374.9286004,-4459.958815,2672.456157,1759.475147,LLG
-16.00272732,-320.1179732,373.6782863,-4546.519109,2596.841725,1893.983666,LLG
-16.62413183,-322.6526507,372.0592002,-4628.592413,2518.664505,2026.622902,LLG
-17.22911191,-324.868897,370.0729381,-4706.097809,2438.001592,2157.26217,LLG
-17.81707123,-326.7645261,367.7214621,-4778.95873,2354.932648,2285.77233,LLG
-18.38742883,-328.3376661,365.0070909,-4847.10335,2269.539594,2412.026773,LLG
-18.93962257,-329.5867656,361.9325051,-4910.464339,2181.90676,2535.900688,LLG
-19.47310676,-330.5105908,358.5007372,-4968.979247,2092.120572,2657.272037,LLG
-19.98735565,-331.1082312,354.7151758,-5022.590248,2000.269695,2776.020832,LLG
-20.48186102,-331.3790958,350.5795548,-5071.244513,1906.444718,2892.030091,LLG
-20.95613555,-331.3229184,346.0979575,-5114.893947,1810.738291,3005.185118,LLG
-21.4097105,-330.9397532,341.2748048,-5153.495552,1713.24481,3115.374452,LLG
-21.84213895,-330.2299798,336.1148585,-5187.011155,1614.060544,3222.489139,LLG
-22.25299342,-329.1942972,330.6232088,-5215.407758,1513.283319,3326.423681,LLG
-22.64186918,-327.8337288,324.8052775,-5238.657259,1411.012648,3427.075296,LLG
-23.00838173,-326.149616,318.666804,-5256.736791,1307.349403,3524.344864,LLG
-23.35217008,-324.1436223,312.2138482,-5269.628435,1202.395943,3618.136181,LLG
-23.67289425,-321.8177259,305.4527766,-5277.319545,1096.255789,3708.356896,LLG
-23.97023842,-319.1742234,298.3902634,-5279.802454,989.0337432,3794.917764,LLG
-24.24390845,-316.2157226,291.0332765,-5277.074789,880.8355658,3877.733567,LLG
-24.49363496,-312.9451442,283.3890783,-5269.139164,771.7680909,3956.722368,LLG
-24.7191708,-309.3657148,275.4652108,-5256.003488,661.9388995,4031.806422,LLG
-24.92029409,-305.4809679,267.2694958,-5237.680647,551.4564349,4102.911424,LLG
-25.09680566,-301.2947363,258.8100195,-5214.188802,440.4296749,4169.967408,LLG
-25.248532,-296.8111523,250.0951325,-5185.551058,328.9682446,4232.907992,LLG
-25.37532268,-292.0346395,241.1334332,-5151.795754,217.182088,4291.671266,LLG
-25.47705326,-286.9699131,231.9337677,-5112.956126,105.1815793,4346.199033,LLG
-25.55362267,-281.62197,222.5052132,-5069.070581,-6.922805249,4396.437687,LLG
-25.60495603,-275.9960892,212.8570762,-5020.182351,-119.0203774,4442.337441,LLG
-25.63100198,-270.0978216,202.9988765,-4966.339761,-231.000565,4483.853205,LLG
-25.63173551,-263.9329893,192.9403448,-4907.595869,-342.7528027,4520.943801,LLG
-25.60715521,-257.507675,182.6914058,-4844.008726,-454.1668589,4553.572831,LLG
-25.55728603,-250.8282209,172.2621759,-4775.641007,-565.1327269,4581.707889,LLG
-25.48217649,-243.9012177,161.6629455,-4702.560261,-675.5409513,4605.321414,LLG
-25.3819014,-236.7335026,150.9041766,-4624.838532,-785.2825182,4624.389897,LLG
-25.25655904,-229.3321482,139.9964851,-4542.552598,-894.24918,4638.894725,LLG
-25.10627379,-221.7044598,128.9506373,-4455.78359,-1002.333346,4648.82138,LLG
-24.93119327,-213.8579639,117.7775324,-4364.617214,-1109.428403,4654.160267,LLG
-24.73149097,-205.8004052,106.4881986,-4269.143365,-1215.428609,4654.905916,LLG
-24.50736327,-197.5397343,95.09377535,-4169.456339,-1320.229408,4651.057793,LLG
-24.25903204,-189.0841048,83.6055094,-4065.654441,-1423.727319,4642.619493,LLG
-23.98674168,-180.4418602,72.03473643,-3957.840184,-1525.820257,4629.599546,LLG
-23.69076158,-171.6215304,60.39287726,-3846.119895,-1626.407415,4612.0106,LLG
-23.37138316,-162.6318189,48.69141912,-3730.603902,-1725.389579,4589.870214,LLG
-23.02892229,-153.4815986,36.94191182,-3611.40613,-1822.669012,4563.200037,LLG
-22.66371626,-144.1798986,25.15594883,-3488.644289,-1918.149764,4532.02659,LLG
-22.27612616,-134.7358996,13.34516334,-3362.439454,-2011.737554,4496.380436,LLG
-21.86653381,-125.1589206,1.521209309,-3232.916249,-2103.340076,4456.296955,LLG
-21.43534412,-115.458414,-10.30424259,-3100.202424,-2192.866875,4411.815504,LLG
-20.98298193,-105.6439519,-22.11952393,-2964.429026,-2280.229654,4362.98018,LLG
-20.50989436,-95.72522117,-33.91297258,-2825.729971,-2365.342141,4309.838979,LLG
-20.0165476,-85.71200927,-45.6729517,-2684.242215,-2448.120394,4252.444544,LLG
-19.5034292,-75.61419913,-57.38785376,-2540.105312,-2528.482669,4190.853318,LLG
-18.97104488,-65.44175495,-69.0461194,-2393.461585,-2606.349709,4125.126281,LLG
-18.4199207,-55.20471684,-80.63624149,-2244.455677,-2681.644618,4055.328101,LLG
-17.8505999,-44.91318639,-92.14678381,-2093.234715,-2754.293141,3981.527857,LLG
-17.26364499,-34.57732121,-103.566385,-1939.94786,-2824.223529,3903.798184,LLG
-16.65963455,-24.20732045,-114.8837771,-1784.746462,-2891.366824,3822.21599,LLG
-16.03916534,-13.81341915,-126.0877895,-1627.783614,-2955.656708,3736.861588,LLG
-15.40284902,-3.405873731,-137.1673669,-1469.21429,-3017.02979,3647.819411,LLG
-14.75131422,7.005043705,-148.1115733,-1309.194908,-3075.425448,3555.177135,LLG
-14.08520327,17.40905996,-158.9096099,-1147.88346,-3130.786106,3459.026384,LLG
-13.40517419,27.7959064,-169.5508186,-985.4390676,-3183.057077,3359.46185,LLG
-12.71189744,38.15533358,-180.0246995,-822.0221173,-3232.186827,3256.581988,LLG
-12.00605786,48.47711689,-190.3209144,-657.7938084,-3278.12682,3150.488132,LLG
-11.28835135,58.75107108,-200.429304,-492.9162878,-3320.831771,3041.285179,LLG
-10.55948688,68.96705589,-210.3398908,-327.5521965,-3360.259483,2929.080705,LLG
-9.82018309,79.11499049,-220.0428959,-161.8648021,-3396.371097,2813.985636,LLG
-9.071170231,89.18485897,-229.5287419,3.982455096,-3429.130924,2696.113362,LLG
-8.313186839,99.16672471,-238.7880691,169.8258309,-3458.506686,2575.580405,LLG
-7.546981604,109.0507357,-247.8117381,335.5017307,-3484.46934,2452.50552,LLG
-6.773310028,118.8271387,-256.5908452,500.8465797,-3506.993317,2327.010363,LLG
-5.99293628,128.4862845,-265.1167247,665.6972752,-3526.056335,2199.218587,LLG
-5.206629846,138.0186418,-273.3809645,829.8910568,-3541.639634,2069.256502,LLG
-4.415167364,147.4148023,-281.375407,993.2659576,-3553.727784,1937.252172,LLG
-3.619329266,156.665494,-289.0921644,1155.660674,-3562.308906,1803.33606,LLG
-2.819901592,165.7615866,-296.5236193,1316.915014,-3567.374481,1667.640135,LLG
-2.017672636,174.6941045,-303.6624397,1476.869767,-3568.91956,1530.298503,LLG
-1.213434747,183.4542313,-310.5015785,1635.367149,-3566.942568,1391.446513,LLG
-0.407980966,192.0333228,-317.0342882,1792.250671,-3561.445507,1251.221385,LLG
0.397893179,200.4229115,-323.2541201,1947.365578,-3552.43375,1109.761315,LLG
1.203393028,208.6147189,-329.1549375,2100.558721,-3539.916243,967.2060963,LLG
2.00772301,216.6006595,-334.7309155,2251.678986,-3523.905287,823.696224,LLG
2.810089987,224.3728534,-339.9765528,2400.577166,-3504.416734,679.3735152,LLG
3.609701483,231.9236293,-344.8866711,2547.106387,-3481.469767,534.3802088,LLG
4.405769014,239.2455364,-349.4564262,2691.121971,-3455.087082,388.8595856,LLG
5.197506321,246.331348,-353.6813067,2832.481863,-3425.294664,242.9550673,LLG
5.984132691,253.1740721,-357.5571449,2971.046487,-3392.121967,96.81083319,LLG
6.764871184,259.7669549,-361.0801141,3106.679168,-3355.601676,-49.42907883,LLG
7.538951938,266.103491,-364.2467391,3239.245981,-3315.769884,-195.620159,LLG
8.305610397,272.1774259,-367.0538933,3368.616171,-3272.665848,-341.6183228,LLG
9.064090593,277.9827664,-369.4988081,3494.661993,-3226.332159,-487.2792995,LLG
9.813643367,283.5137824,-371.5790688,3617.259125,-3176.814492,-632.4595271,LLG
10.55352963,288.7650165,-373.2926242,3736.28651,-3124.161764,-777.0155428,LLG
11.28301858,293.7312851,-374.6377816,3851.626751,-3068.425887,-920.8048745,LLG
12.00139092,298.4076884,-375.6132151,3963.165952,-3009.661917,-1063.685432,LLG
12.70793707,302.7896102,-376.2179604,4070.794107,-2947.927795,-1205.516398,LLG
13.4019604,306.8727271,-376.4514224,4174.40493,-2883.284497,-1346.157613,LLG
14.08277535,310.6530086,-376.313369,4273.89624,-2815.795767,-1485.47047,LLG
14.74971068,314.1267249,-375.8039382,4369.16978,-2745.528258,-1623.317297,LLG
15.40210756,317.290447,-374.9236309,4460.131597,-2672.551266,-1759.562241,LLG
16.03932279,320.1410536,-373.6733177,4546.691853,-2596.936861,-1894.07066,LLG
16.66072689,322.6757305,-372.0542307,4628.765193,-2518.759615,-2026.709995,LLG
17.26570723,324.8919773,-370.0679695,4706.270552,-2438.096728,-2157.349163,LLG
17.85366614,326.7876059,-367.7164926,4779.131509,-2355.027757,-2285.859423,LLG
18.42402401,328.3607464,-365.0021223,4847.276091,-2269.63473,-2412.113767,LLG
18.97621734,329.6098454,-361.9275357,4910.637117,-2182.001869,-2535.98778,LLG
19.5097018,330.5336712,-358.4957687,4969.151987,-2092.215707,-2657.359031,LLG
20.02395028,331.131311,-354.7102063,5022.763024,-2000.364804,-2776.107924,LLG
20.51845591,331.4021761,-350.5745862,5071.417251,-1906.539853,-2892.117085,LLG
20.99273004,331.3459981,-346.092988,5115.066722,-1810.8334,-3005.272209,LLG
21.44630525,330.9628335,-341.2698363,5153.668289,-1713.339945,-3115.461445,LLG
21.87873329,330.2530595,-336.109889,5187.183928,-1614.155652,-3222.576231,LLG
22.28958803,329.2173774,-330.6182403,5215.580494,-1513.378454,-3326.510674,LLG
22.67846338,327.8568084,-324.8003081,5238.830031,-1411.107757,-3427.162387,LLG
23.04497619,326.1726963,-318.6618355,5256.909526,-1307.444538,-3524.431857,LLG
23.38876414,324.1667019,-312.2088788,5269.801205,-1202.491051,-3618.223272,LLG
23.70948856,321.8408061,-305.4478081,5277.492278,-1096.350923,-3708.443889,LLG
24.00683233,319.1973031,-298.385294,5279.975223,-989.1288509,-3795.004854,LLG
24.28050262,316.2388028,-291.028308,5277.247521,-880.9306994,-3877.820559,LLG
24.53022873,312.9682238,-283.3841089,5269.311931,-771.8631985,-3956.809457,LLG
24.75576482,309.3887949,-275.4602423,5256.176219,-662.0340327,-4031.893415,LLG
24.95688772,305.5040475,-267.2645264,5237.853414,-551.5515423,-4102.998513,LLG
25.13339954,301.3178164,-258.8050511,5214.361531,-440.5248079,-4170.054401,LLG
25.28512548,296.8342319,-250.0901632,5185.723823,-329.0633518,-4232.995081,LLG
25.41191642,292.0577197,-241.1284648,5151.968482,-217.2772206,-4291.758259,LLG
25.51364661,286.9929926,-231.9287985,5113.128889,-105.2766862,-4346.286122,LLG
25.59021627,281.6450501,-222.5002448,5069.243308,6.827672866,-4396.524679,LLG
25.64154923,276.0191687,-212.8521069,5020.355113,118.9252707,-4442.42453,LLG
25.66759543,270.1209017,-202.9939081,4966.512486,230.9054329,-4483.940197,LLG
25.66832857,263.9560688,-192.9353756,4907.76863,342.6576962,-4521.030889,LLG
25.64374852,257.5307551,-182.6864375,4844.18145,454.0717271,-4553.659823,LLG
25.59387894,250.8513004,-172.2572067,4775.813767,565.0376206,-4581.794976,LLG
25.51876965,243.9242977,-161.6579771,4702.732984,675.4458198,-4605.408406,LLG
25.41849417,236.7565821,-150.8992074,4625.011289,785.1874121,-4624.476984,LLG
25.29315206,229.3552282,-139.9915168,4542.725319,894.1540488,-4638.981717,LLG
25.14286642,221.7275392,-128.9456681,4455.956346,1002.23824,-4648.908466,LLG
24.96778615,213.8810439,-117.7725641,4364.789934,1109.333273,-4654.247259,LLG
24.76808346,205.8234846,-106.4832294,4269.31612,1215.333504,-4654.993002,LLG
24.543956,197.5628143,-95.08880704,4169.629058,1320.134277,-4651.144784,LLG
24.29562438,189.1071843,-83.60054023,4065.827194,1423.632214,-4642.706579,LLG
24.02333427,180.4649401,-72.02976814,3958.012902,1525.725127,-4629.686538,LLG
23.72735378,171.6446098,-60.3879081,3846.292647,1626.31231,-4612.097686,LLG
23.40797561,162.6548988,-48.68645084,3730.776618,1725.294449,-4589.957206,LLG
23.06551435,153.504678,-36.93694268,3611.578881,1822.573907,-4563.287122,LLG
22.70030857,144.2029785,-25.15098057,3488.817004,1918.054634,-4532.113581,LLG
22.31271808,134.758979,-13.34019422,3362.612203,2011.64245,-4496.467521,LLG
21.90312598,125.1820004,-1.516241059,3233.088963,2103.244947,-4456.383946,LLG
21.4719359,115.4814933,10.3092117,3100.375173,2192.771771,-4411.902588,LLG
21.01957395,105.6670318,22.12449216,2964.601739,2280.134524,-4363.067171,LLG
20.54648599,95.74830049,33.91794168,2825.902718,2365.247036,-4309.926063,LLG
20.05313947,85.7350891,45.67791993,2684.414926,2448.025265,-4252.531535,LLG
19.54002069,75.63727843,57.39282283,2540.278058,2528.387564,-4190.940401,LLG
19.00763661,65.46483477,69.05108761,2393.634295,2606.254581,-4125.213272,LLG
18.45651205,55.22779612,80.64121055,2244.628421,2681.549514,-4055.415184,LLG
17.88719149,44.93626618,92.151752,2093.407423,2754.198013,-3981.614848,LLG
17.30023619,34.60040047,103.571354,1940.120602,2824.128426,-3903.885267,LLG
16.69622599,24.23040022,114.8887453,1784.91917,2891.271695,-3822.302981,LLG
16.0757564,13.83649839,126.0927585,1627.956355,2955.561605,-3736.948671,LLG
15.43944032,3.428953481,137.1723351,1469.386996,3016.934662,-3647.906402,LLG
14.78790514,-6.981964488,148.1165423,1309.367648,3075.330345,-3555.264217,LLG
14.12179442,-17.38598023,158.9145781,1148.056165,3130.690978,-3459.113374,LLG
13.44176497,-27.7728272,169.5557876,985.6118059,3182.961973,-3359.548932,LLG
12.74848845,-38.13225388,180.0296676,822.1948206,3232.0917,-3256.668978,LLG
12.04264849,-48.45403771,190.3258834,657.9665453,3278.031718,-3150.575213,LLG
11.32494222,-58.7279914,200.4342722,493.0889898,3320.736644,-3041.372169,LLG
10.59607738,-68.94397673,210.3448597,327.724932,3360.16438,-2929.167786,LLG
9.856773815,-79.09191082,220.047864,162.0375028,3396.275971,-2814.072626,LLG
9.10776058,-89.16177984,229.5337108,-3.809720999,3429.035822,-2696.200443,LLG
8.349777421,-99.14364507,238.7930372,-169.6531315,3458.41156,-2575.667395,LLG
7.583571811,-109.0276566,247.816707,-335.328998,3484.374238,-2452.5926,LLG
6.809900465,-118.8040591,256.5958132,-500.6738816,3506.89819,-2327.097353,LLG
6.029526343,-128.4632054,265.1216936,-665.5245439,3525.961233,-2199.305667,LLG
5.24322014,-137.9955623,273.3859326,-829.71836,3541.544509,-2069.343492,LLG
4.451757285,-147.3917232,281.3803759,-993.0932277,3553.632682,-1937.339251,LLG
3.655919416,-156.6424144,289.0971324,-1155.487978,3562.213781,-1803.42305,LLG
2.856491369,-165.7385076,296.5285882,-1316.742285,3567.279379,-1667.727214,LLG
2.054262643,-174.671025,303.6674077,-1476.697073,3568.824435,-1530.385493,LLG
1.250024382,-183.4311523,310.5065474,-1635.194422,3566.847467,-1391.533591,LLG
0.444570829,-192.0102433,317.0392563,-1792.077978,3561.350382,-1251.308375,LLG
-0.361303687,-200.3998325,323.2590889,-1947.192853,3552.338649,-1109.848393,LLG
-1.166803308,-208.5916393,329.1599055,-2100.386029,3539.821118,-967.2930856,LLG
-1.97113366,-216.5775805,334.7358843,-2251.506262,3523.810186,-823.783302,LLG
-2.773500412,-224.349774,339.9815208,-2400.404476,3504.32161,-679.4605044,LLG
-3.573112277,-231.9005503,344.8916399,-2546.933664,3481.374666,-534.4672864,LLG
-4.369179582,-239.222457,349.4613942,-2690.949282,3454.991958,-388.9465747,LLG
-5.160917257,-246.308269,353.6862755,-2832.309141,3425.199564,-243.0421445,LLG
-5.947543403,-253.1509927,357.5621129,-2970.8738,3392.026843,-96.89782213,LLG
-6.728282263,-259.7438759,361.0850828,-3106.506448,3355.506576,49.34200198,LLG
-7.502362793,-266.0804115,364.2517071,-3239.073295,3315.67476,195.5331702,LLG
-8.269021619,-272.1543469,367.0588621,-3368.443452,3272.570748,341.5312463,LLG
-9.027501592,-277.959687,369.503776,-3494.489307,3226.237036,487.1923108,LLG
-9.777054732,-283.4907035,371.5840375,-3617.086408,3176.719392,632.372451,LLG
-10.51694077,-288.7419371,373.2975921,-3736.113826,3124.066641,776.9285542,LLG
-11.24643008,-293.7082063,374.6427503,-3851.454036,3068.330788,920.7177987,LLG
-11.9648022,-298.3846091,375.618183,-3962.99327,3009.566794,1063.598444,LLG
-12.67134872,-302.7665314,376.2229291,-4070.621393,2947.832696,1205.429322,LLG
-13.36537183,-306.8496478,376.4563903,-4174.232249,2883.189374,1346.070625,LLG
-14.04618715,-310.6299298,376.3183377,-4273.723527,2815.700667,1485.383395,LLG
-14.71312225,-314.1036456,375.8089061,-4368.9971,2745.433136,1623.230308,LLG
-15.36551949,-317.2673682,374.9285996,-4459.958885,2672.456167,1759.475166,LLG
-16.0027345,-320.1179743,373.6782855,-4546.519175,2596.841739,1893.983672,LLG
-16.62413897,-322.6526517,372.0591993,-4628.592483,2518.664516,2026.622921,LLG
-17.22911909,-324.8688981,370.0729373,-4706.097874,2438.001607,2157.262175,LLG
-17.81707836,-326.7645271,367.7214612,-4778.9588,2354.932659,2285.772349,LLG
-18.38743602,-328.3376671,365.0070901,-4847.103415,2269.539608,2412.026779,LLG
-18.9396297,-329.5867666,361.9325043,-4910.464409,2181.906771,2535.900707,LLG
-19.47311394,-330.5105919,358.5007365,-4968.979313,2092.120586,2657.272043,LLG
-19.98736279,-331.1082322,354.7151749,-5022.590318,2000.269706,2776.020851,LLG
-20.4818682,-331.3790969,350.579554,-5071.244578,1906.444732,2892.030097,LLG
-20.95614269,-331.3229194,346.0979566,-5114.894017,1810.738302,3005.185137,LLG
-21.40971768,-330.9397543,341.274804,-5153.495618,1713.244824,3115.374458,LLG
-21.84214608,-330.2299808,336.1148576,-5187.011225,1614.060554,3222.489158,LLG
-22.25300061,-329.1942983,330.6232081,-5215.407823,1513.283334,3326.423687,LLG
-22.64187632,-327.8337298,324.8052766,-5238.657329,1411.012659,3427.075315,LLG
-23.00838891,-326.1496171,318.6668032,-5256.736857,1307.349418,3524.34487,LLG
-23.35217722,-324.1436233,312.2138474,-5269.628505,1202.395954,3618.1362,LLG
-23.67290143,-321.8177269,305.4527759,-5277.31961,1096.255803,3708.356902,LLG
-23.97024555,-319.1742244,298.3902625,-5279.802524,989.033754,3794.917783,LLG
-24.24391563,-316.2157237,291.0332757,-5277.074854,880.8355801,3877.733572,LLG
-24.49364209,-312.9451452,283.3890774,-5269.139234,771.7681017,3956.722386,LLG
-24.71917798,-309.3657159,275.46521,-5256.003553,661.9389137,4031.806428,LLG
-24.92030123,-305.4809689,267.2694949,-5237.680718,551.4564457,4102.911443,LLG
-25.09681284,-301.2947374,258.8100188,-5214.188867,440.4296892,4169.967414,LLG
-25.24853913,-296.8111533,250.0951316,-5185.551128,328.9682555,4232.90801,LLG
-25.37532986,-292.0346406,241.1334325,-5151.795819,217.1821022,4291.671272,LLG
-25.4770604,-286.9699141,231.9337669,-5112.956196,105.1815901,4346.199052,LLG
-25.55362985,-281.6219711,222.5052124,-5069.070646,-6.922791005,4396.437693,LLG
-25.60496316,-275.9960902,212.8570754,-5020.182421,-119.0203665,4442.33746,LLG
-25.63100916,-270.0978227,202.9988758,-4966.339826,-231.0005508,4483.853211,LLG
-25.63174265,-263.9329903,192.940344,-4907.595939,-342.7527918,4520.94382,LLG
-25.60716239,-257.5076761,182.6914051,-4844.008791,-454.1668446,4553.572837,LLG
-25.55729317,-250.8282219,172.2621751,-4775.641078,-565.1327161,4581.707908,LLG
-25.48218367,-243.9012188,161.6629447,-4702.560326,-675.5409371,4605.32142,LLG
-25.38190854,-236.7335036,150.9041758,-4624.838602,-785.2825073,4624.389916,LLG
-25.25656622,-229.3321492,139.9964844,-4542.552663,-894.2491658,4638.894731,LLG
-25.10628093,-221.7044608,128.9506365,-4455.78366,-1002.333335,4648.821398,LLG
-24.93120046,-213.857965,117.7775317,-4364.61728,-1109.428389,4654.160273,LLG
-24.73149811,-205.8004062,106.4881978,-4269.143435,-1215.428598,4654.905934,LLG
-24.50737045,-197.5397354,95.09377462,-4169.456405,-1320.229393,4651.057799,LLG
-24.25903918,-189.0841059,83.60550856,-4065.654511,-1423.727308,4642.619512,LLG
-23.98674886,-180.4418613,72.03473571,-3957.84025,-1525.820243,4629.599553,LLG
-23.69076872,-171.6215314,60.39287642,-3846.119965,-1626.407404,4612.010619,LLG
-23.37139035,-162.63182,48.6914184,-3730.603967,-1725.389565,4589.87022,LLG
-23.02892943,-153.4815997,36.94191098,-3611.4062,-1822.669001,4563.200056,LLG
-22.66372344,-144.1798997,25.15594811,-3488.644354,-1918.14975,4532.026596,LLG
-22.2761333,-134.7359006,13.3451625,-3362.439524,-2011.737543,4496.380455,LLG
-21.866541,-125.1589217,1.521208585,-3232.916315,-2103.340062,4456.296961,LLG
-21.43535126,-115.458415,-10.30424343,-3100.202494,-2192.866865,4411.815522,LLG
-20.98298912,-105.643953,-22.11952465,-2964.429091,-2280.229639,4362.980186,LLG
-20.5099015,-95.7252222,-33.91297342,-2825.730042,-2365.34213,4309.838998,LLG
-20.01655478,-85.71201036,-45.67295243,-2684.24228,-2448.12038,4252.44455,LLG
-19.50343634,-75.61420015,-57.3878546,-2540.105382,-2528.482658,4190.853336,LLG
-18.97105206,-65.44175604,-69.04612013,-2393.46165,-2606.349695,4125.126287,LLG
-18.41992785,-55.20471786,-80.63624233,-2244.455747,-2681.644607,4055.328119,LLG
-17.85060708,-44.91318748,-92.14678453,-2093.23478,-2754.293127,3981.527863,LLG
-17.26365213,-34.57732223,-103.5663858,-1939.94793,-2824.223519,3903.798203,LLG
-16.65964173,-24.20732154,-114.8837779,-1784.746528,-2891.366809,3822.215996,LLG
-16.03917248,-13.81342017,-126.0877903,-1627.783684,-2955.656697,3736.861607,LLG
-15.4028562,-3.405874823,-137.1673676,-1469.214356,-3017.029776,3647.819417,LLG
-14.75132136,7.005042683,-148.1115741,-1309.194978,-3075.425437,3555.177154,LLG
-14.08521045,17.40905886,-158.9096106,-1147.883526,-3130.786092,3459.02639,LLG
-13.40518133,27.79590538,-169.5508194,-985.4391377,-3183.057066,3359.461869,LLG
-12.71190462,38.15533249,-180.0247002,-822.0221827,-3232.186813,3256.581994,LLG
-12.006065,48.47711587,-190.3209153,-657.7938784,-3278.126809,3150.48815,LLG
-11.28835854,58.75106999,-200.4293048,-492.9163533,-3320.831757,3041.285185,LLG
-10.55949403,68.96705487,-210.3398916,-327.5522666,-3360.259472,2929.080723,LLG
-9.820190274,79.11498939,-220.0428966,-161.8648676,-3396.371083,2813.985642,LLG
-9.071177374,89.18485795,-229.5287427,3.98238506,-3429.130913,2696.113381,LLG
-8.313194023,99.16672362,-238.7880699,169.8257654,-3458.506672,2575.580411,LLG
-7.546988747,109.0507347,-247.8117389,335.5016607,-3484.469329,2452.505539,LLG
-6.773317212,118.8271376,-256.5908459,500.8465142,-3506.993302,2327.010369,LLG
-5.992943423,128.4862835,-265.1167256,665.6972052,-3526.056324,2199.218606,LLG
-5.20663703,138.0186408,-273.3809653,829.8909913,-3541.63962,2069.256509,LLG
-4.415174508,147.4148012,-281.3754078,993.2658875,-3553.727773,1937.25219,LLG
-3.619336449,156.6654929,-289.0921651,1155.660608,-3562.308892,1803.336067,LLG
-2.819908735,165.7615856,-296.5236201,1316.914944,-3567.37447,1667.640153,LLG
-2.01767982,174.6941035,-303.6624404,1476.869701,-3568.919546,1530.298509,LLG
-1.213441891,183.4542303,-310.5015794,1635.367079,-3566.942557,1391.446531,LLG
-0.40798815,192.0333217,-317.034289,1792.250605,-3561.445493,1251.221392,LLG
0.397886035,200.4229105,-323.2541209,1947.365508,-3552.433739,1109.761333,LLG
1.203385844,208.6147178,-329.1549383,2100.558655,-3539.916229,967.2061027,LLG
2.007715866,216.6006585,-334.7309163,2251.678916,-3523.905276,823.6962424,LLG
2.810082803,224.3728524,-339.9765536,2400.5771,-3504.41672,679.3735217,LLG
3.609694339,231.9236283,-344.8866719,2547.106317,-3481.469756,534.3802272,LLG
4.40576183,239.2455353,-349.4564269,2691.121905,-3455.087068,388.8595921,LLG
5.197499177,246.3313469,-353.6813076,2832.481793,-3425.294653,242.9550855,LLG
5.984125507,253.174071,-357.5571457,2971.046422,-3392.121953,96.81083968,LLG
6.764864039,259.7669539,-361.0801149,3106.679098,-3355.601665,-49.42906056,LLG
7.538944754,266.1034899,-364.2467399,3239.245916,-3315.769869,-195.6201525,LLG
8.305603252,272.1774248,-367.0538942,3368.616101,-3272.665838,-341.6183045,LLG
9.064083409,277.9827653,-369.4988088,3494.661927,-3226.332145,-487.2792929,LLG
9.813636222,283.5137814,-371.5790696,3617.259055,-3176.814481,-632.4595089,LLG
10.55352245,288.7650154,-373.2926249,3736.286444,-3124.16175,-777.0155362,LLG
11.28301143,293.7312841,-374.6377824,3851.626682,-3068.425876,-920.8048563,LLG
12.00138373,298.4076874,-375.6132158,3963.165887,-3009.661903,-1063.685426,LLG
12.70792993,302.7896092,-376.2179613,4070.794037,-2947.927784,-1205.516379,LLG
13.40195322,306.8727261,-376.4514232,4174.404865,-2883.284483,-1346.157607,LLG
14.08276821,310.6530076,-376.3133699,4273.89617,-2815.795756,-1485.470452,LLG
14.74970349,314.1267239,-375.8039389,4369.169714,-2745.528244,-1623.31729,LLG
15.40210041,317.290446,-374.9236317,4460.131527,-2672.551255,-1759.562223,LLG
16.0393156,320.1410525,-373.6733184,4546.691787,-2596.936847,-1894.070653,LLG
16.66071974,322.6757295,-372.0542315,4628.765123,-2518.759604,-2026.709977,LLG
17.26570004,324.8919762,-370.0679702,4706.270486,-2438.096714,-2157.349157,LLG
17.853659,326.7876048,-367.7164934,4779.131439,-2355.027746,-2285.859405,LLG
18.42401683,328.3607453,-365.002123,4847.276026,-2269.634715,-2412.11376,LLG
18.97621019,329.6098444,-361.9275365,4910.637047,-2182.001858,-2535.987762,LLG
19.50969461,330.5336701,-358.4957694,4969.151922,-2092.215693,-2657.359024,LLG
20.02394313,331.1313099,-354.7102072,5022.762954,-2000.364793,-2776.107906,LLG
20.51844872,331.402175,-350.574587,5071.417186,-1906.539839,-2892.117078,LLG
20.99272289,331.3459971,-346.0929889,5115.066652,-1810.833389,-3005.272191,LLG
21.44629806,330.9628324,-341.269837,5153.668224,-1713.33993,-3115.461438,LLG
21.87872614,330.2530584,-336.1098899,5187.183858,-1614.155641,-3222.576213,LLG
22.28958084,329.2173763,-330.6182411,5215.580428,-1513.37844,-3326.510668,LLG
22.67845623,327.8568074,-324.8003089,5238.829961,-1411.107746,-3427.162369,LLG
23.044969,326.1726952,-318.6618362,5256.90946,-1307.444524,-3524.43185,LLG
23.38875699,324.1667009,-312.2088797,5269.801135,-1202.49104,-3618.223254,LLG
23.70948137,321.840805,-305.4478089,5277.492213,-1096.350909,-3708.443883,LLG
24.00682518,319.197302,-298.3852948,5279.975153,-989.1288399,-3795.004836,LLG
24.28049543,316.2388017,-291.0283087,5277.247455,-880.9306853,-3877.820553,LLG
24.53022158,312.9682228,-283.3841098,5269.311862,-771.8631875,-3956.809439,LLG
24.75575764,309.3887938,-275.4602431,5256.176153,-662.0340187,-4031.893408,LLG
24.95688057,305.5040465,-267.2645273,5237.853344,-551.5515312,-4102.998495,LLG
25.13339236,301.3178153,-258.8050518,5214.361466,-440.5247939,-4170.054394,LLG
25.28511834,296.8342308,-250.090164,5185.723753,-329.0633407,-4232.995063,LLG
25.41190923,292.0577186,-241.1284655,5151.968416,-217.2772066,-4291.758252,LLG
25.51363946,286.9929916,-231.9287993,5113.12882,-105.2766752,-4346.286104,LLG
25.59020908,281.645049,-222.5002455,5069.243242,6.827686886,-4396.524672,LLG
25.64154208,276.0191677,-212.8521078,5020.355043,118.9252817,-4442.424512,LLG
25.66758824,270.1209006,-202.9939089,4966.512421,230.905447,-4483.94019,LLG
25.66832142,263.9560678,-192.9353764,4907.76856,342.6577072,-4521.030871,LLG
25.64374133,257.530754,-182.6864382,4844.181385,454.0717411,-4553.659816,LLG
25.5938718,250.8512994,-172.2572075,4775.813697,565.0376317,-4581.794959,LLG
25.51876247,243.9242966,-161.6579778,4702.732918,675.4458338,-4605.408399,LLG
25.41848702,236.7565811,-150.8992082,4625.01122,785.1874232,-4624.476967,LLG
25.29314487,229.3552271,-139.9915175,4542.725254,894.1540628,-4638.98171,LLG
25.14285927,221.7275382,-128.945669,4455.956277,1002.238251,-4648.908448,LLG
24.96777897,213.8810428,-117.7725648,4364.789869,1109.333287,-4654.247252,LLG
24.76807631,205.8234836,-106.4832302,4269.31605,1215.333515,-4654.992984,LLG
24.54394881,197.5628132,-95.08880777,4169.628993,1320.134291,-4651.144777,LLG
24.29561724,189.1071832,-83.60054106,4065.827125,1423.632225,-4642.706561,LLG
24.02332708,180.4649391,-72.02976887,3958.012836,1525.725141,-4629.686531,LLG
23.72734663,171.6446088,-60.38790893,3846.292577,1626.312321,-4612.097668,LLG
23.40796842,162.6548978,-48.68645157,3730.776552,1725.294463,-4589.957199,LLG
23.0655072,153.504677,-36.93694351,3611.578811,1822.573918,-4563.287104,LLG
22.70030138,144.2029774,-25.1509813,3488.816938,1918.054648,-4532.113574,LLG
22.31271093,134.7589779,-13.34019505,3362.612133,2011.642461,-4496.467503,LLG
21.90311879,125.1819994,-1.516241789,3233.088898,2103.244961,-4456.383939,LLG
21.47192875,115.4814923,10.30921087,3100.375103,2192.771782,-4411.90257,LLG
21.01956676,105.6670307,22.12449143,2964.601673,2280.134538,-4363.067164,LLG
20.54647884,95.74829947,33.91794085,2825.902648,2365.247047,-4309.926046,LLG
20.05313228,85.73508802,45.6779192,2684.41486,2448.025279,-4252.531528,LLG
19.54001354,75.6372774,57.392822,2540.277988,2528.387576,-4190.940383,LLG
19.00762942,65.46483368,69.05108688,2393.634229,2606.254595,-4125.213265,LLG
18.4565049,55.22779509,80.64120972,2244.628351,2681.549525,-4055.415166,LLG
17.8871843,44.93626509,92.15175127,2093.407357,2754.198027,-3981.614841,LLG
17.30022904,34.60039945,103.5713532,1940.120532,2824.128437,-3903.88525,LLG
16.6962188,24.23039913,114.8887446,1784.919104,2891.271709,-3822.302974,LLG
16.07574925,13.83649736,126.0927577,1627.956285,2955.561616,-3736.948653,LLG
15.43943313,3.428952395,137.1723343,1469.386931,3016.934676,-3647.906395,LLG
14.78789799,-6.981965513,148.1165415,1309.367578,3075.330356,-3555.2642,LLG
14.12178723,-17.38598131,158.9145773,1148.056099,3130.690992,-3459.113367,LLG
13.44175782,-27.77282823,169.5557867,985.6117361,3182.961985,-3359.548914,LLG
12.74848127,-38.13225496,180.0296669,822.1947548,3232.091714,-3256.668971,LLG
12.04264134,-48.45403874,190.3258826,657.9664755,3278.031729,-3150.575196,LLG
11.32493504,-58.72799248,200.4342714,493.088924,3320.736658,-3041.372162,LLG
10.59607022,-68.94397776,210.3448589,327.7248623,3360.164392,-2929.167768,LLG
9.856766627,-79.09191191,220.0478633,162.037437,3396.275985,-2814.072619,LLG
9.107753428,-89.16178086,229.53371,-3.809790752,3429.035833,-2696.200425,LLG
8.349770233,-99.14364616,238.7930365,-169.6531973,3458.411574,-2575.667387,LLG
7.583564658,-109.0276576,247.8167061,-335.3290678,3484.374249,-2452.592583,LLG
6.809893278,-118.8040602,256.5958125,-500.6739474,3506.898204,-2327.097345,LLG
6.02951919,-128.4632065,265.1216928,-665.5246136,3525.961244,-2199.30565,LLG
5.243212952,-137.9955633,273.3859319,-829.7184258,3541.544522,-2069.343485,LLG
4.451750132,-147.3917242,281.3803751,-993.0932974,3553.632694,-1937.339234,LLG
3.655912228,-156.6424155,289.0971317,-1155.488044,3562.213795,-1803.423043,LLG
2.856484216,-165.7385086,296.5285873,-1316.742355,3567.279391,-1667.727196,LLG
2.054255455,-174.6710261,303.667407,-1476.697139,3568.824449,-1530.385485,LLG
1.250017229,-183.4311533,310.5065465,-1635.194492,3566.847478,-1391.533574,LLG
0.444563641,-192.0102444,317.0392555,-1792.078044,3561.350396,-1251.308367,LLG
-0.36131084,-200.3998335,323.2590881,-1947.192922,3552.33866,-1109.848376,LLG
-1.166810497,-208.5916404,329.1599048,-2100.386095,3539.821132,-967.2930783,LLG
-1.971140814,-216.5775816,334.7358835,-2251.506332,3523.810197,-823.7832845,LLG
-2.7735076,-224.349775,339.9815201,-2400.404542,3504.321624,-679.4604971,LLG
-3.57311943,-231.9005513,344.891639,-2546.933734,3481.374678,-534.4672689,LLG
-4.36918677,-239.222458,349.4613935,-2690.949348,3454.991972,-388.9465674,LLG
-5.160924412,-246.30827,353.6862747,-2832.309211,3425.199575,-243.042127,LLG
-5.947550591,-253.1509938,357.5621122,-2970.873865,3392.026857,-96.89781484,LLG
-6.728289417,-259.743877,361.085082,-3106.506518,3355.506587,49.34201946,LLG
-7.502369982,-266.0804126,364.2517064,-3239.073361,3315.674774,195.5331775,LLG
-8.269028773,-272.154348,367.0588613,-3368.443522,3272.57076,341.5312638,LLG
-9.027508781,-277.9596881,369.5037753,-3494.489373,3226.23705,487.1923181,LLG
-9.777061887,-283.4907046,371.5840367,-3617.086478,3176.719403,632.3724685,LLG
-10.51694796,-288.7419382,373.2975914,-3736.113892,3124.066655,776.9285615,LLG
-11.24643724,-293.7082073,374.6427495,-3851.454105,3068.330799,920.7178162,LLG
-11.96480939,-298.3846102,375.6181823,-3962.993336,3009.566808,1063.598451,LLG
-12.67135588,-302.7665324,376.2229283,-4070.621463,2947.832707,1205.42934,LLG
-13.36537902,-306.8496489,376.4563896,-4174.232315,2883.189388,1346.070632,LLG
-14.0461943,-310.6299308,376.3183369,-4273.723596,2815.700679,1485.383412,LLG
-14.71312944,-314.1036467,375.8089053,-4368.997166,2745.43315,1623.230316,LLG
-15.36552665,-317.2673692,374.9285988,-4459.958955,2672.456178,1759.475184,LLG
-16.00274169,-320.1179754,373.6782848,-4546.51924,2596.841753,1893.983679,LLG
-16.62414612,-322.6526527,372.0591985,-4628.592553,2518.664527,2026.622939,LLG
-17.22912628,-324.8688991,370.0729366,-4706.09794,2438.001621,2157.262183,LLG
-17.81708552,-326.7645281,367.7214604,-4778.95887,2354.93267,2285.772367,LLG
-18.3874432,-328.3376682,365.0070894,-4847.103481,2269.539622,2412.026786,LLG
-18.93963686,-329.5867677,361.9325035,-4910.464479,2181.906782,2535.900724,LLG
-19.47312113,-330.510593,358.5007358,-4968.979379,2092.1206,2657.272051,LLG
-19.98736994,-331.1082333,354.7151741,-5022.590388,2000.269717,2776.020868,LLG
-20.48187539,-331.3790979,350.5795533,-5071.244644,1906.444746,2892.030104,LLG
-20.95614985,-331.3229204,346.0979558,-5114.894087,1810.738313,3005.185154,LLG
-21.40972487,-330.9397554,341.2748033,-5153.495683,1713.244838,3115.374465,LLG
-21.84215324,-330.2299818,336.1148568,-5187.011295,1614.060566,3222.489176,LLG
-22.2530078,-329.1942993,330.6232074,-5215.407889,1513.283348,3326.423694,LLG
-22.64188347,-327.8337308,324.8052758,-5238.657399,1411.01267,3427.075333,LLG
-23.0083961,-326.1496182,318.6668025,-5256.736923,1307.349432,3524.344877,LLG
-23.35218437,-324.1436243,312.2138466,-5269.628575,1202.395965,3618.136217,LLG
-23.67290862,-321.817728,305.4527751,-5277.319676,1096.255817,3708.35691,LLG
-23.97025271,-319.1742255,298.3902617,-5279.802594,989.0337652,3794.9178,LLG
-24.24392282,-316.2157248,291.033275,-5277.07492,880.8355939,3877.73358,LLG
-24.49364925,-312.9451462,283.3890766,-5269.139303,771.768113,3956.722404,LLG
-24.71918517,-309.3657169,275.4652093,-5256.003619,661.9389276,4031.806436,LLG
-24.92030839,-305.48097,267.2694941,-5237.680787,551.456457,4102.91146,LLG
-25.09682003,-301.2947384,258.8100181,-5214.188933,440.429703,4169.967422,LLG
-25.24854629,-296.8111543,250.0951308,-5185.551197,328.9682667,4232.908028,LLG
-25.37533705,-292.0346417,241.1334317,-5151.795885,217.182116,4291.67128,LLG
-25.47706756,-286.9699151,231.9337661,-5112.956266,105.1816014,4346.199069,LLG
-25.55363704,-281.6219722,222.5052117,-5069.070712,-6.92277718,4396.4377,LLG
-25.60497032,-275.9960912,212.8570745,-5020.182491,-119.0203553,4442.337477,LLG
-25.63101635,-270.0978238,202.9988751,-4966.339892,-231.000537,4483.853218,LLG
-25.63174981,-263.9329913,192.9403432,-4907.596009,-342.7527806,4520.943837,LLG
-25.60716958,-257.5076772,182.6914044,-4844.008857,-454.1668308,4553.572845,LLG
-25.55730032,-250.828223,172.2621742,-4775.641147,-565.1327048,4581.707925,LLG
-25.48219086,-243.9012199,161.662944,-4702.560392,-675.5409233,4605.321427,LLG
-25.3819157,-236.7335046,150.904175,-4624.838671,-785.2824961,4624.389933,LLG
-25.25657341,-229.3321503,139.9964837,-4542.552729,-894.249152,4638.894739,LLG
-25.10628808,-221.7044618,128.9506357,-4455.78373,-1002.333324,4648.821415,LLG
-24.93120765,-213.857966,117.7775309,-4364.617346,-1109.428375,4654.160281,LLG
-24.73150527,-205.8004072,106.4881969,-4269.143505,-1215.428587,4654.905952,LLG
-24.50737764,-197.5397365,95.09377389,-4169.456471,-1320.22938,4651.057806,LLG
-24.25904634,-189.0841069,83.60550774,-4065.65458,-1423.727297,4642.619529,LLG
-23.98675605,-180.4418624,72.03473497,-3957.840316,-1525.820229,4629.59956,LLG
-23.69077588,-171.6215325,60.39287559,-3846.120034,-1626.407393,4612.010636,LLG
-23.37139754,-162.6318211,48.69141766,-3730.604033,-1725.389551,4589.870228,LLG
-23.02893659,-153.4816007,36.94191016,-3611.406269,-1822.66899,4563.200073,LLG
-22.66373064,-144.1799008,25.15594737,-3488.64442,-1918.149736,4532.026603,LLG
-22.27614046,-134.7359016,13.34516168,-3362.439593,-2011.737532,4496.380472,LLG
-21.86654819,-125.1589227,1.52120785,-3232.916381,-2103.340048,4456.296969,LLG
-21.43535842,-115.458416,-10.30424426,-3100.202564,-2192.866853,4411.815539,LLG
-20.98299631,-105.6439541,-22.11952539,-2964.429158,-2280.229626,4362.980194,LLG
-20.50990866,-95.72522322,-33.91297425,-2825.730111,-2365.342118,4309.839015,LLG
-20.01656197,-85.71201144,-45.67295316,-2684.242346,-2448.120366,4252.444558,LLG
-19.5034435,-75.61420118,-57.38785542,-2540.105452,-2528.482646,4190.853353,LLG
-18.97105925,-65.44175712,-69.04612086,-2393.461716,-2606.349681,4125.126295,LLG
-18.41993501,-55.20471889,-80.63624315,-2244.455817,-2681.644596,4055.328136,LLG
-17.85061428,-44.91318856,-92.14678527,-2093.234846,-2754.293113,3981.527871,LLG
-17.26365929,-34.57732326,-103.5663867,-1939.947999,-2824.223507,3903.79822,LLG
-16.65964892,-24.20732262,-114.8837786,-1784.746594,-2891.366796,3822.216004,LLG
-16.03917964,-13.8134212,-126.0877912,-1627.783753,-2955.656686,3736.861624,LLG
-15.40286339,-3.405875903,-137.1673684,-1469.214422,-3017.029762,3647.819425,LLG
-14.75132852,7.005041655,-148.111575,-1309.195048,-3075.425426,3555.177171,LLG
-14.08521764,17.40905778,-158.9096114,-1147.883592,-3130.786078,3459.026398,LLG
-13.40518849,27.79590435,-169.5508202,-985.4392072,-3183.057054,3359.461886,LLG
-12.71191182,38.15533141,-180.024701,-822.0222488,-3232.186799,3256.582002,LLG
-12.00607216,48.47711484,-190.3209161,-657.7939479,-3278.126798,3150.488167,LLG
-11.28836573,58.75106891,-200.4293055,-492.9164194,-3320.831743,3041.285193,LLG
-10.55950119,68.96705384,-210.3398924,-327.5523361,-3360.259461,2929.08074,LLG
-9.820197466,79.11498831,-220.0428973,-161.8649337,-3396.371069,2813.98565,LLG
-9.071184536,89.18485692,-229.5287435,3.982315549,-3429.130902,2696.113398,LLG
-8.313201215,99.16672254,-238.7880706,169.8256993,-3458.506658,2575.580419,LLG
-7.546995909,109.0507337,-247.8117397,335.5015912,-3484.469318,2452.505555,LLG
-6.773324404,118.8271366,-256.5908466,500.8464481,-3506.993289,2327.010377,LLG
-5.992950585,128.4862825,-265.1167264,665.6971357,-3526.056313,2199.218623,LLG
-5.206644222,138.0186397,-273.380966,829.8909252,-3541.639606,2069.256517,LLG
-4.41518167,147.4148002,-281.3754087,993.265818,-3553.727762,1937.252207,LLG
-3.619343642,156.6654918,-289.0921658,1155.660542,-3562.308878,1803.336075,LLG
-2.819915897,165.7615846,-296.5236209,1316.914874,-3567.374459,1667.64017,LLG
-2.017687013,174.6941024,-303.6624411,1476.869635,-3568.919532,1530.298517,LLG
-1.213449053,183.4542293,-310.5015802,1635.36701,-3566.942546,1391.446548,LLG
-0.407995342,192.0333207,-317.0342897,1792.250539,-3561.445479,1251.221399,LLG
0.397878872,200.4229094,-323.2541217,1947.365439,-3552.433728,1109.76135,LLG
1.203378651,208.6147167,-329.154939,2100.558589,-3539.916215,967.2061106,LLG
2.007708703,216.6006575,-334.7309171,2251.678847,-3523.905265,823.6962592,LLG
2.810075611,224.3728513,-339.9765543,2400.577034,-3504.416706,679.3735296,LLG
3.609687176,231.9236272,-344.8866727,2547.106247,-3481.469745,534.380244,LLG
4.405754637,239.2455343,-349.4564277,2691.121839,-3455.087054,388.8596,LLG
5.197492014,246.3313459,-353.6813084,2832.481723,-3425.294642,242.9551024,LLG
5.984118314,253.1740699,-357.5571464,2971.046356,-3392.121939,96.81084766,LLG
6.764856876,259.7669528,-361.0801157,3106.679029,-3355.601654,-49.42904375,LLG
7.538937561,266.1034888,-364.2467406,3239.24585,-3315.769856,-195.6201445,LLG
8.305596089,272.1774238,-367.053895,3368.616031,-3272.665826,-341.6182877,LLG
9.064076216,277.9827643,-369.4988095,3494.661861,-3226.332131,-487.2792849,LLG
9.813629059,283.5137804,-371.5790704,3617.258986,-3176.814469,-632.4594921,LLG
10.55351525,288.7650143,-373.2926257,3736.286378,-3124.161736,-777.0155282,LLG
11.28300427,293.7312831,-374.6377832,3851.626612,-3068.425865,-920.8048395,LLG
12.00137654,298.4076863,-375.6132166,3963.165821,-3009.661889,-1063.685418,LLG
12.70792276,302.7896082,-376.2179621,4070.793968,-2947.927773,-1205.516363,LLG
13.40194602,306.872725,-376.4514239,4174.404799,-2883.284469,-1346.157599,LLG
14.08276104,310.6530065,-376.3133707,4273.8961,-2815.795744,-1485.470435,LLG
14.7496963,314.1267228,-375.8039397,4369.169648,-2745.52823,-1623.317282,LLG
15.40209325,317.2904449,-374.9236326,4460.131458,-2672.551244,-1759.562206,LLG
16.03930841,320.1410514,-373.6733191,4546.691721,-2596.936833,-1894.070645,LLG
16.66071258,322.6757285,-372.0542323,4628.765054,-2518.759592,-2026.709961,LLG
17.26569285,324.8919752,-370.067971,4706.27042,-2438.096701,-2157.349149,LLG
17.85365183,326.7876038,-367.7164942,4779.13137,-2355.027735,-2285.859388,LLG
18.42400963,328.3607442,-365.0021238,4847.275959,-2269.634702,-2412.113752,LLG
18.97620303,329.6098433,-361.9275373,4910.636977,-2182.001846,-2535.987745,LLG
19.50968742,330.533669,-358.4957701,4969.151855,-2092.215679,-2657.359016,LLG
20.02393597,331.1313089,-354.710208,5022.762885,-2000.364781,-2776.107889,LLG
20.51844153,331.4021739,-350.5745877,5071.41712,-1906.539825,-2892.11707,LLG
20.99271573,331.345996,-346.0929897,5115.066582,-1810.833378,-3005.272175,LLG
21.44629087,330.9628313,-341.2698377,5153.668158,-1713.339917,-3115.46143,LLG
21.87871898,330.2530574,-336.1098907,5187.183789,-1614.15563,-3222.576196,LLG
22.28957365,329.2173753,-330.6182418,5215.580362,-1513.378426,-3326.510659,LLG
22.67844907,327.8568064,-324.8003097,5238.829892,-1411.107734,-3427.162353,LLG
23.04496181,326.1726941,-318.6618369,5256.909394,-1307.44451,-3524.431842,LLG
23.38874982,324.1666999,-312.2088805,5269.801066,-1202.491029,-3618.223237,LLG
23.70947418,321.8408039,-305.4478096,5277.492147,-1096.350895,-3708.443874,LLG
24.00681802,319.197301,-298.3852957,5279.975084,-989.1288285,-3795.004819,LLG
24.28048824,316.2388006,-291.0283095,5277.247389,-880.9306717,-3877.820544,LLG
24.53021442,312.9682218,-283.3841106,5269.311792,-771.863176,-3956.809423,LLG
24.75575044,309.3887928,-275.4602438,5256.176087,-662.034005,-4031.8934,LLG
24.95687341,305.5040455,-267.2645281,5237.853275,-551.5515198,-4102.998479,LLG
25.13338516,301.3178142,-258.8050526,5214.361399,-440.5247802,-4170.054386,LLG
25.28511117,296.8342298,-250.0901648,5185.723683,-329.0633293,-4232.995046,LLG
25.41190204,292.0577175,-241.1284663,5151.96835,-217.2771929,-4291.758244,LLG
25.51363229,286.9929906,-231.9288001,5113.12875,-105.2766637,-4346.286088,LLG
25.59020189,281.6450479,-222.5002462,5069.243176,6.827700543,-4396.524664,LLG
25.64153491,276.0191667,-212.8521086,5020.354974,118.9252931,-4442.424495,LLG
25.66758105,270.1208995,-202.9939096,4966.512354,230.9054606,-4483.940182,LLG
25.66831425,263.9560668,-192.9353772,4907.768491,342.6577187,-4521.030854,LLG
25.64373414,257.5307529,-182.686439,4844.181318,454.0717547,-4553.659808,LLG
25.59386463,250.8512984,-172.2572083,4775.813628,565.0376431,-4581.794942,LLG
25.51875527,243.9242956,-161.6579786,4702.732852,675.4458475,-4605.408391,LLG
25.41847986,236.75658,-150.8992091,4625.01115,785.1874346,-4624.47695,LLG
25.29313768,229.355226,-139.9915182,4542.725188,894.1540764,-4638.981702,LLG
25.1428521,221.7275372,-128.9456698,4455.956207,1002.238262,-4648.908432,LLG
24.96777177,213.8810417,-117.7725655,4364.789802,1109.3333,-4654.247244,LLG
24.76806914,205.8234825,-106.4832311,4269.315981,1215.333526,-4654.992968,LLG
24.54394162,197.5628121,-95.08880851,4169.628926,1320.134305,-4651.144769,LLG
24.29561007,189.1071822,-83.60054187,4065.827055,1423.632236,-4642.706545,LLG
24.02331989,180.464938,-72.02976961,3958.01277,1525.725154,-4629.686523,LLG
23.72733946,171.6446077,-60.38790974,3846.292508,1626.312332,-4612.097652,LLG
23.40796123,162.6548967,-48.68645231,3730.776486,1725.294476,-4589.957191,LLG
23.06550004,153.504676,-36.93694432,3611.578742,1822.573929,-4563.287088,LLG
22.70029418,144.2029763,-25.15098204,3488.816872,1918.054662,-4532.113566,LLG
22.31270376,134.7589769,-13.34019586,3362.612064,2011.642472,-4496.467486,LLG
21.90311159,125.1819983,-1.516242529,3233.088831,2103.244974,-4456.383931,LLG
21.47192158,115.4814912,10.30921006,3100.375033,2192.771793,-4411.902554,LLG
21.01955957,105.6670296,22.12449069,2964.601606,2280.134552,-4363.067156,LLG
20.54647167,95.74829844,33.91794003,2825.902579,2365.247059,-4309.926029,LLG
20.05312509,85.73508694,45.67791846,2684.414794,2448.025293,-4252.53152,LLG
19.54000637,75.63727637,57.39282119,2540.277919,2528.387587,-4190.940367,LLG
19.00762223,65.46483261,69.05108614,2393.634163,2606.254608,-4125.213256,LLG
18.45649773,55.22779406,80.6412089,2244.628282,2681.549537,-4055.41515,LLG
17.8871771,44.93626402,92.15175053,2093.407291,2754.19804,-3981.614832,LLG
17.30022187,34.60039842,103.5713524,1940.120463,2824.128448,-3903.885233,LLG
16.69621161,24.23039806,114.8887439,1784.919038,2891.271723,-3822.302965,LLG
16.07574208,13.83649634,126.0927569,1627.956216,2955.561627,-3736.948637,LLG
15.43942593,3.42895132,137.1723336,1469.386864,3016.93469,-3647.906386,LLG
14.78789082,-6.981966543,148.1165407,1309.367509,3075.330368,-3555.264183,LLG
14.12178004,-17.38598239,158.9145766,1148.056033,3130.691006,-3459.113359,LLG
13.44175065,-27.77282926,169.5557859,985.6116668,3182.961996,-3359.548898,LLG
12.74847407,-38.13225604,180.0296662,822.1946885,3232.091727,-3256.668963,LLG
12.04263417,-48.45403977,190.3258818,657.9664062,3278.03174,-3150.575179,LLG
11.32492784,-58.72799356,200.4342707,493.0888577,3320.736672,-3041.372154,LLG
10.59606305,-68.94397879,210.3448581,327.724793,3360.164403,-2929.167752,LLG
9.856759431,-79.09191298,220.0478625,162.0373707,3396.275998,-2814.07261,LLG
9.107746257,-89.16178189,229.5337092,-3.809860055,3429.035845,-2696.200409,LLG
8.349763036,-99.14364723,238.7930357,-169.6532636,3458.411587,-2575.667379,LLG
7.583557487,-109.0276586,247.8167053,-335.3291371,3484.374261,-2452.592566,LLG
6.809886081,-118.8040613,256.5958118,-500.6740138,3506.898218,-2327.097337,LLG
6.02951202,-128.4632075,265.121692,-665.5246829,3525.961256,-2199.305633,LLG
5.243205755,-137.9955644,273.3859311,-829.7184922,3541.544536,-2069.343476,LLG
4.451742961,-147.3917252,281.3803743,-993.0933667,3553.632705,-1937.339217,LLG
3.655905031,-156.6424166,289.0971309,-1155.488111,3562.213808,-1803.423034,LLG
2.856477045,-165.7385096,296.5285865,-1316.742424,3567.279402,-1667.72718,LLG
2.054248258,-174.6710272,303.6674062,-1476.697205,3568.824462,-1530.385477,LLG
1.250010057,-183.4311543,310.5065457,-1635.194561,3566.84749,-1391.533557,LLG
0.444556444,-192.0102455,317.0392548,-1792.07811,3561.350409,-1251.308359,LLG
-0.361318011,-200.3998345,323.2590873,-1947.192992,3552.338672,-1109.848359,LLG
-1.166817694,-208.5916415,329.1599041,-2100.386161,3539.821146,-967.2930698,LLG
-1.971147986,-216.5775826,334.7358826,-2251.506401,3523.810209,-823.7832682,LLG
-2.773514798,-224.3497761,339.9815194,-2400.404608,3504.321637,-679.4604886,LLG
-3.573126602,-231.9005524,344.8916382,-2546.933803,3481.374689,-534.4672527,LLG
-4.369193968,-239.2224591,349.4613927,-2690.949414,3454.991985,-388.9465588,LLG
-5.160931583,-246.3082711,353.6862739,-2832.30928,3425.199587,-243.0421107,LLG
-5.947557789,-253.1509948,357.5621114,-2970.873932,3392.02687,-96.89780627,LLG
-6.728296589,-259.743878,361.0850812,-3106.506587,3355.506598,49.34203569,LLG
-7.50237718,-266.0804137,364.2517056,-3239.073427,3315.674787,195.5331861,LLG
-8.269035946,-272.154349,367.0588605,-3368.443591,3272.570771,341.53128,LLG
-9.027515979,-277.9596892,369.5037745,-3494.48944,3226.237064,487.1923267,LLG
-9.777069059,-283.4907056,371.5840359,-3617.086547,3176.719415,632.3724847,LLG
-10.51695516,-288.7419392,373.2975907,-3736.113959,3124.066668,776.9285702,LLG
-11.24644441,-293.7082083,374.6427487,-3851.454175,3068.33081,920.7178324,LLG
-11.96481659,-298.3846112,375.6181815,-3962.993402,3009.566821,1063.59846,LLG
-12.67136305,-302.7665334,376.2229275,-4070.621532,2947.832719,1205.429356,LLG
-13.36538622,-306.84965,376.4563889,-4174.232382,2883.189402,1346.070641,LLG
-14.04620147,-310.6299318,376.3183361,-4273.723666,2815.70069,1485.383429,LLG
-14.71313664,-314.1036478,375.8089046,-4368.997232,2745.433163,1623.230324,LLG
-15.36553382,-317.2673702,374.9285979,-4459.959024,2672.45619,1759.4752,LLG
-16.00274889,-320.1179765,373.6782841,-4546.519307,2596.841766,1893.983688,LLG
-16.62415329,-322.6526538,372.0591977,-4628.592622,2518.664539,2026.622955,LLG
-17.22913347,-324.8689002,370.0729359,-4706.098007,2438.001634,2157.262191,LLG
-17.81709269,-326.7645292,367.7214596,-4778.958939,2354.932681,2285.772383,LLG
-18.3874504,-328.3376693,365.0070887,-4847.103548,2269.539636,2412.026795,LLG
-18.93964403,-329.5867687,361.9325027,-4910.464548,2181.906793,2535.90074,LLG
-19.47312833,-330.5105941,358.500735,-4968.979445,2092.120614,2657.272059,LLG
-19.98737712,-331.1082343,354.7151733,-5022.590457,2000.269728,2776.020884,LLG
-20.48188259,-331.379099,350.5795526,-5071.244711,1906.44476,2892.030113,LLG
-20.95615702,-331.3229214,346.097955,-5114.894156,1810.738325,3005.18517,LLG
-21.40973207,-330.9397565,341.2748026,-5153.49575,1713.244851,3115.374474,LLG
-21.84216041,-330.2299828,336.114856,-5187.011364,1614.060577,3222.489192,LLG
-22.25301499,-329.1943004,330.6232066,-5215.407956,1513.283361,3326.423703,LLG
-22.64189065,-327.8337318,324.805275,-5238.657468,1411.012682,3427.075349,LLG
-23.0084033,-326.1496193,318.6668018,-5256.736989,1307.349445,3524.344886,LLG
-23.35219155,-324.1436253,312.2138457,-5269.628644,1202.395977,3618.136234,LLG
-23.67291582,-321.8177291,305.4527744,-5277.319743,1096.255831,3708.356919,LLG
-23.97025988,-319.1742265,298.3902609,-5279.802663,989.0337768,3794.917816,LLG
-24.24393002,-316.2157258,291.0332743,-5277.074986,880.8356075,3877.733589,LLG
-24.49365643,-312.9451473,283.3890758,-5269.139373,771.7681245,3956.72242,LLG
-24.71919237,-309.365718,275.4652086,-5256.003686,661.9389411,4031.806444,LLG
-24.92031556,-305.480971,267.2694933,-5237.680856,551.4564686,4102.911476,LLG
-25.09682723,-301.2947395,258.8100173,-5214.189,440.4297165,4169.96743,LLG
-25.24855347,-296.8111554,250.09513,-5185.551267,328.9682783,4232.908044,LLG
-25.37534425,-292.0346428,241.133431,-5151.795952,217.1821295,4291.671289,LLG
-25.47707474,-286.9699162,231.9337653,-5112.956335,105.181613,4346.199085,LLG
-25.55364424,-281.6219732,222.505211,-5069.070779,-6.922763667,4396.437709,LLG
-25.6049775,-275.9960923,212.8570737,-5020.18256,-119.0203437,4442.337493,LLG
-25.63102355,-270.0978249,202.9988743,-4966.339959,-231.0005235,4483.853227,LLG
-25.63175698,-263.9329924,192.9403424,-4907.596078,-342.752769,4520.943853,LLG
-25.60717678,-257.5076782,182.6914036,-4844.008924,-454.1668173,4553.572853,LLG
-25.5573075,-250.828224,172.2621734,-4775.641216,-565.1326932,4581.707941,LLG
-25.48219806,-243.9012209,161.6629433,-4702.560459,-675.5409098,4605.321436,LLG
-25.38192287,-236.7335057,150.9041742,-4624.83874,-785.2824845,4624.389949,LLG
-25.25658061,-229.3321514,139.9964829,-4542.552796,-894.2491385,4638.894748,LLG
-25.10629526,-221.7044628,128.9506349,-4455.783799,-1002.333312,4648.821431,LLG
-24.93121485,-213.8579671,117.7775302,-4364.617412,-1109.428362,4654.160289,LLG
-24.73151244,-205.8004082,106.4881961,-4269.143574,-1215.428575,4654.905968,LLG
-24.50738484,-197.5397376,95.09377315,-4169.456537,-1320.229366,4651.057815,LLG
-24.25905351,-189.0841079,83.60550693,-4065.65465,-1423.727285,4642.619545,LLG
-23.98676325,-180.4418634,72.03473423,-3957.840382,-1525.820216,4629.599569,LLG
-23.69078305,-171.6215335,60.39287478,-3846.120104,-1626.407381,4612.010652,LLG
-23.37140474,-162.6318222,48.69141692,-3730.6041,-1725.389537,4589.870237,LLG
-23.02894377,-153.4816017,36.94190935,-3611.406339,-1822.668978,4563.200089,LLG
-22.66373784,-144.1799019,25.15594663,-3488.644487,-1918.149723,4532.026612,LLG
-22.27614764,-134.7359027,13.34516087,-3362.439663,-2011.737521,4496.380488,LLG
-21.86655539,-125.1589238,1.521207106,-3232.916447,-2103.340035,4456.296978,LLG
-21.4353656,-115.458417,-10.30424506,-3100.202633,-2192.866842,4411.815555,LLG
-20.98300351,-105.6439551,-22.11952613,-2964.429224,-2280.229612,4362.980203,LLG
-20.50991583,-95.72522425,-33.91297505,-2825.73018,-2365.342107,4309.839031,LLG
-20.01656917,-85.71201251,-45.67295391,-2684.242413,-2448.120353,4252.444567,LLG
-19.50345068,-75.61420221,-57.38785623,-2540.105521,-2528.482635,4190.853369,LLG
-18.97106645,-65.4417582,-69.04612161,-2393.461783,-2606.349668,4125.126304,LLG
-18.41994218,-55.20471992,-80.63624396,-2244.455886,-2681.644584,4055.328152,LLG
-17.85062148,-44.91318963,-92.14678601,-2093.234913,-2754.2931,3981.52788,LLG
-17.26366647,-34.57732429,-103.5663875,-1939.948069,-2824.223496,3903.798236,LLG
-16.65965612,-24.20732369,-114.8837794,-1784.74666,-2891.366782,3822.216013,LLG
-16.03918682,-13.81342223,-126.087792,-1627.783822,-2955.656675,3736.86164,LLG
-15.40287059,-3.405876974,-137.1673691,-1469.214489,-3017.029749,3647.819434,LL
-14.7513357,7.005040624,-148.1115758,-1309.195117,-3075.425414,3555.177187,LL
-14.08522484,17.40905671,-158.9096121,-1147.883658,-3130.786064,3459.026407,LL
-9.103609934,25.82967742,-171.5170103,-935.5159993,-3205.876637,3336.642732,LL
-7.862370643,37.0713544,-181.108643,-768.5098747,-3243.500858,3245.268317,LL
-5.546273792,46.2941403,-192.5037974,-589.5063963,-3301.13644,3127.479557,LL
-5.261832729,56.54561589,-202.6346536,-433.1940131,-3343.18937,3018.92867,LL
-4.248444376,66.7066096,-212.6001735,-268.7373615,-3381.427534,2907.914378,LL
-4.029343844,77.58042649,-221.5772819,-111.5301433,-3408.453666,2801.90483,LL
-4.556684183,87.72695881,-230.9864291,36.16352293,-3439.214746,2686.031629,LL
-5.655377439,98.19346511,-239.7611083,179.9633553,-3463.20414,2570.884988,LL
-6.80836528,108.8964674,-247.9657747,322.8378172,-3479.048685,2457.928249,LL
-8.419094694,119.7717547,-255.6460157,463.0308232,-3490.053145,2343.952273,LL
-10.81562126,130.2169225,-263.3858993,593.5391919,-3500.769548,2224.506746,LL
-13.52554318,140.8491175,-270.5503512,723.2740311,-3506.074842,2104.822018,LL
-16.41020153,151.6531356,-277.1370025,850.6465433,-3503.65229,1987.327624,LL
-19.74979808,162.4223748,-283.3353084,975.1884098,-3498.480932,1867.162903,LL
-23.71402034,172.8784821,-289.406866,1091.865813,-3491.191688,1743.820561,LL
-27.91887689,183.4527683,-294.9040634,1208.214911,-3478.940033,1620.274144,LL
-32.3335658,194.0849033,-299.8713669,1321.463678,-3459.955374,1498.428107,LL
-37.19522242,204.5750469,-304.4932306,1431.482357,-3439.051598,1373.60766,LL
-42.53162636,214.8116424,-308.866291,1535.031961,-3414.921244,1247.263959,LL
-48.07387033,225.0967445,-312.6740828,1638.02901,-3386.262705,1120.847245,LL
-53.83937134,235.3327076,-316.0003415,1737.250443,-3351.802574,995.7837923,LL
-60.01410057,245.3646758,-318.9865449,1833.037507,-3315.728324,868.0437066,LL
-66.54369581,255.1689204,-321.6435699,1923.22526,-3275.780466,740.047998,LL
-73.25493849,264.948511,-323.756055,2012.40388,-3231.809552,612.1120032,LL
-80.18539982,274.5893727,-325.4263378,2097.235603,-3182.810885,485.4098936,LL
-87.46799816,283.9874725,-326.7472929,2178.578105,-3132.282318,356.6173723,LL
-95.0103706,293.1600657,-327.6910834,2254.809125,-3077.590053,228.5450511,LL
-102.7116269,302.2360954,-328.1187878,2329.513346,-3019.423654,100.6838864,LL
-110.6117249,311.1018194,-328.1347677,2399.447542,-2956.85887,-25.85846065,LL
-118.7975776,319.6976366,-327.789863,2465.915225,-2892.788833,-153.7883296,LL
-127.1659966,328.0542732,-327.0452021,2527.511952,-2824.539829,-280.2426848,LL
-135.6674828,336.2478712,-325.8171355,2587.094887,-2753.377088,-406.2944536,LL
-144.3339024,344.1754401,-324.2017782,2641.636244,-2678.339636,-530.7882069,LL
-153.2169184,351.8113723,-322.2185115,2692.76606,-2601.848375,-655.9477654,LL
-162.2174277,359.1850212,-319.8324016,2739.121361,-2521.366397,-779.037379,LL
-171.3201363,366.3372253,-316.9976918,2783.056005,-2438.521817,-901.4841071,LL
-180.5439542,373.1807393,-313.7973649,2821.81122,-2352.261596,-1022.03248,LL
-189.9161538,379.7134111,-310.2299809,2857.221256,-2264.666551,-1142.559053,LL
-199.3486035,385.9564998,-306.2713522,2887.884727,-2173.413218,-1260.535135,LL
-208.8469918,391.9290947,-301.9001387,2915.823316,-2080.329948,-1377.582437,LL
-218.4163026,397.5608502,-297.1851041,2938.554615,-1984.259983,-1492.336992,LL
-228.0686236,402.8642028,-292.1129099,2958.013883,-1887.054639,-1606.441892,LL
-237.7288148,407.8504919,-286.6719868,2972.739365,-1786.620755,-1717.595603,LL
-247.4140039,412.5269434,-280.8555611,2984.544106,-1684.869857,-1827.500681,LL
-257.1166264,416.8389327,-274.7193803,2991.201886,-1580.555948,-1934.702414,LL
-266.8405632,420.8068483,-268.2448592,2994.672117,-1475.383429,-2040.6963,LL
-276.5230241,424.4329514,-261.4322084,2993.441912,-1367.474048,-2143.39585,LL
-286.1861562,427.7193606,-254.2824571,2989.199577,-1258.743706,-2244.508968,LL
-295.8123724,430.6248427,-246.8406495,2979.941761,-1147.883988,-2342.520304,LL
-305.4021666,433.1732467,-239.0874158,2967.600686,-1036.508279,-2438.836955,LL
-314.9032446,435.3598001,-231.0326635,2950.635328,-922.9234648,-2531.560997,LL
-324.3388143,437.1857909,-222.6808984,2930.662241,-809.0009371,-2622.360067,LL
-333.6841175,438.6207077,-214.0690704,2905.864233,-693.3995732,-2709.691161,LL
-342.9392878,439.6891401,-205.179675,2878.116073,-577.6757073,-2794.910188,LL
-352.0603462,440.3816337,-196.0298834,2845.874744,-460.2880511,-2876.277709,LL
-361.0694147,440.7010856,-186.6251472,2810.715421,-343.0364489,-2955.397269,LL
-369.9372418,440.625187,-176.9967394,2770.972784,-224.5740636,-3030.728388,LL
-378.6652865,440.1778605,-167.1303171,2728.449449,-106.4178863,-3103.596653,LL
-387.2158643,439.3471355,-157.0480272,2681.623959,12.85249731,-3172.393285,LL
-395.6091048,438.1386864,-146.7549678,2632.044993,131.5209567,-3238.648664,LL
-403.8135188,436.5362822,-136.2787184,2578.170064,250.9184823,-3300.849452,LL
-411.832659,434.5626531,-125.6084715,2521.72534,369.5606848,-3360.300673,LL
-419.6334968,432.2050668,-114.7694354,2461.229338,488.7730527,-3415.501231,LL
-427.2340428,429.4723254,-103.7658338,2398.209284,606.9260107,-3467.908428,LL
-434.6023212,426.3526239,-92.6230261,2331.222569,725.3193247,-3516.054323,LL
-436.5121637,428.0996402,-90.14354003,2322.642453,903.2241671,-3663.473158,LL
-432.8322306,434.8028503,-87.17694451,2368.851572,1139.701867,-3796.571207,LL
-428.989818,441.0630104,-83.15391216,2404.159286,1366.011696,-3908.71121,LL
-428.9975107,442.827726,-79.65324653,2381.186322,1537.392888,-4020.299685,LL
-433.106426,439.8745568,-70.98834108,2302.206527,1653.121422,-4064.570053,LL
-436.5323128,436.9499746,-61.37684135,2225.268349,1773.805593,-4094.604998,LL
-435.7452511,437.6132495,-56.5990082,2192.772946,1938.90082,-4178.74291,LL
-431.4636902,441.1101736,-53.00289102,2191.903095,2138.092813,-4270.566848,LL
-427.5434845,443.6149476,-47.93890109,2176.95849,2322.787462,-4338.009494,LL
-426.4586328,442.6198266,-42.01818825,2118.565584,2466.059067,-4389.743232,LL
-427.557269,438.8074588,-33.95968775,2028.601117,2576.942275,-4411.552203,LL
-427.6306938,435.3547998,-25.56613358,1945.096894,2695.8635,-4425.938581,LL
-424.6214501,434.3508301,-19.83852079,1892.992305,2844.971542,-4468.112562,LL
-419.4628156,434.8325167,-15.28472566,1857.867793,3012.190053,-4518.543502,LL
-414.8281245,434.1587987,-9.596505176,1808.789604,3163.845994,-4549.27641,LL
-411.0941798,431.9250866,-5.446224709,1740.82815,3297.303419,-4592.333068,LL
-406.9066009,429.5187879,-8.692068315,1672.508395,3428.399134,-4714.91997,LL
-404.7765786,424.4028698,-15.45770485,1573.401995,3528.950671,-4866.843437,LL
-403.6411314,417.6740909,-18.21742052,1458.869165,3611.68105,-4957.875672,LL
-401.4995295,411.3092553,-17.75039242,1352.287429,3702.167692,-5001.132632,LL
-395.6988671,407.9957877,-17.02047178,1284.863858,3829.03128,-5034.300465,LL
-386.7845949,407.1661938,-16.27003715,1246.896113,3984.725147,-5060.801059,LL
-378.8087738,404.8036604,-15.17325186,1190.086939,4118.416313,-5076.855582,LL
-373.0534077,399.605983,-13.97716466,1099.878586,4217.660199,-5085.860716,LL
-368.994962,392.1326535,-15.05595622,985.6929617,4289.393509,-5115.456195,LL
-365.141604,383.8571039,-18.62896211,865.619474,4353.778012,-5166.898276,LL
-359.9981607,376.3111501,-21.4869301,758.4589716,4427.179733,-5200.892771,LL
-353.3798331,369.6629418,-21.69098976,664.6196956,4512.040116,-5195.906602,LL
-344.9894879,364.2469119,-19.64049566,587.5768787,4609.449812,-5158.816148,LL
-335.4344668,359.4407683,-17.51043373,518.4425346,4712.516493,-5116.965559,LL
-326.4341602,353.563043,-16.92267923,437.6408818,4799.329887,-5089.170091,LL
-318.9270776,345.6619177,-17.64643107,334.3219727,4860.999733,-5071.610394,LL
-312.813018,335.8760999,-19.25160125,212.1569744,4898.912642,-5058.119714,LL
-306.6191338,325.6667092,-21.07092801,88.82650283,4932.674475,-5040.580928,LL
-298.8813484,316.5368698,-22.08718509,-17.54855733,4978.171325,-5007.033028,LL
-289.4112945,308.6647363,-21.66937856,-106.611297,5037.652383,-4951.11434,LL
-278.8398739,301.4589485,-19.93722353,-185.8994591,5101.394697,-4875.314169,LL
-268.2660432,293.8117832,-18.1880638,-269.4669268,5157.205135,-4795.922036,LL
-258.5963868,284.8566402,-17.73142925,-366.576741,5193.684827,-4728.046206,LL
-249.9546541,274.4623776,-18.68276641,-478.3270276,5211.56625,-4672.130592,LL
-241.8696584,263.1405535,-20.22735072,-597.256405,5216.224113,-4617.511929,LL
-233.2932526,251.9332206,-21.23422705,-711.2694534,5221.555615,-4550.854568,LL
-223.4133081,241.6932077,-21.08620967,-810.2523102,5235.636862,-4465.44562,LL
-212.2433097,232.4021548,-19.93124746,-895.9186191,5258.528438,-4364.207646,LL
-200.5266563,223.3576299,-18.3714682,-976.812928,5279.696679,-4254.879586,LL
-189.2509436,213.5682999,-17.26198251,-1065.238837,5288.585881,-4147.867548,LL
-178.9459581,202.5455468,-17.16285953,-1165.84635,5278.605266,-4049.215616,LL
-169.3624763,190.5359104,-17.94238138,-1275.374783,5254.738238,-3956.767131,LL
-159.8098004,178.2713913,-18.88809386,-1384.188731,5224.727441,-3861.534664,LL
-149.5205367,166.5176667,-19.14557514,-1483.863642,5198.696069,-3753.736589,LL
-138.1997828,155.6110059,-18.37614954,-1570.590292,5178.608241,-3630.019853,LL
-126.1491251,145.2489853,-16.93996895,-1649.173517,5161.334722,-3495.636557,LL
-114.0721919,134.7693355,-15.55832215,-1727.341506,5137.349475,-3359.453766,LL
-102.6227436,123.5182483,-14.85180988,-1813.111767,5100.288529,-3228.805116,LL
-91.98458558,111.3531954,-14.94832667,-1907.107026,5047.778143,-3104.582862,LL
-81.75756512,98.67498022,-15.45980115,-2004.482732,4986.29525,-2981.856356,LL
-71.30259066,86.16381422,-15.76064384,-2096.586083,4922.788005,-2853.063109,LL
-60.12893572,74.311681,-15.35876735,-2178.416604,4863.868959,-2712.936762,LL
-48.25213653,63.14393086,-14.22794754,-2249.86158,4807.992047,-2561.775203,LL
-36.11380523,52.22072265,-12.80125168,-2317.085161,4750.585677,-2405.423452,LL
-24.30574627,40.99082779,-11.6684895,-2386.265045,4683.858692,-2250.947883,LL
-13.1778231,29.10657488,-11.18769702,-2461.638739,4605.147349,-2102.465282,LL
-2.654400108,16.68378718,-11.25684665,-2540.925812,4515.163364,-1958.267247,LL
7.709584411,4.170046694,-11.41857497,-2618.973711,4420.614913,-1812.849732,LL
18.39084473,-7.918210523,-11.18248815,-2689.353811,4326.406035,-1660.507341,LL
29.61601125,-19.351598,-10.32872399,-2750.223721,4235.917194,-1499.28175,LL
41.1887959,-30.28722529,-9.036942979,-2803.547028,4145.703689,-1331.801979,LL
52.6665064,-41.16488452,-7.741250669,-2855.238341,4051.371964,-1163.686495,LL
63.62567385,-52.3694862,-6.846565778,-2909.375385,3947.405954,-999.6464252,LL
73.94881968,-64.01555535,-6.472368701,-2967.400143,3833.868172,-840.9627826,LL
83.85132998,-75.84984352,-6.389874271,-3025.600981,3713.073951,-684.600152,LL
93.73917448,-87.46346333,-6.188650663,-3079.478968,3591.010569,-525.8211288,LL
103.909019,-98.52265735,-5.553603832,-3124.94875,3470.408337,-361.140896,LL
114.3860608,-108.999434,-4.458567203,-3162.511051,3352.23907,-190.8685055,LL
124.8908763,-119.1369693,-3.170193448,-3195.032849,3232.321194,-18.5210763,LL
135.0560058,-129.3001379,-2.054138937,-3227.341397,3107.284465,151.2777242,LL
144.6347832,-139.7002729,-1.340433957,-3261.414,2973.87658,315.9663357,LL
153.6701315,-150.292159,-0.983800436,-3296.839034,2833.950864,476.165694,LL
162.4215263,-160.7819715,-0.711558897,-3329.620485,2690.267038,635.2652653,LL
171.20253,-170.854229,-0.209488616,-3356.495993,2547.514025,796.7193144,LL
180.1493373,-180.3394382,0.672929574,-3375.413003,2406.545865,962.009188,LL
189.1624062,-189.3356729,1.838036564,-3388.268511,2266.877091,1129.447623,LL
197.955937,-198.0965486,3.012992555,-3397.943019,2124.465514,1295.587673,LL
206.2695995,-206.881453,3.937754967,-3407.875428,1977.268778,1457.185764,LL
214.0052065,-215.7575638,4.526868353,-3418.354907,1823.871859,1613.40685,LL
221.297124,-224.5901693,4.915841542,-3427.979157,1667.058625,1765.864698,LL
228.386396,-233.1084482,5.357988289,-3433.190603,1509.295607,1917.588474,LL
235.4772024,-241.1085394,6.057366099,-3432.113932,1353.824658,2070.656448,LL
242.5832701,-248.5482244,7.038886457,-3424.224287,1200.113349,2225.076675,LL
249.5474068,-255.5857422,8.145317517,-3412.012007,1047.022764,2378.57115,LL
256.1271448,-262.4364048,9.145247115,-3397.818313,891.1870709,2528.305317,LL
262.1718645,-269.2526657,9.887485965,-3383.7323,731.853336,2672.404836,LL
267.6889338,-276.001383,10.38949195,-3368.913302,568.869192,2811.231081,LL
272.8464342,-282.5171515,10.81839471,-3351.666542,405.2501303,2946.699011,LL
277.8327447,-288.5872415,11.37223534,-3329.244113,242.7814733,3081.098373,LL
282.7518293,-294.1112578,12.15353622,-3301.00492,83.40936407,3215.295253,LL
287.539417,-299.1305813,13.10674561,-3267.392856,-74.24337633,3348.403078,LL
292.0308422,-303.8143851,14.06520248,-3230.909771,-231.3894757,3478.150061,LL
296.0502834,-308.3170935,14.86132104,-3193.121348,-390.4997646,3602.549387,LL
299.5405378,-312.7013961,15.43561458,-3155.012345,-551.2861039,3720.855106,LL
302.5711929,-316.8778292,15.8651772,-3115.149157,-713.1930751,3834.098423,LL
305.3034377,-320.6917057,16.30827379,-3072.018439,-873.4509831,3944.036626,LL
307.8612459,-324.0007193,16.89561908,-3023.782011,-1031.074069,4052.12424,LL
310.2713091,-326.7857264,17.65049224,-2970.728191,-1185.1112,4158.324503,LL
312.4323209,-329.1312626,18.47761914,-2913.770143,-1337.303396,4261.360244,LL
314.2042054,-331.1860225,19.23297597,-2855.064057,-1488.584673,4359.334309,LL
315.4810544,-333.0407185,19.81600928,-2795.395963,-1640.545558,4451.116813,LL
316.2736249,-334.6943036,20.233086,-2734.981072,-1792.196762,4536.760493,LL
316.6773773,-336.0377037,20.58433885,-2672.225543,-1942.726796,4617.53539,LL
316.8234812,-336.9505652,20.99595777,-2606.051776,-2089.871653,4694.794436,LL
316.7756263,-337.3571695,21.53550346,-2535.445849,-2233.378823,4769.246437,LL
316.5105196,-337.2927407,22.17414409,-2461.281134,-2372.953796,4840.301408,LL
315.921473,-336.8535203,22.80838805,-2384.562679,-2510.343305,4906.669322,LL
314.9086901,-336.1523545,23.33242389,-2306.939259,-2646.047206,4966.993914,LL
313.4267828,-335.2257589,23.70339147,-2228.552385,-2780.930172,5020.868637,LL
311.5277244,-334.0359276,23.96673875,-2149.179619,-2913.640261,5068.817112,LL
309.3067621,-332.4803014,24.21953776,-2067.363011,-3043.425354,5112.051491,LL
306.8563709,-330.481683,24.54718587,-1982.538531,-3168.611788,5151.445107,LL
304.1930728,-328.0177811,24.96730308,-1894.330299,-3289.513364,5187.146703,LL
301.2689103,-325.1529288,25.42432857,-1803.885455,-3406.187913,5218.326784,LL
297.9923495,-321.9744091,25.82718331,-1712.061011,-3520.167152,5243.920442,LL
294.3068631,-318.5562055,26.11128833,-1619.982651,-3631.508227,5263.128644,LL
290.2120201,-314.895988,26.27604765,-1527.343053,-3740.564691,5276.069755,LL
285.7780047,-310.9420861,26.38310839,-1433.754907,-3845.901921,5283.465927,LL
281.0843589,-306.6136533,26.51118345,-1338.057797,-3947.007676,5286.306439,LL
276.1863548,-301.8749606,26.70650726,-1240.15834,-4042.762919,5285.027162,LL
271.0696422,-296.7404712,26.95326664,-1140.101457,-4133.849146,5279.429602,LL
265.6813932,-291.2835533,27.18915232,-1039.068668,-4220.444315,5268.682604,LL
259.9554651,-285.5718369,27.34599311,-937.6518236,-4303.766327,5252.058379,LL
253.8732834,-279.6453954,27.39533732,-836.528761,-4383.511955,5229.2373,LL
247.4625947,-273.4792964,27.36235179,-735.1416811,-4459.739979,5200.658174,LL
240.7948898,-267.0244647,27.30823427,-633.1282656,-4531.129907,5167.048487,LL
233.9275081,-260.2276492,27.28717451,-529.6767224,-4597.478068,5129.116888,LL
226.8858673,-253.0867176,27.31388948,-425.0544829,-4658.116978,5086.967506,LL
219.6401266,-245.6368168,27.35486913,-319.5267197,-4713.912454,5040.247565,LL
212.1455861,-237.9467509,27.35437281,-214.1535266,-4765.013285,4988.274968,LL
204.3636509,-230.0615783,27.26967872,-109.2376542,-4812.316326,4930.674619,LL
196.3041506,-221.9963369,27.09926848,-5.126167679,-4855.281268,4867.483399,LL
188.0082313,-213.7174374,26.87971148,98.82397733,-4893.853538,4799.286255,LL
179.53827,-205.1880747,26.66172301,202.8434763,-4926.939283,4726.702807,LL
170.929382,-196.3817157,26.47539987,307.4215484,-4954.632984,4650.177417,LL
162.1867134,-187.3194281,26.31394466,412.0626257,-4976.591528,4569.607878,LL
153.2770593,-178.0439532,26.13875199,516.4389695,-4993.722395,4484.634396,LL
144.1704191,-168.6120817,25.90766079,619.6911468,-5006.071043,4394.7951,LL
134.8525201,-159.0485025,25.6006692,721.7698687,-5014.263312,4300.020836,LL
125.3509967,-149.352879,25.23305978,822.5368079,-5017.648444,4200.574265,LL
115.7092332,-139.493046,24.84216923,922.6042824,-5016.188205,4097.058873,LL
105.9756846,-129.4482821,24.4639174,1022.034047,-5009.0568,3989.939829,LL
96.16705984,-119.2138213,24.10867424,1121.062415,-4996.5902,3879.454697,LL
86.2774591,-108.8236588,23.75786858,1219.090436,-4978.648469,3765.409815,LL
76.27830435,-98.31895771,23.37635532,1315.833824,-4956.087002,3647.531656,LL
66.1557471,-87.74194751,22.93753621,1410.653634,-4928.831077,3525.587949,LL
55.91377799,-77.10178161,22.43865061,1503.68922,-4897.311839,3399.737452,LL
45.58829226,-66.39115333,21.90278835,1594.907132,-4860.874324,3270.353822,LL
35.21773615,-55.58523445,21.36147675,1684.823581,-4819.572718,3137.980131,LL
24.83596527,-44.67888609,20.83573131,1773.34307,-4772.839339,3002.927459,LL
14.44668508,-33.68240863,20.32221101,1860.534368,-4721.176175,2865.297986,LL
4.04030003,-22.63416184,19.79849903,1945.794448,-4664.548242,2724.894148,LL
-6.403121107,-11.56838361,19.23755054,2028.94003,-4603.710345,2581.571922,LL
-16.88327829,-0.513504159,18.62691263,2109.533431,-4538.487212,2435.297294,LL
-27.38477794,10.53135022,17.97483446,2187.83189,-4469.194242,2286.371601,LL
-37.87084563,21.57433966,17.30542791,2263.832,-4395.246794,2135.192294,LL
-48.31161305,32.63068715,16.64140909,2337.931118,-4316.821549,1982.204524,LL
-58.68596695,43.6930898,15.99134965,2409.91637,-4233.568035,1827.592575,LL
-68.99785145,54.74292044,15.344192,2479.770202,-4146.079485,1671.389523,LL
-79.25568375,65.74362583,14.67915137,2546.952831,-4054.356786,1513.448424,LL
-89.46992168,76.67011461,13.97874858,2611.400997,-3959.040692,1353.758699,LL
-99.6299736,87.50520402,13.24142251,2672.838797,-3859.892369,1192.432176,LL
-109.7153246,98.25491137,12.48078929,2731.579585,-3757.177894,1029.835888,LL
-119.693226,108.9246533,11.71768198,2787.605673,-3650.424028,866.333791,LL
-129.5433509,119.5204804,10.96567872,2841.203179,-3539.926092,702.2656346,LL
-139.2543279,130.0269538,10.2245078,2892.09227,-3425.496412,537.726349,LL
-148.8334203,140.4228392,9.48035416,2940.234528,-3307.756862,372.7303095,LL
-158.2854047,150.6771495,8.717118156,2985.189981,-3186.702892,207.2047928,LL
-167.6126061,160.7739761,7.926164296,3027.008184,-3062.870378,41.25049474,LL
-176.79855,170.704259,7.112995937,3065.529912,-2935.996528,-124.9328773,LL
-185.822548,180.4755705,6.292257859,3101.079164,-2806.344652,-290.9728381,LL
-194.6585177,190.0892087,5.479435357,3133.605683,-2673.564967,-456.5699021,LL
-203.294923,199.5441388,4.680316427,3163.30945,-2538.046538,-621.4791627,LL
-211.7270137,208.8211484,3.889463624,3189.8919,-2399.709295,-785.6593047,LL
-219.9624696,217.9006071,3.093786801,3213.338796,-2259.15806,-949.0839062,LL
-228.0019118,226.7588218,2.282925487,3233.321498,-2116.363635,-1111.752188,LL
-235.842032,235.3878428,1.455149352,3249.980619,-1971.777281,-1273.487916,LL
-243.4645311,243.7838538,0.619490056,3263.232526,-1825.144944,-1434.056505,LL
-250.8519075,251.9538595,-0.211197497,3273.384112,-1676.752606,-1593.121356,LL
-257.9856164,259.8953086,-1.027144114,3280.35294,-1526.364469,-1750.458599,LL
-264.8613018,267.6028871,-1.828221052,3284.284401,-1374.428684,-1905.899782,LL
-271.4782183,275.0573224,-2.621936138,3284.899609,-1220.924637,-2059.429931,LL
-277.8429699,282.243229,-3.418667501,3282.233497,-1066.411216,-2210.998288,LL
-283.952823,289.1444564,-4.223383715,3276.062721,-910.8302402,-2360.547292,LL
-289.8016628,295.7592838,-5.033268204,3266.591943,-754.5707319,-2507.864366,LL
-295.372561,302.0869402,-5.838528545,3253.780992,-597.4085187,-2652.722335,LL
-300.6530698,308.1330376,-6.629524102,3237.90724,-439.6593185,-2794.844504,LL
-305.6318602,313.8924381,-7.401479667,3218.867266,-281.1785684,-2934.081029,LL
-310.3099288,319.3583577,-8.157686044,3196.781799,-122.4375433,-3070.320987,LL
-314.6886936,324.5141862,-8.9055103,3171.417028,36.56242022,-3203.559367,LL
-318.7733284,329.3500559,-9.651884122,3142.865356,195.3233327,-3333.723152,LL
-322.5592299,333.8566911,-10.39753135,3110.992434,353.9286836,-3460.722692,LL
-326.0400463,338.0368823,-11.13730971,3076.041018,512.0330053,-3584.344699,LL
-329.2023635,341.8915112,-11.86250351,3037.992505,669.82179,-3704.399017,LL
-332.0394442,345.4249216,-12.56702786,2997.093386,826.9560576,-3820.679172,LL
-334.5461893,348.6310552,-13.24984366,2953.234426,983.5178396,-3933.101178,LL
-336.7273064,351.5040086,-13.91574018,2906.535144,1139.044543,-4041.596406,LL
-338.5853196,354.0314989,-14.57064977,2856.819238,1293.539234,-4146.16366,LL
-340.1243722,356.2094091,-15.21821518,2804.232833,1446.569914,-4246.718846,LL
-341.3396362,358.0342255,-15.8563601,2748.710002,1598.239069,-4343.166325,LL
-342.2264959,359.5118321,-16.47938379,2690.510133,1748.232593,-4435.320188,LL
-342.7761812,360.6440872,-17.08061256,2629.623396,1896.699073,-4523.044816,LL
-342.9874633,361.4347439,-17.65714701,2566.270407,2043.290922,-4606.204746,LL
-342.8602328,361.8784382,-18.21031717,2500.350274,2188.056621,-4684.771615,LL
-342.4016403,361.9718088,-18.74501295,2431.996215,2330.567153,-4758.709129,LL
-341.6148892,361.7076192,-19.26521861,2361.090973,2470.84656,-4828.021474,LL
-340.5038613,361.0870456,-19.77196552,2287.823291,2608.527987,-4892.628684,LL
-339.0649368,360.1111132,-20.26176156,2212.175014,2743.727472,-4952.452022,LL
-337.2964842,358.7877774,-20.72954321,2134.406366,2876.15697,-5007.351972,LL
-335.1946619,357.1197157,-21.17095293,2054.510213,3005.93739,-5057.25492,LL
-332.7630254,355.1109561,-21.58553925,1972.6886,3132.730519,-5102.091434,LL
-330.0052262,352.7580997,-21.97580166,1888.859104,3256.576789,-5141.879176,LL
-326.9299907,350.0612504,-22.34589039,1803.175076,3377.097989,-5176.609199,LL
-323.5411844,347.018194,-22.69789192,1715.571909,3494.348125,-5206.297125,LL
-319.8432425,343.6345543,-23.03110769,1626.266465,3608.021868,-5230.882163,LL
-315.8347623,339.9147605,-23.34174483,1535.270114,3718.245899,-5250.31952,LL
-311.5176395,335.8681816,-23.6260244,1442.833418,3824.758634,-5264.526211,LL
-306.8926249,331.4984397,-23.88171332,1348.949907,3927.666526,-5273.490577,LL
-301.9670803,326.8106155,-24.10997306,1253.809676,4026.658224,-5277.201357,LL
-296.7473416,321.8040586,-24.31357816,1157.353658,4121.786107,-5275.714407,LL
-291.2431711,316.4825936,-24.49558093,1059.754664,4212.732883,-5269.046685,LL
-285.4592619,310.8484874,-24.65655487,960.9895115,4299.586214,-5257.232679,LL
-279.4012409,304.9108068,-24.79492822,861.2882007,4382.09797,-5240.242758,LL
-273.0704292,298.6764211,-24.90736942,760.6768284,4460.405347,-5218.076236,LL
-266.4721997,292.1557155,-24.99158821,659.3899204,4534.277315,-5190.709179,LL
-259.6111614,285.3534548,-25.04703235,557.421343,4603.81993,-5158.186746,LL
-252.4974393,278.2762887,-25.07572259,454.9534495,4668.763142,-5120.546942,LL
-245.1391697,270.9265858,-25.08014975,351.9503011,4729.18509,-5077.877785,LL
-237.5468219,263.3116171,-25.06226271,248.5984001,4784.833583,-5030.22239,LL
-229.7260797,255.4372787,-25.02164336,144.9026361,4835.830243,-4977.640422,LL
-221.6841005,247.3150631,-24.95654175,41.09253127,4881.980135,-4920.140718,LL
-213.4249565,238.9534927,-24.86450381,-62.80237301,4923.43292,-4857.770164,LL
-204.9570081,230.3637078,-24.74462565,-166.567246,4959.993698,-4790.560465,LL
-196.2877787,221.5517299,-24.59751137,-270.2081858,4991.780573,-4718.605353,LL
-187.4291601,212.5259553,-24.42546161,-373.5494142,5018.574782,-4641.983129,LL
-178.3903779,203.2915871,-24.23042031,-476.6080962,5040.4881,-4560.809082,LL
-169.1823704,193.8586957,-24.01343986,-579.1927673,5057.333057,-4475.15271,LL
-159.8118495,184.2358106,-23.77362317,-681.2838929,5069.263481,-4385.102368,LL
-150.2875085,174.4358987,-23.5095177,-782.6637353,5076.134169,-4290.707493,LL
-140.615802,164.4684858,-23.21967815,-883.3075477,5078.110082,-4192.060243,LL
-130.8073076,154.3452337,-22.9043117,-983.0223829,5075.037561,-4089.240343,LL
-120.8714514,144.0733597,-22.56468924,-1081.815519,5067.055989,-3982.380186,LL
-110.8209949,133.6628456,-22.20301187,-1179.519409,5054.002945,-3871.589632,LL
-100.6656653,123.1211922,-21.82063281,-1276.13952,5036.026546,-3757.006645,LL
-90.41662895,112.4604031,-21.4180046,-1371.489226,5013.000339,-3638.725969,LL
-80.08147898,101.6906171,-20.99416644,-1465.546459,4985.107329,-3516.864586,LL
-69.6701456,90.82542179,-20.54821993,-1558.113968,4952.248795,-3391.509793,LL
-59.19081703,79.87478232,-20.07965854,-1649.17767,4914.607485,-3262.792255,LL
-48.65537775,68.8505989,-19.58946127,-1738.568102,4872.074157,-3130.829422,LL
-38.07417139,57.76101925,-19.0791745,-1826.296123,4824.814674,-2995.78171,LL
-27.46004492,46.61716584,-18.55070028,-1912.206147,4772.723304,-2857.781971,LL
-16.82271267,35.42806883,-18.00489213,-1996.300263,4715.98301,-2716.985767,LL
-6.17326762,24.20670643,-17.4418976,-2078.406083,4654.522314,-2573.509834,LL
4.48015137,12.96385181,-16.8609716,-2158.509004,4588.549429,-2427.496068,LL
15.12690844,1.712958416,-16.26184353,-2236.438461,4518.008524,-2279.062875,LL
25.75789117,-9.5360926,-15.6447585,-2312.195159,4443.101227,-2128.369582,LL
36.36084697,-20.77153039,-15.01113989,-2385.6346,4363.763081,-1975.559648,LL
46.92541425,-31.98472748,-14.36253724,-2456.774575,4280.18747,-1820.810689,LL
57.43933887,-43.16406442,-13.70049058,-2525.476276,4192.321604,-1664.269979,LL
67.89339885,-54.29986444,-13.02550414,-2591.746679,4100.378587,-1506.104613,LL
78.2769542,-65.37912733,-12.33765744,-2655.435584,4004.334247,-1346.447749,LL
88.58180805,-76.39132683,-11.63656323,-2716.54342,3904.417148,-1185.459338,LL
98.79729165,-87.32380772,-10.92252146,-2774.930274,3800.609877,-1023.279253,LL
108.91423,-98.16728185,-10.19629455,-2830.614489,3693.131955,-860.0838652,LL
118.9208867,-108.9105596,-9.459478127,-2883.477968,3581.960965,-696.0304443,LL
128.8076662,-119.5451166,-8.713463446,-2933.549226,3467.315033,-531.3031485,LL
138.5634902,-130.0595836,-7.959451883,-2980.711123,3349.187319,-366.0549544,LL
148.1800908,-140.4445331,-7.197751694,-3024.982705,3227.81404,-200.4573018,LL
157.6477248,-150.6878181,-6.428528638,-3066.241875,3103.209522,-34.65214929,LL
166.9587159,-160.7799239,-5.651779975,-3104.509179,2975.61691,131.1916577,LL
176.1030843,-170.7095739,-4.868241576,-3139.677426,2845.051456,296.9241086,LL
185.0724169,-180.468572,-4.078961887,-3171.784403,2711.747239,462.3640443,LL
193.8562679,-190.0468164,-3.285508909,-3200.739656,2575.718184,627.3523479,LL
202.4464609,-199.4365307,-2.489041028,-3226.58599,2437.201237,791.7085827,LL
210.8335883,-208.6273556,-1.690485371,-3249.232052,2296.226161,955.2829071,LL
219.0107768,-217.6109404,-0.890075675,-3268.71437,2153.043718,1117.907675,LL
226.9696512,-226.3767426,-0.088134211,-3284.942556,2007.69714,1279.441174,LL
234.7036544,-234.9168936,0.715012923,-3297.960039,1860.437436,1439.716111,LL
242.2041842,-243.221993,1.518360424,-3307.692775,1711.305376,1598.584214,LL
249.464309,-251.2854104,2.320771641,-3314.198856,1560.544021,1755.871502,LL
256.4755032,-259.0986465,3.120835721,-3317.416182,1408.195489,1911.428198,LL
263.2315254,-266.6553067,3.917643681,-3317.404605,1254.507323,2065.087216,LL
269.7250435,-273.9467345,4.710471375,-3314.101255,1099.535073,2216.710607,LL
275.9509789,-280.9663569,5.499085449,-3307.563414,943.5345788,2366.143142,LL
281.9027745,-287.7058333,6.283006825,-3297.733692,786.5679123,2513.253029,LL
287.5755434,-294.1594378,7.061684164,-3284.679073,628.8863875,2657.88522,LL
292.9626482,-300.320052,7.834007205,-3268.357661,470.5478824,2799.904601,LL
298.0592089,-306.1830315,8.598902116,-3248.847708,311.7970387,2939.155302,LL
302.8590852,-311.741949,9.355186588,-3226.115329,152.694295,3075.506866,LL
307.3583445,-316.992347,10.10218624,-3200.238879,-6.511833683,3208.814271,LL
311.5520362,-321.9278379,10.8393229,-3171.184875,-165.7514924,3338.959774,LL
315.437207,-326.5441608,11.56633727,-3139.032384,-324.7735473,3465.809054,LL
319.0094972,-330.8356038,12.28264193,-3103.756139,-483.5073242,3589.249662,LL
322.2661351,-334.7989353,12.9875817,-3065.445526,-641.7093495,3709.148782,LL
325.2028866,-338.4296176,13.68008264,-3024.088509,-799.3139475,3825.394602,LL
327.8173159,-341.7253256,14.35923663,-2979.782278,-956.0834872,3937.85869,LL
330.1059596,-344.6820768,15.02411937,-2932.519891,-1111.949975,4046.438309,LL
332.0674226,-347.2977747,15.6742653,-2882.398081,-1266.67408,4151.017977,LL
333.6993286,-349.5686981,16.30920869,-2829.411727,-1420.183062,4251.507552,LL
335.0010797,-351.4932429,16.92867673,-2773.660573,-1572.240084,4347.801295,LL
335.970778,-353.068575,17.5320484,-2715.148714,-1722.775908,4439.814454,LL
336.6080644,-354.2941571,18.11868125,-2653.985214,-1871.563254,4527.444924,LL
336.9113678,-355.1682055,18.68764536,-2590.184448,-2018.538313,4610.612426,LL
336.8808997,-355.6909284,19.23825893,-2523.860185,-2163.479503,4689.223254,LL
336.5159912,-355.8610235,19.76985876,-2455.029862,-2306.322097,4763.208906,LL
335.8178639,-355.6790099,20.28216397,-2383.806802,-2446.845829,4832.489317,LL
334.7867822,-355.1440371,20.77481141,-2310.211368,-2584.985795,4897.007927,LL
333.4246057,-354.2573068,21.24755225,-2234.361,-2720.528377,4956.693786,LL
331.7320167,-353.0189316,21.69981321,-2156.284815,-2853.415195,5011.496424,LL
329.7111909,-351.4311119,22.13106157,-2076.107549,-2983.443236,5061.350806,LL
327.3632906,-349.4948517,22.5405833,-1993.865497,-3110.559942,5106.214056,LL
324.6911879,-347.2129594,22.92795033,-1909.68552,-3234.5685,5146.032151,LL
321.6969565,-344.5868842,23.29274931,-1823.605584,-3355.417539,5180.775179,LL
318.384365,-341.6198258,23.63486734,-1735.752235,-3472.914771,5210.402439,LL
314.7562463,-338.3138105,23.95405185,-1646.166844,-3587.012604,5234.895061,LL
310.8168742,-334.6728,24.25012622,-1554.980038,-3697.528428,5254.221085,LL
306.5694653,-330.699748,24.52263785,-1462.240414,-3804.4231,5268.368619,LL
302.0186703,-326.3994791,24.77123385,-1368.083363,-3907.525116,5277.313522,LL
297.1682664,-321.7756679,24.99545488,-1272.561725,-4006.80163,5281.053575,LL
292.0236219,-316.83363,25.19512997,-1175.810958,-4102.088279,5279.576861,LL
286.5893404,-311.5774593,25.37007807,-1077.884555,-4193.355737,5272.894075,LL
280.8715236,-306.0129104,25.52034523,-978.9175989,-4280.447051,5261.005623,LL
274.8753588,-300.1446995,25.64580694,-878.9667426,-4363.339718,5243.932209,LL
268.6073382,-293.9793214,25.7464053,-778.1701905,-4441.888383,5221.682674,LL
262.0730009,-287.5223023,25.82186334,-676.5896494,-4516.080025,5194.285391,LL
255.2792358,-280.7808254,25.8720493,-574.3654304,-4585.780542,5161.758208,LL
248.2321444,-273.7609669,25.89676956,-471.5608955,-4650.98374,5124.140076,LL
240.9392659,-266.4702946,25.89609746,-368.3147936,-4711.563742,5081.461032,LL
233.4073786,-258.9152672,25.87006426,-264.6902575,-4767.520005,5033.77195,LL
225.644567,-251.1038877,25.81887063,-160.8252661,-4818.736282,4981.113725,LL
217.6580235,-243.0432024,25.74253848,-56.78522,-4865.220861,4923.546078,LL
209.4561171,-234.7418523,25.64116413,47.29037349,-4906.869999,4861.11789,LL
201.0463424,-226.2075219,25.51467864,151.3335081,-4943.701799,4793.896767,LL
192.4374336,-217.449347,25.36318554,255.2050769,-4975.62364,4721.94089,LL
183.6373773,-208.4753959,25.18674654,358.8376025,-5002.660911,4645.328224,LL
174.6554241,-199.2950825,24.9856557,462.0948555,-5024.730145,4564.128071,LL
165.5000496,-189.9167938,24.76013538,564.9104707,-5041.864002,4478.428642,LL
156.1808538,-180.3503198,24.51053659,667.1497388,-5053.989996,4388.308312,LL
146.7065642,-170.6045318,24.23703979,768.7453951,-5061.150596,4293.862797,LL
137.0869573,-160.6896975,23.93991454,869.5631182,-5063.285858,4195.177689,LL
127.3309862,-150.6151245,23.61930891,969.5354615,-5060.447824,4092.356167,LL
117.44871,-140.3913773,23.27555287,1068.530698,-5052.587272,3985.492496,LL
107.4494462,-130.0279847,22.90893712,1166.483694,-5039.763762,3874.699024,LL
97.34359367,-119.535674,22.51994583,1263.266692,-5021.937757,3760.079289,LL
87.14075328,-108.9241973,22.10896896,1358.816613,-4999.176986,3641.75373,LL
76.85148118,-98.20454832,21.67649956,1453.008244,-4971.453319,3519.832929,LL
66.48547437,-87.38680893,21.22287754,1545.779223,-4938.84433,3394.443256,LL
56.05334938,-76.48225547,20.74854614,1637.006689,-4901.333739,3265.701317,LL
45.5649236,-65.50119303,20.25385805,1726.630284,-4859.007975,3133.739841,LL
35.03097137,-54.45500092,19.73934266,1814.531534,-4811.860768,2998.682663,LL
24.46150818,-43.35404619,19.20548212,1900.653804,-4759.985924,2860.669722,LL
13.86745043,-32.20974363,18.65291496,1984.883518,-4703.386827,2719.831737,LL
3.258891458,-21.03255796,18.08217171,2067.167071,-4642.165545,2576.314287,LL
-7.353277521,-9.834022625,17.49387175,2147.394584,-4576.336413,2430.25291,LL
-17.95901682,1.375253592,16.88850185,2225.514822,-4506.010565,2281.797279,LL
-28.54750013,12.58366341,16.26666152,2301.422041,-4431.212898,2131.087322,LL
-39.10869646,23.78058433,15.62887798,2375.06881,-4352.062262,1978.277348,LL
-49.63177436,34.9544899,14.97583975,2446.355137,-4268.592501,1823.512417,LL
-60.10668951,46.09485128,14.30817547,2515.23838,-4180.929232,1666.951568,LL
-70.52266827,57.19024434,13.62663825,2581.624208,-4089.115279,1508.744036,LL
-80.86978236,68.23018943,12.93186738,2645.473955,-3993.28383,1349.051877,LL
-91.13745074,79.20331383,12.22458385,2706.698107,-3893.487425,1188.02679,LL
-101.3159416,90.0991909,11.50539534,2765.261847,-3789.866877,1025.832846,LL
-111.3948697,100.906579,10.77502491,2821.081244,-3682.48353,862.6241033,LL
-121.3646547,111.6152327,10.03413113,2874.12663,-3571.484397,698.5670746,LL
-131.2150705,122.2141601,9.283512634,2924.320743,-3456.93833,533.8184208,LL
-140.9367082,132.6933584,8.523895148,2971.639446,-3338.997993,368.5466107,LL
-150.5195865,143.0420801,7.756103289,3016.011722,-3217.739918,202.9096425,LL
-159.9545854,153.2505278,6.980848142,3057.418209,-3093.32295,37.07634582,LL
-169.2320645,163.3081806,6.198918679,3095.793653,-2965.831478,-128.7952457,LL
-178.3432328,173.2054844,5.411006088,3131.123698,-2835.430027,-294.5365403,LL
-187.2787752,182.9322366,4.6179129,3163.349674,-2702.209673,-459.9894427,LL
-196.0301957,192.4792363,3.820377411,3192.463228,-2566.339303,-624.9854079,LL
-204.5884979,201.8366794,3.019254791,3218.412856,-2427.915697,-789.3664712,LL
-212.945527,210.9957452,2.215316316,3241.196148,-2287.111801,-952.9649714,LL
-221.0926928,219.9470114,1.409412782,3260.768191,-2144.030232,-1115.624399,LL
-229.0222749,228.6820144,0.602285485,3277.131927,-1998.848171,-1277.179317,LL
-236.7261494,237.1917219,-0.205249447,3290.248836,-1851.673783,-1437.475584,LL
-244.1970414,245.4680831,-1.012462998,3300.127602,-1702.687646,-1596.350318,LL
-251.4272709,253.5025426,-1.818524147,3306.736803,-1552.002235,-1753.651725,LL
-258.4099898,261.2875445,-2.622670351,3310.091486,-1399.800403,-1909.219537,LL
-265.1379771,268.8150565,-3.424044603,3310.167483,-1246.198222,-2062.904805,LL
-271.604867,276.078022,-4.221881496,3306.985865,-1091.380615,-2214.550858,LL
-277.8039739,283.0689125,-5.015350315,3300.529123,-935.4672422,-2364.012798,LL
-283.7294788,289.7811619,-5.803724056,3290.823936,-778.6449448,-2511.138575,LL
-289.3752599,296.2077706,-6.586204805,3277.859431,-621.0363471,-2655.787934,LL
-294.7360379,302.3427217,-7.362075679,3261.668289,-462.8292089,-2797.813617,LL
-299.8062337,308.1796144,-8.130530554,3242.246754,-304.1479657,-2937.080057,LL
-304.5811022,313.7130341,-8.890837879,3219.633769,-145.1803936,-3073.445051,LL
-309.0556327,318.9371974,-9.642191492,3193.832525,13.9477908,-3206.778372,LL
-313.2256672,323.8472821,-10.38388107,3164.88774,173.0489822,-3336.94383,LL
-317.0868199,328.4381057,-11.1151413,3132.80901,331.9963691,-3463.81752,LL
-320.6355558,332.7054403,-11.83530452,3097.646547,490.6029326,-3587.269971,LL
-323.8681185,336.644735,-12.54363751,3059.416399,648.7415726,-3707.183937,LL
-326.7815786,340.2524066,-13.23948563,3018.17456,806.2268645,-3823.436756,LL
-329.3727919,343.5245837,-13.92211922,2973.943751,962.9324139,-3935.917958,LL
-331.6394369,346.4583538,-14.59088912,2926.785698,1118.675087,-4044.512064,LL
-333.5790085,349.0505225,-15.24508799,2876.729405,1273.329601,-4149.116054,LL
-335.1898343,351.2988306,-15.88410545,2823.841794,1426.715337,-4249.622442,LL
-336.4700818,353.2007473,-16.50728377,2768.157682,1578.708467,-4345.936362,LL
-337.4187384,354.7546731,-17.11405729,2709.748985,1729.131459,-4437.958739,LL
-338.0346318,355.9587687,-17.70380155,2648.656363,1877.862796,-4525.60301,LL
-338.3173869,356.8121296,-18.27597043,2584.956853,2024.72895,-4608.77855,LL
-338.2664765,357.3136319,-18.82995677,2518.696925,2169.61151,-4687.407259,LL
-337.8821678,357.4630687,-19.36523838,2449.958452,2312.341467,-4761.407352,LL
-337.1645999,357.2600151,-19.88124764,2378.793203,2452.80385,-4830.70977,LL
-336.1147059,356.7049399,-20.3775125,2305.287357,2590.834436,-4895.242162,LL
-334.7333022,355.7981048,-20.85351938,2229.497575,2726.322132,-4954.944925,LL
-333.0219789,354.5406603,-21.30884208,2151.514168,2859.108133,-5009.755314,LL
-330.9822053,352.9335723,-21.743003,2071.398646,2989.08602,-5059.623189,LL
-328.6162034,350.9786897,-22.15560357,1989.245394,3116.103156,-5104.495405,LL
-325.9260815,348.677685,-22.54619663,1905.120532,3240.058397,-5144.331433,LL
-322.9146948,346.0330896,-22.91442229,1819.122084,3360.805639,-5179.088052,LL
-319.5848001,343.0472563,-23.25988444,1731.320218,3478.249282,-5208.734748,LL
-315.9398914,339.7233743,-23.58227935,1641.816097,3592.250046,-5233.238563,LL
-311.9833655,336.0644631,-23.8812663,1550.683578,3702.718344,-5252.579153,LL
-307.7193312,332.0743694,-24.15658785,1458.026776,3809.522311,-5266.733787,LL
-303.1517931,327.7567837,-24.4079426,1363.923088,3912.579035,-5275.692179,LL
-298.2854478,323.1162083,-24.63510856,1268.479365,4011.76462,-5279.441765,LL
-293.1248918,318.1569882,-24.83782532,1171.776156,4107.003232,-5277.982401,LL
-287.6754036,312.8842526,-25.01591949,1073.922532,4198.179182,-5271.311878,LL
-281.9421682,307.3029677,-25.16918771,975.0016363,4285.223929,-5259.440385,LL
-275.931034,301.4188618,-25.29751433,875.124299,4368.030261,-5242.376153,LL
-269.6477497,295.2375052,-25.40075031,774.3759248,4446.537352,-5220.139625,LL
-263.0986995,288.7652159,-25.4788261,672.8688789,4520.646949,-5192.749273,LL
-256.2901594,282.0081582,-25.53163472,570.6905799,4590.306423,-5160.235578,LL
-249.2290198,274.973221,-25.55914797,467.9545917,4655.426825,-5122.627113,LL
-241.9220638,267.6671317,-25.56130659,364.7498702,4715.963946,-5079.964369,LL
-234.3766736,260.0973121,-25.53813578,261.1906412,4771.838257,-5032.286038,LL
-226.6001218,252.2710151,-25.48963435,157.3668738,4823.014116,-4979.642594,LL
-218.6002563,244.1961648,-25.41588321,53.39304289,4869.421625,-4922.082695,LL
-210.3848035,235.8805164,-25.31693251,-50.64018992,4911.03402,-4859.666525,LL
-201.9620357,227.332477,-25.19290785,-154.6183685,4947.791357,-4792.452372,LL
-193.340094,218.5602804,-25.04390258,-258.4504619,4979.676031,-4720.50982,LL
-184.5276432,209.5727842,-24.87008658,-362.0224416,5006.638192,-4643.906553,LL
-175.5332135,200.3786604,-24.6716032,-465.2434121,5028.669451,-4562.721384,LL
-166.3658384,190.9871734,-24.44867563,-568.0002855,5045.730054,-4477.03123,LL
-157.0344084,181.4073925,-24.20150211,-670.2027706,5057.820885,-4386.923896,LL
-147.548289,171.6489552,-23.9303566,-771.7390872,5064.912392,-4292.485181,LL
-137.9166874,161.721299,-23.63548387,-872.5198594,5067.014898,-4193.811458,LL
-128.149257,151.6344053,-23.31719954,-972.4349123,5064.109188,-4090.996962,LL
-118.2554813,141.3980451,-22.9757903,-1071.396151,5056.215098,-3984.14623,LL
-108.2452669,131.0225021,-22.61161539,-1169.295437,5043.323704,-3873.36159,LL
-98.12834298,120.5178345,-22.22500944,-1266.04644,5025.464262,-3758.755433,LL
-87.91483744,109.8945818,-21.81638056,-1361.543515,5002.638026,-3640.437844,LL
-77.61468774,99.16304676,-21.3861117,-1455.702498,4974.883613,-3518.52865,LL
-67.23820001,88.33398797,-20.93465442,-1548.420554,4942.212431,-3393.145189,LL
-56.79547335,77.41791841,-20.46243157,-1639.615981,4904.672461,-3264.414186,LL
-46.2969469,66.42577889,-19.96993141,-1729.189061,4862.285203,-3132.459697,LL
-35.75284065,55.36825057,-19.45761464,-1817.060919,4815.107883,-2997.414859,LL
-25.17369057,44.25640979,-18.92600877,-1903.135363,4763.171882,-2859.410006,LL
-14.56980263,33.10105692,-18.37561648,-1987.336774,4706.543438,-2718.584242,LL
-3.951772328,21.91335717,-17.80700622,-2069.572859,4645.263585,-2575.07369,LL
6.67005052,10.70418764,-17.22071969,-2149.771579,4579.407394,-2429.022874,LL
17.28505669,-0.515236368,-16.6173596,-2227.844807,4509.02538,-2280.573097,LL
27.88289909,-11.73399952,-15.99749927,-2303.72435,4434.201278,-2129.873681,LL
38.45299849,-22.94087758,-15.36177095,-2377.32653,4354.994844,-1977.070518,LL
48.98505023,-34.12496245,-14.71077894,-2448.58733,4271.498185,-1822.317176,LL
59.46854175,-45.27506906,-14.04518715,-2517.427871,4183.779944,-1665.763602,LL
69.8932478,-56.38034452,-13.36563263,-2583.788651,4091.94025,-1507.567064,LL
80.24876218,-67.4296877,-12.67280967,-2647.595874,3996.05629,-1347.880975,LL
90.5249822,-78.41234211,-11.96738317,-2708.794797,3896.23591,-1186.865663,LL
100.7116528,-89.31732952,-11.25007096,-2767.316906,3792.564527,-1024.677334,LL
110.7988376,-100.1340296,-10.52155976,-2823.112434,3685.157378,-861.478719,LL
120.7764728,-110.8516293,-9.782587838,-2876.118385,3574.107714,-697.4281927,LL
130.6348256,-121.4596898,-9.033863568,-2926.290231,3459.53773,-532.6902894,LL
140.3640591,-131.9476091,-8.276146642,-2973.570754,3341.548042,-367.4249609,LL
149.9546801,-142.3051738,-7.510166629,-3017.920904,3220.267348,-201.797935,LL
159.3971174,-152.5220339,-6.736701329,-3059.289421,3095.803187,-35.97008967,LL
168.6821584,-162.5882398,-5.956495766,-3097.642887,2968.290343,129.8923326,LL
177.800538,-172.4937305,-5.170339591,-3132.936132,2837.842835,295.6282118,LL
186.7433627,-182.2288581,-4.378988627,-3165.141516,2704.601074,461.0714529,LL
195.5017087,-191.7838908,-3.583242294,-3194.22012,2568.685039,626.0613262,LL
204.0670343,-201.149524,-2.783866919,-3220.150257,2430.240234,790.4324944,LL
212.4307891,-210.3163953,-1.981671327,-3242.899412,2289.392044,954.0252318,LL
220.5848164,-219.2755819,-1.177430167,-3262.451978,2146.290529,1116.675593,LL
228.5209738,-228.0181258,-0.371957217,-3278.781921,2001.065955,1278.225514,LL
236.2315249,-236.5355191,0.433970303,-3291.879775,1853.872429,1438.51311,LL
243.7087693,-244.819241,1.239538944,-3301.726037,1704.844556,1597.382639,LL
250.9454221,-252.861232,2.043972391,-3308.317444,1554.139935,1754.674906,LL
257.9342531,-260.6534434,2.846459066,-3311.641093,1401.896911,1910.237095,LL
264.6684559,-268.1882988,3.646224332,-3311.699998,1248.275969,2063.91329,LL
271.1412969,-275.4582543,4.442460011,-3308.487893,1093.418584,2215.554196,LL
277.3464756,-282.456247,5.234396421,-3302.014082,937.4875432,2365.007787,LL
283.2777832,-289.1752654,6.021233593,-3292.27891,780.6268705,2512.128909,LL
288.9294522,-295.6087863,6.802211985,-3279.297939,623.0010831,2656.77004,LL
294.2958235,-301.7503569,7.576544017,-3263.078086,464.7561513,2798.790763,LL
299.3716856,-307.5940201,8.343482839,-3243.641141,306.0577089,2938.048622,LL
304.1519494,-313.1339085,9.102254593,-3221.000562,147.0530325,3074.40848,LL
308.6319784,-318.3646572,9.852126413,-3195.184329,-12.09175927,3207.733481,LL
312.8072727,-323.2810074,10.59234049,-3166.212367,-171.2287129,3337.894303,LL
316.6737903,-327.8782071,11.32218168,-3134.11875,-330.1918276,3464.760234,LL
320.2276393,-332.1516247,12.04091278,-3098.929745,-488.8330784,3588.208304,LL
323.4653898,-336.0971392,12.74784064,-3060.685396,-646.9871816,3708.114467,LL
326.3837737,-339.7107637,13.44225175,-3019.418184,-804.5066626,3824.362604,LL
328.9799859,-342.9890258,14.12347684,-2975.173998,-961.22758,3936.835801,LL
331.2513927,-345.9286,14.79082738,-2927.9914,-1117.003649,4045.425242,LL
333.1958248,-348.5266776,15.44365959,-2877.92198,-1271.67289,4150.021582,LL
334.811293,-350.7806076,16.08131261,-2825.010202,-1425.090822,4250.523747,LL
336.0962733,-352.6882551,16.70317184,-2769.313163,-1577.098016,4346.830403,LL
337.0494299,-354.2476523,17.3086079,-2710.881017,-1727.552386,4438.848639,LL
337.6698913,-355.4573465,17.89703856,-2649.776155,-1876.297639,4526.485528,LL
337.9569799,-356.3160606,18.46786811,-2586.054206,-2023.194684,4609.656694,LL
337.9104791,-356.8230312,19.02054803,-2519.782645,-2168.09096,4688.277964,LL
337.5303711,-356.9776776,19.55451742,-2451.022348,-2310.850968,4762.273826,LL
336.8170949,-356.7799298,20.06926323,-2379.845632,-2451.32645,4831.569176,LL
335.7712922,-356.2299048,20.56426201,-2306.318351,-2589.38606,4896.097682,LL
334.3940576,-355.3282256,21.03903928,-2230.51739,-2724.886383,4955.79361,LL
332.6866906,-354.0757055,21.49311189,-2152.51329,-2857.70077,5010.600087,LL
330.6509372,-352.4736577,21.92604608,-2072.387217,-2987.69118,5060.461002,LL
328.2887485,-350.523589,22.33740034,-1990.21411,-3114.736198,5105.329166,LL
325.6025148,-348.2274991,22.72678244,-1906.079125,-3238.703681,5145.158293,LL
322.5948304,-345.5875824,23.09379349,-1820.061294,-3359.477969,5179.911065,LL
319.2687201,-342.6065178,23.43808441,-1732.249445,-3476.933306,5209.551198,LL
315.6274115,-339.2871776,23.75930104,-1642.726362,-3590.960264,5234.051404,LL
311.6745535,-335.6329087,24.05713974,-1551.584203,-3701.439933,5253.385548,LL
307.4139943,-331.6472492,24.33129291,-1458.909155,-3808.269574,5267.536497,LL
302.8499927,-327.3342014,24.58150343,-1364.796364,-3911.337562,5276.488352,LL
297.9870014,-322.6979556,24.80751078,-1269.335071,-4010.54829,5280.234204,LL
292.8298715,-317.7431544,25.00910476,-1172.623056,-4105.797841,5278.768439,LL
287.3836425,-312.474624,25.1860726,-1074.752249,-4196.998146,5272.094402,LL
281.6537391,-306.8976292,25.33825213,-975.8226936,-4284.053376,5260.216781,LL
275.6457678,-301.0176118,25.46547972,-875.9286199,-4366.883367,5243.14918,LL
269.3657066,-294.8404378,25.56764251,-775.1719506,-4445.400722,5220.906568,LL
262.8197068,-288.3721427,25.6446268,-673.6488271,-4519.533525,5193.512763,LL
256.0142757,-281.6191712,25.69636918,-571.4626679,-4589.203132,5160.992945,LL
248.9560846,-274.5881292,25.72280567,-468.7111386,-4654.346194,5123.38105,LL
241.6521443,-267.2860151,25.72392222,-365.4987653,-4714.89311,5080.712358,LL
234.1096191,-259.7199788,25.69970471,-261.9243377,-4770.789369,5033.030799,LL
226.3359965,-251.897545,25.65018891,-158.0930865,-4821.974662,4980.381611,LL
218.3389059,-243.8263785,25.57541111,-54.10451501,-4868.403551,4922.818556,LL
210.1262822,-235.5145003,25.47545713,49.93584596,-4910.025224,4860.396647,LL
201.7061899,-226.9700599,25.35041342,153.928185,-4946.803522,4793.179275,LL
193.0869797,-218.2015436,25.20041515,257.7670692,-4978.697316,4721.230996,LL
184.2771183,-209.2175535,25.02559809,361.3527809,-5005.679893,4644.624582,LL
175.2853395,-200.0270084,24.82614609,464.5803857,-5027.71995,4563.433871,LL
166.1204792,-190.6389284,24.60224376,567.3506686,-5044.800346,4477.740735,LL
156.7916198,-181.0626294,24.35412337,669.5595998,-5056.899699,4387.628,LL
147.3079317,-171.3075137,24.08201796,771.1088751,-5064.010526,4293.186329,LL
137.6788109,-161.3832574,23.78620744,871.8957687,-5066.121432,4194.5072,LL
127.9137252,-151.2996076,23.46697214,971.8232848,-5063.23464,4091.689713,LL
118.022347,-141.0665635,23.12463818,1070.790391,-5055.34877,3984.833631,LL
108.014404,-130.6941785,22.75953175,1168.70179,-5042.475771,3874.0461,LL
97.89980676,-120.1927352,22.37202391,1265.458529,-5024.624259,3759.434764,LL
87.68850453,-109.5725538,21.96248557,1360.967403,-5001.815881,3641.114407,LL
77.39060743,-98.84415944,21.53133166,1455.131923,-4974.069193,3519.200126,LL
67.01624703,-88.01809757,21.07897653,1547.861352,-4941.415466,3393.813897,LL
56.57569324,-77.10509509,20.60587732,1639.062035,-4903.883109,3265.077808,LL
46.0792196,-66.11588095,20.11248991,1728.646072,-4861.512916,3133.120551,LL
35.53721515,-55.06134179,19.59931164,1816.522996,-4814.343019,2998.070712,LL
24.96005455,-43.95234782,19.06683791,1902.608102,-4762.423593,2860.063197,LL
14.35820519,-32.79990257,18.51560441,1986.814458,-4705.802327,2719.232577,LL
3.742102003,-21.61497417,17.94614431,2069.060896,-4644.538591,2575.719449,LL
-6.877750197,-10.40863952,17.35902981,2149.264361,-4578.689423,2429.663835,LL
-17.49089743,0.808078834,16.75482979,2227.347554,-4508.323172,2281.211474,LL
-28.08683893,12.02407405,16.13415063,2303.231609,-4433.505982,2130.507278,LL
-38.65514326,23.22831264,15.49759441,2376.843408,-4354.314931,1977.701558,LL
-49.18535519,34.40970127,14.84579916,2448.108577,-4270.824996,1822.943535,LL
-59.66710718,45.55723922,14.17939769,2516.958475,-4183.121693,1666.387504,LL
-70.09003052,56.65989039,13.49905734,2583.323506,-4091.28852,1508.186403,LL
-80.4438624,67.70673059,12.80543932,2647.139788,-3995.419109,1348.49791,LL
-90.71836129,78.68682454,12.09923785,2708.342771,-3895.60513,1187.478073,LL
-100.9034097,89.5893678,11.38113987,2766.873594,-3791.947973,1025.287337,LL
-110.9889339,100.4035688,10.6518636,2822.672996,-3684.547112,862.0842323,LL
-120.9650018,111.1187854,9.912118793,2875.687372,-3573.51131,698.0313441,LL
-130.821747,121.7244121,9.162644818,2925.86298,-3458.947437,533.2890531,LL
-140.5494624,132.2100114,8.404171423,2973.15169,-3340.971214,368.021449,LL
-150.1385277,142.5652055,7.63745637,3017.505482,-3219.696469,202.3901256,LL
-159.5794988,152.7798031,6.863246648,3058.881904,-3095.245438,36.56003749,LL
-168.8630392,162.843695,6.082315521,3097.238841,-2967.738444,-129.3066516,LL
-177.9800055,172.7469764,5.295424165,3132.539689,-2837.303766,-295.0447684,LL
-186.9213819,182.4798465,4.503358193,3164.748398,-2704.067739,-460.4922269,LL
-195.6783617,192.0327257,3.706889805,3193.834362,-2568.164192,-625.4842819,LL
-204.2422856,201.3961603,2.906813878,3219.76773,-2429.724962,-789.8595713,LL
-212.6047184,210.5609342,2.103910625,3242.524023,-2288.888911,-953.4544213,LL
-220.757391,219.5179776,1.298981219,3262.079704,-2145.792842,-1116.108835,LL
-228.6922732,228.2584747,0.492810862,3278.416523,-2000.580114,-1277.660848,LL
-236.4015185,236.7737756,-0.313796107,3291.517343,-1853.391946,-1437.952467,LL
-243.8775336,245.0554992,-1.12005272,3301.37022,-1704.375638,-1596.824072,LL
-251.1129258,253.0954495,-1.925154717,3307.96448,-1553.676261,-1754.120303,LL
-258.1005684,260.8857134,-2.728316574,3311.294535,-1401.444485,-1909.684509,LL
-264.8335519,268.4185808,-3.528737228,3311.356209,-1247.828649,-2063.364582,LL
-271.3052444,275.6866381,-4.325635645,3308.150303,-1092.982206,-2215.007453,LL
-277.5092464,282.6826918,-5.118216988,3301.67915,-937.0561684,-2364.46487,LL
-283.4394471,289.399857,-5.905707791,3291.949939,-780.2061779,-2511.587942,LL
-289.0899822,295.8314848,-6.687322581,3278.971501,-622.5853121,-2656.232865,LL
-294.4552865,301.9712465,-7.462298635,3262.757387,-464.3507977,-2798.255512,LL
-299.5300538,307.8130638,-8.229862987,3243.322886,-305.6571673,-2937.5171,LL
-304.3092865,313.3511891,-8.989266721,3220.687861,-146.6626192,-3073.878826,LL
-308.7882577,318.5801389,-9.739752345,3194.873996,12.47747715,-3207.207482,LL
-312.9625568,323.4947695,-10.48058766,3165.907394,171.604569,-3337.370133,LL
-316.8280545,328.0902136,-11.21103355,3133.816042,330.5630723,-3464.239677,LL
-320.3809452,332.3619519,-11.93037746,3098.632185,489.1946975,-3587.689562,LL
-323.6177134,336.3057526,-12.63790156,3060.389999,647.3442666,-3707.5993,LL
-326.5351733,339.9177383,-13.33291586,3019.127745,804.8543699,-3823.84922,LL
-329.1304373,343.1943293,-14.0147267,2974.885651,961.5708549,-3936.325929,LL
-331.4009519,346.1323058,-14.68266936,2927.707844,1117.337806,-4044.917101,LL
-333.3444689,348.7287541,-15.33607699,2877.640446,1272.002712,-4149.516892,LL
-334.9590771,350.9811248,-15.97431278,2824.733279,1425.41176,-4250.020761,LL
-336.2431762,352.8871817,-16.59673924,2769.038171,1577.41469,-4346.330831,LL
-337.1955051,354.4450559,-17.20275002,2710.610448,1727.860393,-4438.350753,LL
-337.8151179,355.6531975,-17.79173953,2649.507435,1876.601456,-4525.991014,LL
-338.1014085,356.5104255,-18.36313439,2585.789747,2023.490064,-4609.163832,LL
-338.0540892,357.0158821,-18.91636326,2519.519976,2168.382242,-4687.788413,LL
-337.6732114,357.1690791,-19.45088797,2450.763788,2311.134045,-4761.785883,LL
-336.9591462,356.9698543,-19.96617365,2379.588796,2451.605507,-4831.084495,LL
-335.9126025,356.4184142,-20.46171943,2306.065459,2589.657121,-4895.614586,LL
-334.534609,355.5152927,-20.93702899,2230.266143,2725.153487,-4955.313741,LL
-332.8265291,354.2613903,-21.39164081,2152.265825,2857.960078,-5010.121784,LL
-330.7900451,352.6579349,-21.82509907,2072.141331,2987.946601,-5059.985882,LL
-328.4271696,350.7065173,-22.2369835,1989.971863,3114.984034,-5104.855575,LL
-325.7402317,348.4090545,-22.62688053,1905.838408,3238.947711,-5144.68783,LL
-322.7318854,345.7678215,-22.99441281,1819.824078,3359.714621,-5179.442097,LL
-319.4050974,342.7854169,-23.3392106,1732.013697,3477.166218,-5209.085314,LL
-315.7631525,339.464791,-23.66094092,1642.493966,3591.185984,-5233.586995,LL
-311.8096432,335.8092134,-23.95927931,1551.35321,3701.66197,-5252.92419,LL
-307.5484722,331.8222981,-24.2339386,1458.681373,3808.484603,-5267.076592,LL
-302.9838439,327.5079731,-24.48464084,1364.569933,3911.548974,-5276.031453,LL
-298.1202635,322.8705016,-24.71114581,1269.111724,4010.752888,-5279.778723,LL
-292.9625304,317.9144544,-24.91322319,1172.401016,4105.99889,-5278.315915,LL
-287.5157346,312.6447274,-25.09068064,1074.533167,4197.192564,-5271.643267,LL
-281.7852515,307.0665159,-25.24333631,975.6048641,4284.244301,-5259.768567,LL
-275.7767359,301.1853293,-25.37104652,875.7136156,4367.067831,-5242.702336,LL
-269.4961181,295.0069669,-25.4736786,774.9581446,4445.581744,-5220.462611,LL
-262.9495953,288.5375298,-25.55113818,673.4377233,4519.708256,-5193.070152,LL
-256.1436292,281.7833985,-25.60334224,571.2527207,4589.374483,-5160.553176,LL
-249.0849349,274.7512416,-25.63024615,468.5037818,4654.511428,-5122.942596,LL
-241.7804803,267.4479955,-25.63181683,365.2925256,4715.055023,-5080.276704,LL
-234.2374719,259.8808702,-25.60805953,261.7205729,4770.945329,-5032.596436,LL
-226.4633558,252.0573308,-25.55899123,157.8903916,4822.127349,-4979.950014,LL
-218.4658016,243.9850999,-25.48466706,53.90417743,4868.550437,-4922.388232,LL
-210.2527047,235.6721419,-25.38515399,-50.13515735,4910.168886,-4859.969055,LL
-201.8321673,227.1266618,-25.26055689,-154.1252462,4946.941541,-4792.75293,LL
-193.2125026,218.3570914,-25.11099238,-257.9631382,4978.832165,-4720.807342,LL
-184.4022137,209.372086,-24.93661468,-361.5467001,5005.809257,-4644.202148,LL
-175.4099989,200.1805116,-24.73758961,-464.773348,5027.846193,-4563.01409,LL
-166.2447285,190.7914394,-24.5141201,-567.5415856,5044.92125,-4477.322153,LL
-156.9154516,181.2141349,-24.26642047,-669.7496002,5057.017525,-4387.21204,LL
-147.4313706,171.4580493,-23.99474164,-771.2969335,5064.123155,-4292.771549,LL
-137.8018497,161.5328109,-23.69934557,-872.0829453,5066.231026,-4194.095008,LL
-128.0363872,151.4482136,-23.38053017,-972.0086131,5063.339181,-4091.278678,LL
-118.1446256,141.2142105,-23.03860401,-1070.974865,5055.450325,-3984.425144,LL
-108.1363213,130.8408998,-22.67391086,-1168.884507,5042.572413,-3873.638745,LL
-98.02135689,120.3385199,-22.2868046,-1265.640424,5024.717959,-3759.029924,LL
-87.80970883,109.7174335,-21.87767352,-1361.147635,5001.904799,-3640.710681,LL
-77.5114607,98.98812399,-21.44691542,-1455.311365,4974.155207,-3518.798886,LL
-67.13676939,88.16117745,-20.99496159,-1548.039221,4941.496828,-3393.413752,LL
-56.69587985,77.24728093,-20.52225217,-1639.239142,4903.961608,-3264.680115,LL
-46.19908932,66.25720228,-20.0292598,-1728.821688,4861.586894,-3132.723929,LL
-35.65676367,55.20178997,-19.51646517,-1816.697876,4814.414176,-2997.676508,LL
-25.07929984,44.09195104,-18.98438041,-1902.781572,4762.490356,-2859.670043,LL
-14.4771437,32.93865266,-18.43352486,-1986.987217,4705.866305,-2718.84181,LL
-3.860750846,21.75289799,-17.86444814,-2069.232331,4644.598295,-2575.329715,LL
6.759394046,10.54572958,-17.27770612,-2149.435112,4578.746377,-2429.27646,LL
17.37281799,-0.671796666,-16.67388382,-2227.517059,4508.37597,-2280.825113,LL
27.96903888,-11.88860643,-16.05357145,-2303.400452,4433.556067,-2130.123244,LL
38.53760768,-23.09363472,-15.4173871,-2377.011078,4354.36098,-1977.318516,LL
49.06808619,-34.27581912,-14.76595298,-2448.275606,4270.868368,-1822.562788,LL
59.55009062,-45.42412923,-14.09991782,-2517.124405,4183.161143,-1666.00773,LL
69.97326785,-56.52755815,-13.41993334,-2583.488817,4091.325327,-1507.808896,LL
80.32734034,-67.57515364,-12.72667639,-2647.304075,3995.452101,-1348.121361,LL
90.60208084,-78.55600777,-12.0208256,-2708.506461,3895.635509,-1187.103764,LL
100.7873587,-89.45928968,-11.30308331,-2767.036328,3791.974648,-1024.913966,LL
110.8731128,-100.2742334,-10.57415238,-2822.83515,3684.571208,-861.7130707,LL
120.8493994,-110.9901723,-9.834757843,-2875.848636,3573.531809,-697.6611014,LL
130.7063633,-121.5965249,-9.085623985,-2926.023681,3458.965388,-532.9209907,LL
140.4342869,-132.0828307,-8.327495736,-2973.311567,3340.985671,-367.6542886,LL
150.0235598,-142.4387344,-7.561115901,-3017.664816,3219.708408,-202.0251198,LL
159.4647287,-152.6540232,-6.787246381,-3059.040478,3095.253981,-36.19591793,LL
168.7484661,-162.7186089,-6.006645566,-3097.396889,2967.744497,129.6686433,LL
177.8656205,-172.6225664,-5.220089344,-3132.697038,2837.306523,295.4058917,LL
186.8071837,-182.3561145,-4.428348676,-3164.905234,2704.068037,460.8512506,LL
195.5643423,-191.9096551,-3.632210394,-3193.990557,2568.161292,625.8424552,LL
204.1284431,-201.2737524,-2.832454959,-3219.923427,2429.719629,790.2156714,LL
212.4910455,-210.4391734,-2.02987706,-3242.679139,2288.880473,953.8096864,LL
220.6438853,-219.3968649,-1.225263555,-3262.234337,2145.781997,1116.462051,LL
228.5789281,-228.1379953,-0.419413881,-3278.570632,2000.566254,1278.013245,LL
236.2883314,-236.6539298,0.386881828,-3291.670982,1853.375706,1438.30284,LL
243.7644986,-244.9362731,1.192822519,-3301.523388,1704.356474,1597.173643,LL
251.0000399,-252.9768428,1.997617922,-3308.117189,1553.654744,1754.467876,LL
257.9878266,-260.7677131,2.800468512,-3311.446825,1401.420132,1910.031296,LL
264.7209505,-268.3011862,3.60058703,-3311.508053,1247.801967,2063.709396,LL
271.192779,-275.5698371,4.397178615,-3308.30178,1092.952772,2215.351495,LL
277.3969129,-282.5664831,5.189462142,-3301.830192,937.0244286,2364.806962,LL
283.327242,-289.2842293,5.976650526,-3292.100664,780.1717685,2511.929277,LL
288.9779011,-295.7164363,6.757971876,-3279.121801,622.5486215,2656.572275,LL
294.3433263,-301.8567666,7.532649969,-3262.907418,464.3115198,2798.59418,LL
299.4182099,-307.6991503,8.29992522,-3243.4725,305.6156319,2937.853867,LL
304.1975565,-313.2378323,9.059035311,-3220.837253,146.6185761,3074.214866,LL
308.6766363,-318.4673361,9.809235984,-3195.022981,-12.52375614,3207.541645,LL
312.8510423,-323.3825117,10.54978181,-3166.056202,-171.6532792,3337.703582,LL
316.7166415,-327.9784978,11.27994683,-3133.964453,-330.6139972,3464.57127,LL
320.2696324,-332.2507697,11.99900541,-3098.780462,-489.2479777,3588.020455,LL
323.5064951,-336.1951004,12.70625275,-3060.537886,-647.3997397,3707.92836,LL
326.4240489,-339.8076086,13.40098589,-3019.27554,-804.9121237,3824.177596,LL
329.0194006,-343.084718,14.082524,-2975.033062,-961.6307806,3936.652493,LL
331.290003,-346.0232062,14.75018952,-2927.855206,-1117.39994,4045.242995,LL
333.2336011,-348.6201617,15.4033283,-2877.787431,-1272.066998,4149.840996,LL
334.848291,-350.8730335,16.04129086,-2824.880255,-1425.478186,4250.344207,LL
336.1324649,-352.7795866,16.6634523,-2769.184777,-1577.483249,4346.652508,LL
337.0848698,-354.3379516,17.26919377,-2710.757083,-1727.931021,4438.671786,LL
337.7045514,-355.5465786,17.85792214,-2649.653705,-1876.674197,4526.3103,LL
337.9909127,-356.4042873,18.42905157,-2585.936083,-2023.564808,4609.482487,LL
337.9436563,-356.9102189,18.98202305,-2519.665952,-2168.45908,4688.105341,LL
337.5628437,-357.0638867,19.51628608,-2450.909867,-2311.21282,4762.102194,LL
336.8488358,-356.8651267,20.031318,-2379.734521,-2451.68636,4831.399098,LL
335.8023521,-356.3141478,20.52660579,-2306.211322,-2589.739846,4895.928583,LL
334.4244105,-355.4114812,21.00166522,-2230.411656,-2725.238272,4955.626052,LL
332.7163858,-354.1580307,21.45602273,-2152.411509,-2858.046673,5010.433501,LL
330.6799483,-352.5550203,21.88923447,-2072.28667,-2988.035238,5060.295933,LL
328.3171233,-350.6040454,22.30086822,-1990.117406,-3115.074419,5105.165046,LL
325.630227,-348.3070182,22.69052224,-1905.983609,-3239.040121,5144.995654,LL
322.6219265,-345.6662191,23.05780734,-1819.969515,-3359.80872,5179.749351,LL
319.2951752,-342.6842408,23.40236553,-1732.158796,-3477.262326,5209.39094,LL
315.6532717,-339.36404,23.72385215,-1642.639331,-3591.283723,5233.892064,LL
311.6997943,-335.7088797,24.02195437,-1551.49824,-3701.761701,5253.22765,LL
307.4386606,-331.722381,24.29637341,-1458.826699,-3808.585909,5267.379506,LL
302.8740598,-327.4084644,24.54684284,-1364.714926,-3911.652256,5276.332777,LL
298.0105126,-322.7714012,24.77311096,-1269.257042,-4010.857688,5280.079513,LL
292.8528026,-317.8157538,24.97495882,-1172.546004,-4106.105652,5278.615132,LL
287.406036,-312.5464271,25.15218271,-1074.678508,-4197.30079,5271.941962,LL
281.6755718,-306.968607,25.30461207,-975.7498766,-4284.354474,5260.065707,LL
275.6670817,-301.0878127,25.43209199,-875.8590086,-4367.179414,5242.998965,LL
269.3864788,-294.9098335,25.53450097,-775.1032105,-4445.69526,5220.757703,LL
262.8399779,-288.440781,25.61173351,-673.5831954,-4519.82313,5193.364743,LL
256.0340228,-281.6870248,25.66371764,-571.3978668,-4589.491275,5160.846248,LL
248.975347,-274.6552449,25.69039766,-468.6493595,-4654.629528,5123.235178,LL
241.6708997,-267.3523661,25.69175149,-365.4377787,-4715.175026,5080.567784,LL
234.1279063,-259.7856106,25.66777341,-261.8662822,-4771.066592,5032.887037,LL
226.3537939,-251.9624308,25.61849129,-158.0357773,-4822.250502,4980.239129,LL
218.3562516,-243.8905625,25.54394942,-54.05004286,-4868.674801,4922.676879,LL
210.143155,-235.5779566,25.44422555,49.98961523,-4910.295126,4860.256233,LL
201.7226264,-227.032832,25.31941378,153.9792018,-4947.068945,4793.03965,LL
193.1029586,-218.2636064,25.16964143,257.8174168,-4978.961432,4721.09261,LL
184.2926756,-209.2789497,24.99505203,361.4004542,-5005.939641,4644.486968,LL
175.3004546,-200.087713,24.79582201,464.6274248,-5027.978429,4563.297473,LL
166.1351873,-190.6989828,24.57214372,567.3951165,-5045.054558,4477.605098,LL
156.8059011,-181.1220091,24.32424201,669.6034538,-5057.152671,4387.493565,LL
147.3218204,-171.366259,24.05235729,771.1502208,-5064.259329,4293.052645,LL
137.6922873,-161.4413444,23.75676196,871.9365558,-5066.369026,4194.3747,LL
127.9268226,-151.3570762,23.43774354,971.8616376,-5063.478166,4091.557951,LL
118.0350459,-141.1233904,23.09562089,1070.828214,-5055.591125,3984.703028,LL
108.0267369,-130.7504025,22.7307275,1168.73725,-5042.714156,3873.91622,LL
97.91175479,-120.2483335,22.34342748,1265.493491,-5024.861505,3759.306026,LL
87.70009963,-109.6275638,21.93409891,1361.000078,-5002.049247,3640.986383,LL
77.40183118,-98.89855871,21.50314973,1455.164133,-4974.301446,3519.073228,LL
67.02713051,-88.07192292,21.05100114,1547.891347,-4941.64393,3393.687704,LL
56.58621817,-77.15832467,20.57810331,1639.091595,-4904.110489,3264.952723,LL
46.08941612,-66.16855094,20.08491885,1728.673482,-4861.736598,3132.996156,LL
35.54706528,-55.11343085,19.57193841,1816.549997,-4814.565648,2997.947405,LL
24.96958784,-44.00389118,19.03966419,1902.633018,-4762.642614,2859.940567,LL
14.36740423,-32.8508791,18.48862539,1986.838992,-4706.02032,2719.11102,LL
3.750995781,-21.66541813,17.91936179,2069.083414,-4644.753058,2575.598561,LL
-6.869178751,-10.45853024,17.33243907,2149.286525,-4578.902887,2429.544005,LL
-17.48262018,0.758707755,16.72843245,2227.367765,-4508.533191,2281.092303,LL
-28.07887278,11.97524265,16.10794188,2303.25149,-4433.715025,2130.389147,LL
-38.64746088,23.179988,15.47157573,2376.861395,-4354.520613,1977.584072,LL
-49.17797311,34.36190305,14.81996585,2448.126256,-4271.029728,1822.827071,LL
-59.65999858,45.50993539,14.15375135,2516.974319,-4183.323144,1666.271674,LL
-70.08321143,56.61310036,13.47359353,2583.339066,-4091.489043,1508.071581,LL
-80.43730659,67.66042316,12.78015968,2647.153574,-3995.616425,1348.383716,LL
-90.71208454,78.64101862,12.07413795,2708.356298,-3895.801539,1187.364872,LL
-100.8973866,89.5440328,11.35622117,2766.885401,-3792.141252,1025.174753,LL
-110.9831799,100.358723,10.62712163,2822.684563,-3684.739508,861.9726245,LL
-120.9594922,111.074399,9.887554978,2875.697273,-3573.700651,697.9203412,LL
-130.816497,121.6805031,9.138254822,2925.87266,-3459.135917,533.1790104,LL
-140.5444477,132.1665508,8.379956777,2973.159757,-3341.15671,367.9120022,LL
-150.133763,142.522211,7.61341292,3017.51335,-3219.881124,202.2816261,LL
-159.5749605,152.7372462,6.839375904,3058.888212,-3095.427176,36.45212596,LL
-168.8587417,162.8015932,6.058613316,3097.244969,-2967.919361,-129.4136299,LL
-177.9759259,172.7053017,5.271891865,3132.544307,-2837.481835,-295.1511689,LL
-186.9175344,182.4386158,4.479991635,3164.752852,-2704.245008,-460.5977099,LL
-195.674724,191.9919118,3.683690349,3193.837353,-2568.338682,-625.5891977,LL
-204.2388716,201.3557798,2.883777523,3219.770574,-2429.89867,-789.9635839,LL
-212.6015061,210.5209606,2.081038811,3242.525453,-2289.059904,-953.5578746,LL
-220.7543939,219.4784272,1.276270062,3262.081004,-2145.96307,-1116.211397,LL
-228.6894699,228.2193216,0.470261743,3278.416456,-2000.747689,-1277.762859,LL
-236.3989224,236.7350356,-0.336187092,3291.517163,-1853.558774,-1438.053601,LL
-243.8751239,245.0171471,-1.142284294,3301.368717,-1704.539876,-1596.924664,LL
-251.1107156,253.0575006,-1.947230743,3307.962876,-1553.839771,-1754.220032,LL
-258.0985376,260.848143,-2.750235749,3311.291651,-1401.605466,-1909.783706,LL
-264.831713,268.3814042,-3.550503265,3311.35324,-1247.988917,-2063.462929,LL
-271.3035777,275.6498312,-4.347247198,3308.146097,-1093.140004,-2215.105275,LL
-277.5077641,282.6462694,-5.139677698,3301.674874,-937.2132685,-2364.561853,LL
-283.4381302,289.3637957,-5.927016387,3291.944467,-780.3608641,-2511.684408,LL
-289.0888428,295.7957989,-6.708482716,3278.965971,-622.739317,-2656.328506,LL
-294.4543059,301.935913,-7.483309105,3262.7507,-464.5024459,-2798.350645,LL
-299.529244,307.7780969,-8.250727374,3243.316153,-305.8081499,-2937.611421,LL
-304.3086291,313.3165664,-9.009983786,3220.680011,-146.8113003,-3073.972647,LL
-308.7877643,318.5458742,-9.760325544,3194.866113,12.3294479,-3207.300503,LL
-312.9622096,323.460841,-10.50101575,3165.898431,171.4587886,-3337.462661,LL
-316.827865,328.0566349,-11.23131993,3133.807058,330.4179304,-3464.331415,LL
-320.3808958,332.3287016,-11.95052096,3098.622158,489.051752,-3587.780815,LL
-323.6178155,336.2728437,-12.6579056,3060.379961,647.2019455,-3707.689776,LL
-326.5354099,339.8851502,-13.35277929,3019.116699,804.7141934,-3823.939219,LL
-329.1308193,343.1620747,-14.03445284,2974.874603,961.4312892,-3936.415163,LL
-331.4014629,346.1003645,-14.70225706,2927.695825,1117.200335,-4045.005866,LL
-333.3451194,348.6971385,-15.35552946,2877.628435,1271.86584,-4149.604903,LL
-334.959851,350.9498154,-15.99362886,2824.72033,1425.276935,-4250.108308,LL
-336.2440839,352.8561905,-16.61592213,2769.02524,1577.280451,-4346.417635,LL
-337.1965311,354.4143638,-17.22179863,2710.596612,1727.728153,-4438.437102,LL
-337.8162723,355.6228163,-17.81065705,2649.493625,1876.469791,-4526.076631,LL
-338.1026762,356.4803364,-18.38191972,2585.775063,2023.360351,-4609.249001,LL
-338.05548,356.9860967,-18.93501951,2519.505327,2168.253091,-4687.872861,LL
-337.6747105,357.1395792,-19.46941403,2450.748296,2311.006801,-4761.86989,LL
-336.9607633,356.9406512,-19.98457254,2379.573347,2451.478816,-4831.167791,LL
-335.9143231,356.38949,-20.47999008,2306.049198,2589.532293,-4895.697447,LL
-334.5364427,355.4866585,-20.95517439,2230.249933,2725.029201,-4955.395902,LL
-332.8284618,354.2330287,-21.40965994,2152.248831,2857.837611,-5010.203517,LL
-330.792086,352.6298566,-21.84299489,2072.124395,2987.824665,-5060.066925,LL
-328.4293051,350.6787053,-22.25475499,1989.954172,3114.863875,-5104.936197,LL
-325.7424708,348.3815194,-22.64453058,1905.820781,3238.828073,-5144.767772,LL
-322.7342148,345.7405468,-23.01194037,1819.805723,3359.596718,-5179.521624,LL
-319.4075259,342.7584128,-23.3566185,1731.995415,3477.048827,-5209.16417,LL
-315.765667,339.4380413,-23.67822817,1642.474982,3591.070289,-5233.665444,LL
-311.8122525,335.7827282,-23.97644872,1551.334304,3701.546777,-5253.001978,LL
-307.5511637,331.7960616,-24.2509892,1458.661791,3808.371066,-5267.153977,LL
-302.9866259,327.4819951,-24.50157539,1364.550435,3911.435929,-5276.108188,LL
-298.1231238,322.8447667,-24.72796335,1269.091576,4010.64146,-5279.855062,LL
-292.9654771,317.8889721,-24.92992641,1172.380957,4105.887947,-5278.391612,LL
-287.5187558,312.6194828,-25.10726858,1074.512482,4197.083201,-5271.718575,LL
-281.7883553,307.0415183,-25.25981161,975.5842737,4284.135414,-5259.843241,LL
-275.7799105,301.1605641,-25.38740825,875.6924239,4366.960487,-5242.776627,LL
-269.4993715,294.9824432,-25.48992939,774.9370515,4445.474868,-5220.536278,LL
-262.952916,288.5132332,-25.56727712,673.4160518,4519.602887,-5193.143442,LL
-256.147025,281.7593379,-25.61937192,571.2311521,4589.269574,-5160.625852,LL
-249.0883948,274.7274031,-25.64616564,468.4816574,4654.407991,-5123.0149,LL
-241.7840117,267.4243878,-25.64762866,365.2705085,4714.952037,-5080.348401,LL
-234.241064,259.8574798,-25.62376279,261.6980221,4770.843782,-5032.667767,LL
-226.4670159,252.034166,-25.57458841,157.8679522,4822.026246,-4980.020747,LL
-218.4695193,243.9621476,-25.5001573,53.88122549,4868.45074,-4922.458605,LL
-210.2564871,235.6494101,-25.40053974,-50.15799452,4910.069625,-4860.038839,LL
-201.8360043,227.1041378,-25.27583728,-154.1485755,4946.843653,-4792.82236,LL
-193.2164011,218.3347831,-25.12616984,-257.9863493,4978.734706,-4720.876191,LL
-184.4061638,209.3499809,-24.95168833,-361.5703832,5005.713138,-4644.270647,LL
-175.4140074,200.1586175,-24.75256182,-464.7969097,5027.750498,-4563.082016,LL
-166.2487858,190.7697442,-24.52899002,-567.5655996,5044.826864,-4477.389735,LL
-156.9195642,181.192646,-24.28119045,-669.7734897,5056.923556,-4387.279057,LL
-147.4355293,171.4367549,-24.00941084,-771.3212565,5064.030464,-4292.838227,LL
-137.8060609,161.5117182,-23.7139163,-872.1071414,5066.138746,-4194.161129,LL
-128.0406419,151.4273112,-23.39500162,-972.0332245,5063.248149,-4091.344466,LL
-118.1489298,141.1935054,-23.05297844,-1070.999347,5055.359697,-3984.490383,LL
-108.1406664,130.8203809,-22.68818745,-1168.909386,5042.483005,-3873.703656,LL
-98.02574893,120.3181941,-22.30098558,-1265.665172,5024.62895,-3759.094293,LL
-87.81413931,109.6972898,-21.89175808,-1361.172762,5001.816982,-3640.774727,LL
-77.51593545,98.96816912,-21.46090576,-1455.336359,4974.067782,-3518.862397,LL
-67.14128022,88.14140079,-21.00885693,-1548.064577,4941.410567,-3393.476945,LL
-56.70043242,77.22768902,-20.53605468,-1639.264363,4903.875733,-3264.742781,LL
-46.20367569,66.23778475,-20.0429687,-1728.847257,4861.502156,-3132.786282,LL
-35.66138933,55.1825532,-19.53008258,-1816.723306,4814.329819,-2997.738341,LL
-25.08395707,44.07288495,-18.99790557,-1902.807334,4762.407109,-2859.731567,LL
-14.48183785,32.91976343,-18.44695984,-1987.01284,4705.783434,-2718.902823,LL
-3.865474441,21.73417581,-17.8777922,-2069.258269,4644.516509,-2575.390424,LL
6.754635805,10.52718045,-17.29096133,-2149.460911,4578.664961,-2429.336663,LL
17.36803235,-0.690182301,-16.68704943,-2227.543158,4508.295613,-2280.885017,LL
27.96422078,-11.90682273,-16.0666495,-2303.42641,4433.476076,-2130.182649,LL
38.53276417,-23.11169099,-15.43037685,-2377.037322,4354.282023,-1977.377626,LL
49.06321236,-34.29370967,-14.77885642,-2448.301707,4270.789773,-1822.621407,LL
59.54519329,-45.4418631,-14.11273423,-2517.150778,4183.083558,-1666.066059,LL
69.96834225,-56.54512984,-13.43266468,-2583.515047,4091.248098,-1507.86674,LL
80.32239307,-67.59257194,-12.73932195,-2647.330563,3995.375859,-1348.178919,LL
90.59710728,-78.57326734,-12.03338734,-2708.532806,3895.559619,-1187.160843,LL
100.7823652,-89.47639906,-11.31556051,-2767.062918,3791.899721,-1024.970764,LL
110.868095,-100.2911875,-10.58654694,-2822.861596,3684.496628,-861.7693969,LL
120.8443634,-111.0069793,-9.847069082,-2875.875314,3573.458171,-697.7171505,LL
130.7013048,-121.6131798,-9.097853777,-2926.050214,3458.892093,-532.9765742,LL
140.4292118,-132.0993416,-8.339643388,-2973.338319,3340.913295,-367.7095991,LL
150.0184639,-142.4550965,-7.573183269,-3017.691423,3219.636371,-202.0799709,LL
159.4596179,-152.6702442,-6.799232787,-3059.067293,3095.182842,-36.25050042,LL
168.7433362,-162.7346842,-6.018552842,-3097.423558,2967.673693,129.614514,LL
177.8604771,-172.6385036,-5.23191682,-3132.723903,2837.236595,295.3520269,LL
186.8020229,-182.371909,-4.440098151,-3164.931954,2703.99844,460.7978329,LL
195.5591695,-191.9253143,-3.643881202,-3194.017462,2568.09255,625.7892981,LL
204.1232545,-201.2892719,-2.844048872,-3219.950186,2429.651216,790.1629555,LL
212.4858463,-210.4545604,-2.041393421,-3242.706071,2288.812894,953.757227,LL
220.6386719,-219.4121152,-1.236704115,-3262.261124,2145.714743,1116.410027,LL
228.5737054,-228.1531157,-0.430777995,-3278.597581,2000.499815,1277.961473,LL
236.2830959,-236.6689163,0.375592434,-3291.697786,1853.309588,1438.251498,LL
243.7592553,-244.9511324,1.181608484,-3301.550345,1704.291152,1597.122549,LL
250.9947852,-252.9915709,1.986477549,-3308.144,1553.589739,1754.417207,LL
257.9825652,-260.7823166,2.789402437,-3311.473779,1401.355904,1909.980872,LL
264.7156791,-268.3156612,3.589593579,-3311.534862,1247.738053,2063.65939,LL
271.1875022,-275.58419,4.386258412,-3308.328721,1092.889617,2215.30173,LL
277.3916274,-282.5807103,5.178613536,-3301.856989,936.9615845,2364.75761,LL
283.3219522,-289.2983368,5.965874129,-3292.127584,780.1096656,2511.880162,LL
288.9726038,-295.7304207,6.747266063,-3279.148578,622.4868258,2656.523568,LL
294.3380259,-301.8706337,7.522015349,-3262.934308,464.2504477,2798.545707,LL
299.4129033,-307.7128967,8.289360191,-3243.499248,305.5548639,2937.805796,LL
304.1922477,-313.2514637,9.048540477,-3220.864105,146.5585146,3074.167025,LL
308.6713226,-318.4808493,9.798809766,-3195.049691,-12.58351649,3207.4942,LL
312.8457274,-323.3959123,10.53942481,-3166.083009,-171.7123498,3337.656365,LL
316.7113227,-327.9917826,11.26965747,-3133.991118,-330.6727697,3464.524443,LL
320.2643135,-332.2639441,11.98878429,-3098.807215,-489.306077,3587.973853,LL
323.5011734,-336.2081613,12.69609833,-3060.564498,-647.4575437,3707.882144,LL
326.418728,-339.8205613,13.39089875,-3019.302232,-804.9692705,3824.131599,LL
329.014078,-343.0975595,14.07250262,-2975.059614,-961.6876348,3936.606878,LL
331.2846821,-346.0359416,14.74023449,-2927.88183,-1117.456153,4045.197597,LL
333.2282795,-348.6327881,15.39343812,-2877.813916,-1272.122921,4149.795974,LL
334.8429719,-350.8855559,16.03146609,-2824.906805,-1425.533483,4250.299398,LL
336.1271461,-352.7920023,16.65369148,-2769.211189,-1577.538258,4346.608071,LL
337.0795544,-354.3502653,17.25949746,-2710.783552,-1727.98542,4438.627559,LL
337.6992372,-355.5587877,17.84828888,-2649.680038,-1876.728311,4526.26644,LL
337.9856026,-356.4163964,18.41948191,-2585.962465,-2023.618325,4609.438833,LL
337.9383483,-356.9222254,18.97251557,-2519.692199,-2168.512315,4688.06205,LL
337.5575406,-357.0757952,19.50684133,-2450.936156,-2311.265473,4762.059106,LL
336.8435356,-356.8769347,20.02193457,-2379.760675,-2451.738733,4831.356368,LL
335.7970576,-356.3258597,20.51728421,-2306.237513,-2589.791652,4895.886053,LL
334.4191197,-355.4230946,20.99240409,-2230.437714,-2725.2898,4955.583875,LL
332.7111013,-354.1695497,21.4468226,-2152.437596,-2858.097646,5010.391521,LL
330.6746684,-352.5664428,21.88009396,-2072.312625,-2988.085936,5060.254302,LL
328.3118504,-350.6153754,22.29178787,-1990.143384,-3115.124577,5105.123608,LL
325.6249594,-348.3182535,22.68150069,-1906.009457,-3239.090006,5144.954561,LL
322.6166666,-345.6773636,23.04884512,-1819.99538,-3359.858077,5179.708449,LL
319.2899212,-342.6952926,23.39346129,-1732.184532,-3477.311412,5209.350378,LL
315.648026,-339.3750028,23.71500642,-1642.665079,-3591.332295,5233.85169,LL
311.6945553,-335.7197515,24.01316582,-1551.52386,-3701.810005,5253.187611,LL
307.4334305,-331.7331655,24.28764256,-1458.852324,-3808.63371,5267.339653,LL
302.8688369,-327.4191597,24.53816839,-1364.740425,-3911.699791,5276.293255,LL
298.0052992,-322.7820108,24.76449342,-1269.282541,-4010.904732,5280.040174,LL
292.8475971,-317.826276,24.9663969,-1172.571378,-4106.152432,5278.57612,LL
287.4008405,-312.5568651,25.14367692,-1074.703876,-4197.347092,5271.903129,LL
281.6703848,-306.9789593,25.29616113,-975.775122,-4284.400514,5260.027197,LL
275.6619052,-301.0980825,25.42369641,-875.8842429,-4367.224988,5242.960632,LL
269.3813114,-294.9200192,25.5261595,-775.1283235,-4445.740573,5220.719689,LL
262.8348214,-288.4508857,25.60344663,-673.6082922,-4519.867989,5193.326903,LL
256.028876,-281.6970471,25.65548413,-571.422844,-4589.535875,5160.808723,LL
248.9702115,-274.6651877,25.682218,-468.6743156,-4654.673685,5123.197825,LL
241.6657744,-267.3622281,25.68362446,-365.4626166,-4715.218926,5080.530742,LL
234.1227928,-259.7953945,25.6596995,-261.8910944,-4771.110059,5032.850163,LL
226.3486912,-251.9721354,25.61046929,-158.0604729,-4822.293714,4980.202563,LL
218.3511611,-243.9001905,25.53597981,-54.07470818,-4868.717592,4922.640478,LL
210.1380756,-235.5875068,25.43630715,49.96506486,-4910.337664,4860.220136,LL
201.7175596,-227.042307,25.31154706,153.9546861,-4947.111072,4793.003717,LL
193.0979035,-218.2730052,25.16182522,257.7930144,-4979.003308,4721.056976,LL
184.2876334,-209.2882746,24.9872868,361.3760908,-5005.981116,4644.451495,LL
175.2954245,-200.0969631,24.78810659,464.6031731,-5028.019654,4563.262296,LL
166.1301705,-190.7081604,24.56447859,567.3709079,-5045.095393,4477.57008,LL
156.8008968,-181.1311133,24.31662601,669.5793551,-5057.193258,4387.458838,LL
147.3168297,-171.375292,24.0447909,771.1261692,-5064.299535,4293.018075,LL
137.6873095,-161.4503054,23.74924404,871.9126125,-5066.408986,4194.340418,LL
127.9218588,-151.3659673,23.43027455,971.8377452,-5063.517755,4091.523823,LL
118.0300953,-141.1322108,23.08819972,1070.804428,-5055.630468,3984.669186,LL
108.0218005,-130.7591544,22.72335459,1168.713518,-5042.753139,3873.882528,LL
97.90683203,-120.2570159,22.33610174,1265.469865,-5024.900244,3759.272616,LL
87.69519136,-109.6361789,21.92682078,1360.97651,-5002.087634,3640.953121,LL
77.39693686,-98.90710573,21.49591814,1455.140668,-4974.339591,3519.040245,LL
67.02225094,-88.08040376,21.04381652,1547.867944,-4941.681732,3393.654867,LL
56.58135287,-77.16673872,20.57096459,1639.068293,-4904.14805,3264.920161,LL
46.08456581,-66.17689999,20.07782646,1728.650246,-4861.773826,3132.963738,LL
35.54222955,-55.12171436,19.56489131,1816.52686,-4814.602637,2997.915259,LL
24.96476731,-44.01211083,19.0326628,1902.609949,-4762.679277,2859.908563,LL
14.36259856,-32.85903443,18.48166867,1986.816021,-4706.056746,2719.079284,LL
3.746205528,-21.67351073,17.91245017,2069.060514,-4644.789167,2575.566965,LL
-6.873953878,-10.46655971,17.32557152,2149.263722,-4578.938759,2429.512674,LL
-17.4873797,0.750739912,16.72160939,2227.345036,-4508.568755,2281.061109,LL
-28.08361692,11.96733677,16.10116229,2303.228856,-4433.750354,2130.358215,LL
-38.65218922,23.17214268,15.46484004,2376.838838,-4354.555641,1977.553275,LL
-49.18268583,34.35411855,14.81327305,2448.103791,-4271.064523,1822.796533,LL
-59.66469534,45.50221039,14.14710186,2516.951934,-4183.357646,1666.241269,LL
-70.08789235,56.60543506,13.46698635,2583.316773,-4091.523314,1508.041432,LL
-80.44197139,67.65281633,12.77359523,2647.131363,-3995.650411,1348.353698,LL
-90.71673329,78.6334704,12.06761524,2708.334176,-3895.835295,1187.335106,LL
-100.9020191,89.53654203,11.34974063,2766.863365,-3792.17473,1025.145116,LL
-110.9877962,100.3512898,10.62068227,2822.662614,-3684.772756,861.9432372,LL
-120.9640921,111.0670223,9.881157212,2875.675412,-3573.733629,697.8910806,LL
-130.8210804,121.6731829,9.131897688,2925.850885,-3459.168668,533.1499966,LL
-140.5490146,132.159286,8.373640684,2973.138072,-3341.189198,367.883113,LL
-150.1383133,142.5150017,7.607136916,3017.491749,-3219.913385,202.2529807,LL
-159.5794942,152.7300915,6.833140394,3058.866704,-3095.459182,36.42360324,LL
-168.8632587,162.7944929,6.052417359,3097.223543,-2967.951141,-129.4419116,LL
-177.9804261,172.6982551,5.265735863,3132.522976,-2837.513368,-295.17933,LL
-186.9220178,182.4316226,4.473874658,3164.731601,-2704.276316,-460.6256329,LL
-195.6791906,191.9849714,3.677612796,3193.816199,-2568.369748,-625.617002,LL
-204.243321,201.3488918,2.877738475,3219.749499,-2429.929514,-789.9911528,LL
-212.6059387,210.5141244,2.075038663,3242.504477,-2289.090512,-953.5853268,LL
-220.7588093,219.4716426,1.270307905,3262.060106,-2145.993457,-1116.238617,LL
-228.6938684,228.212588,0.46433797,3278.395658,-2000.777847,-1277.789964,LL
-236.4033037,236.7283527,-0.342073379,3291.49644,-1853.588712,-1438.080475,LL
-243.8794882,245.0105142,-1.148132706,3301.348097,-1704.569592,-1596.951426,LL
-251.1150625,253.0509175,-1.953042167,3307.94233,-1553.869267,-1754.246567,LL
-258.1028673,260.8416092,-2.756009799,3311.27121,-1401.634747,-1909.81013,LL
-264.8360253,268.3749192,-3.55624082,3311.332871,-1248.017979,-2063.489128,LL
-271.3078729,275.6433947,-4.352947873,3308.125834,-1093.168857,-2215.131365,LL
-277.5120418,282.6398809,-5.145342363,3301.654681,-937.241904,-2364.587721,LL
-283.4423907,289.3574548,-5.93264466,3291.924382,-780.3892963,-2511.710168,LL
-289.0930857,295.7895052,-6.714075455,3278.945955,-622.7675328,-2656.354047,LL
-294.4585316,301.9296662,-7.488865932,3262.730794,-464.5304644,-2798.37608,LL
-299.533452,307.7718964,-8.256249139,3243.296314,-305.8359531,-2937.636638,LL
-304.31282,313.310412,-9.015470112,3220.660283,-146.8389119,-3073.99776,LL
-308.7919374,318.5397653,-9.765777272,3194.846449,12.30205049,-3207.325402,LL
-312.9663655,323.4547774,-10.5064325,3165.878881,171.4315772,-3337.487458,LL
-316.8320031,328.050616,-11.23670255,3133.787571,330.3909321,-3464.356,LL
-320.3850167,332.3227273,-11.95586907,3098.602786,489.0249341,-3587.8053,LL
-323.6219186,336.2669134,-12.66322001,3060.36065,647.1753397,-3707.714051,LL
-326.5394957,339.8792637,-13.35805965,3019.097504,804.6877625,-3823.963395,LL
-329.1348873,343.1562313,-14.03969996,2974.855468,961.4050694,-3936.439132,LL
-331.4055137,346.0945643,-14.70747056,2927.676806,1117.174285,-4045.029738,LL
-333.3491523,348.6913808,-15.36071016,2877.609475,1271.84,-4149.62857,LL
-334.9638667,350.9441,-15.99877639,2824.701489,1425.251259,-4250.131879,LL
-336.2480817,352.8505169,-16.62103729,2769.006455,1577.254985,-4346.441004,LL
-337.2005117,354.408732,-17.22688106,2710.577946,1727.702846,-4438.460376,LL
-337.820235,355.6172254,-17.81570753,2649.475015,1876.444692,-4526.099705,LL
-338.1066218,356.4747866,-18.38693789,2585.756573,2023.335406,-4609.271983,LL
-338.0594077,356.9805872,-18.94000616,2519.486891,2168.228354,-4687.895645,LL
-337.678621,357.1341101,-19.47436879,2450.729981,2310.982213,-4761.892583,LL
-336.9646559,356.9352216,-19.98949619,2379.555084,2451.454434,-4831.190288,LL
-335.9181987,356.3841003,-20.48488226,2306.031058,2589.508056,-4895.719855,LL
-334.5403002,355.4813077,-20.96003587,2230.231844,2725.005169,-4955.418116,LL
-332.8323023,354.227717,-21.41449036,2152.230865,2857.813719,-5010.225643,LL
-330.7959086,352.6245831,-21.84779501,2072.106478,2987.800977,-5060.08886,LL
-328.4331108,350.6734704,-22.25952447,1989.936379,3114.840323,-5104.958046,LL
-325.7462586,348.376322,-22.64927015,1905.803036,3238.804724,-5144.789432,LL
-322.7379856,345.7353874,-23.0166497,1819.788103,3359.5735,-5179.543199,LL
-319.4112788,342.7532903,-23.36129832,1731.97784,3477.025811,-5209.185558,LL
-315.7694031,339.4329562,-23.68287813,1642.457534,3591.0474,-5233.686748,LL
-311.8159706,335.7776794,-23.98106956,1551.3169,3701.524089,-5253.023097,LL
-307.554865,331.7910496,-24.25558057,1458.644514,3808.348501,-5267.175015,LL
-302.9903094,327.4770187,-24.50613802,1364.5332,3911.413564,-5276.129042,LL
-298.1267906,322.8398265,-24.7324969,1269.074469,4010.619214,-5279.875836,LL
-292.9691261,317.884067,-24.93443159,1172.363891,4105.8659,-5278.412205,LL
-287.5223881,312.6146133,-25.11174505,1074.495545,4197.061268,-5271.739088,LL
-281.7919698,307.0366833,-25.26426008,975.5673763,4284.11368,-5259.863576,LL
-275.7835085,301.1557642,-25.3918284,875.6756556,4366.938862,-5242.796884,LL
-269.5029517,294.9776772,-25.49432191,774.9203214,4445.453441,-5220.556358,LL
-262.9564797,288.5085018,-25.57164167,673.3994514,4519.581567,-5193.163445,LL
-256.150571,281.7546398,-25.6237092,571.2145884,4589.24845,-5160.64568,LL
-249.0919243,274.7227391,-25.65047532,468.4652241,4654.386969,-5123.034653,LL
-241.7875236,267.4197565,-25.65191143,365.2541104,4714.931211,-5080.367981,LL
-234.2445595,259.852882,-25.62801831,261.6817549,4770.823054,-5032.687273,LL
-226.4704939,252.0296004,-25.57881737,157.8517188,4822.005714,-4980.040082,LL
-218.472981,243.957615,-25.50435936,53.86512356,4868.430302,-4922.477867,LL
-210.2599313,235.6449093,-25.40471559,-50.17406413,4910.049382,-4860.057932,LL
-201.8394322,227.0996694,-25.27998658,-154.1645131,4946.8235,-4792.841381,LL
-193.2198116,218.3303459,-25.13029327,-258.0022561,4978.714747,-4720.895045,LL
-184.4095582,209.3455757,-24.95578555,-361.5861575,5005.693267,-4644.289431,LL
-175.4173844,200.154243,-24.75663351,-464.8126545,5027.730819,-4563.100634,LL
-166.2521468,190.7654011,-24.53303584,-567.5812116,5044.807269,-4477.408285,LL
-156.9229079,181.1883331,-24.28521107,-669.7890736,5056.904152,-4387.297443,LL
-147.438857,171.432473,-24.01340592,-771.3367072,5064.011141,-4292.856546,LL
-137.8093714,161.507466,-23.71788651,-872.1225653,5066.119614,-4194.179285,LL
-128.0439365,151.4230896,-23.39894663,-972.0485149,5063.229095,-4091.362556,LL
-118.1522073,141.189313,-23.05689889,-1071.014612,5055.340833,-3984.508312,LL
-108.1439282,130.8162186,-22.69208302,-1168.924517,5042.464215,-3873.72152,LL
-98.02899355,120.3140604,-22.30485692,-1265.680279,5024.610348,-3759.111999,LL
-87.81736829,109.6931858,-21.89560486,-1361.187735,5001.798451,-3640.792368,LL
-77.51914741,98.96409335,-21.46472862,-1455.351309,4974.049439,-3518.879882,LL
-67.14447664,88.13735424,-21.01265555,-1548.079393,4941.392292,-3393.494367,LL
-56.7036119,77.22367023,-20.53982969,-1639.279157,4903.857646,-3264.760048,LL
-46.20683973,66.23379476,-20.04671978,-1728.861916,4861.484133,-3132.803487,LL
-35.66453651,55.17859052,-19.53381035,-1816.737946,4814.311983,-2997.755393,LL
-25.08708893,44.06895064,-19.00160972,-1902.821838,4762.389335,-2859.748558,LL
-14.48495292,32.91585598,-18.45064099,-1987.027326,4705.765846,-2718.919662,LL
-3.868574298,21.73029631,-17.88145003,-2069.27262,4644.498979,-2575.407203,LL
6.75155264,10.52332739,-17.29459645,-2149.475243,4578.647617,-2429.353292,LL
17.3649643,-0.694007825,-16.69066154,-2227.557355,4508.278325,-2280.901588,LL
27.96116933,-11.91062225,-16.0702392,-2303.440591,4433.458972,-2130.199071,LL
38.52972772,-23.11546337,-15.43394382,-2377.051368,4354.264972,-1977.393991,LL
49.06019242,-34.29745647,-14.78240127,-2448.315738,4270.772905,-1822.637624,LL
59.54218824,-45.44558315,-14.11625664,-2517.164674,4183.06674,-1666.08222,LL
69.96535363,-56.54882472,-13.43616526,-2583.528929,4091.231463,-1507.882755,LL
80.31941923,-67.59624046,-12.74280038,-2647.344309,3995.359271,-1348.19488,LL
90.59414977,-78.5769111,-12.03684421,-2708.546539,3895.543214,-1187.176659,LL
100.7794224,-89.48001685,-11.31899552,-2767.076515,3791.88336,-1024.986527,LL
110.8651683,-100.2947809,-10.58996068,-2822.875182,3684.480449,-861.7850167,LL
120.8414513,-111.0105471,-9.850461233,-2875.888764,3573.442033,-697.7327174,LL
130.6984088,-121.6167236,-9.101224924,-2926.063654,3458.876136,-532.9919997,LL
140.4263303,-132.1028602,-8.342993228,-2973.351623,3340.897378,-367.7249728,LL
150.0155985,-142.4585915,-7.576512377,-3017.704718,3219.620633,-202.0952048,LL
159.4567667,-152.6737143,-6.80254086,-3059.080452,3095.167141,-36.26568344,LL
168.740501,-162.7381311,-6.02184045,-3097.436709,2967.658171,129.5994694,LL
177.8576561,-172.6419259,-5.23518366,-3132.736919,2837.221108,295.3370321,LL
186.7992178,-182.3753085,-4.44334479,-3164.944962,2703.983131,460.7829751,LL
195.5563785,-191.9286897,-3.647107339,-3194.030334,2568.077274,625.7744891,LL
204.1204792,-201.2926248,-2.847255067,-3219.963053,2429.636116,790.1482822,LL
212.483085,-210.4578895,-2.044579376,-3242.718802,2288.797825,953.7426016,LL
220.6359262,-219.4154221,-1.239870385,-3262.273851,2145.699851,1116.395536,LL
228.5709736,-228.1563992,-0.433924282,-3278.610172,2000.484951,1277.947029,LL
236.2803796,-236.672178,0.372465579,-3291.710373,1853.294899,1438.237187,LL
243.7565527,-244.9543709,1.178501357,-3301.562796,1704.276489,1597.108284,LL
250.992098,-252.994788,1.983389605,-3308.15645,1553.575251,1754.403073,LL
257.9798917,-260.7855108,2.78633397,-3311.486093,1401.341439,1909.966783,LL
264.7130209,-268.3188344,3.586544049,-3311.547174,1247.723762,2063.645432,LL
271.1848575,-275.5873407,4.383228111,-3308.340898,1092.875348,2215.287816,LL
277.3889979,-282.5838401,5.175601927,-3301.869166,936.9474886,2364.743824,LL
283.319336,-289.3014445,5.962881507,-3292.139626,780.0955889,2511.86642,LL
288.9700028,-295.7335079,6.744291893,-3279.16062,622.4729219,2656.509953,LL
294.3354381,-301.873699,7.519059923,-3262.946215,464.2365609,2798.532134,LL
299.4103305,-307.7159419,8.286422982,-3243.511156,305.5411492,2937.792349,LL
304.1896881,-313.2544874,9.045621775,-3220.875879,146.544815,3074.15362,LL
308.6687778,-318.4838532,9.795909046,-3195.061468,-12.59704479,3207.48092,LL
312.8431957,-323.3988948,10.53654236,-3166.09465,-171.725865,3337.643125,LL
316.7088058,-327.9947456,11.26679277,-3134.002763,-330.6861142,3464.511328,LL
320.2618095,-332.2668861,11.98593763,-3098.818725,-489.3194104,3587.960777,LL
323.498684,-336.2110842,12.69326919,-3060.576013,-647.4707072,3707.869191,LL
326.4162514,-339.8234634,13.38808743,-3019.313613,-804.9824247,3824.118685,LL
329.011616,-343.1004428,14.0697086,-2975.071001,-961.7006198,3936.594085,LL
331.2822327,-346.0388044,14.73745806,-2927.893082,-1117.469131,4045.184842,LL
333.2258446,-348.6356324,15.39067876,-2877.825175,-1272.13573,4149.78334,LL
334.8405496,-350.88838,16.0287241,-2824.917929,-1425.546286,4250.286801,LL
336.124738,-352.7948081,16.65096635,-2769.222321,-1577.550894,4346.595592,LL
337.0771588,-354.3530512,17.25678947,-2710.79455,-1727.998051,4438.615117,LL
337.6968558,-355.5615557,17.84559753,-2649.691044,-1876.740776,4526.254115,LL
337.9832336,-356.4191447,18.4168075,-2585.973338,-2023.630788,4609.426544,LL
337.9359934,-356.924956,18.96985759,-2519.703081,-2168.524612,4688.049878,LL
337.5551979,-357.0785064,19.50420006,-2450.946905,-2311.277769,4762.046968,LL
336.8412069,-356.8796285,20.01930952,-2379.771435,-2451.750863,4831.344346,LL
335.794741,-356.3285344,20.51467566,-2306.248139,-2589.803783,4895.874066,LL
334.4168169,-355.4257521,20.98981156,-2230.448352,-2725.301767,4955.572002,LL
332.7088105,-354.1721884,21.44424637,-2152.448101,-2858.109616,5010.379681,LL
330.6723914,-352.5690646,21.87753353,-2072.323142,-2988.097741,5060.242575,LL
328.3095853,-350.6179786,22.28924353,-1990.153768,-3115.136387,5105.111914,LL
325.6227079,-348.3208401,22.67897195,-1906.019854,-3239.101652,5144.942979,LL
322.6144268,-345.6799319,23.04633227,-1820.005644,-3359.869729,5179.696899,LL
319.287695,-342.6978444,23.39096386,-1732.194811,-3477.322902,5209.338938,LL
315.6458114,-339.3775365,23.71252467,-1642.675225,-3591.343792,5233.840282,LL
311.6923541,-335.7222691,24.01069928,-1551.534021,-3701.821339,5253.176313,LL
307.4312408,-331.7356652,24.28519151,-1458.862353,-3808.645054,5267.328385,LL
302.8666606,-327.4216435,24.53573236,-1364.75047,-3911.710973,5276.282096,LL
298.0031342,-322.7844771,24.76207268,-1269.292454,-4010.915925,5280.029044,LL
292.8454454,-317.8287266,24.96399098,-1172.581307,-4106.163464,5278.565098,LL
287.3987,-312.5592983,25.1412861,-1074.713674,-4197.358136,5271.892137,LL
281.6682575,-306.9813771,25.29378496,-975.7849373,-4284.411397,5260.016311,LL
275.6597889,-301.1004832,25.42133515,-875.8939272,-4367.235885,5242.949774,LL
269.3792082,-294.9224047,25.52381268,-775.1380258,-4445.751311,5220.708937,LL
262.8327291,-288.4532543,25.60111454,-673.6178639,-4519.878742,5193.316179,LL
256.0267967,-281.6994007,25.6531663,-571.4324343,-4589.546469,5160.798104,LL
248.9681431,-274.6675247,25.67991472,-468.6837757,-4654.684295,5123.187233,LL
241.6637188,-267.3645503,25.68133526,-365.4720962,-4715.229378,5080.520253,LL
234.120748,-259.7977002,25.65742465,-261.900444,-4771.120529,5032.839701,LL
226.346659,-251.9744266,25.60820835,-158.0698428,-4822.304026,4980.192203,LL
218.3491396,-243.9024655,25.53373305,-54.08394836,-4868.727923,4922.630144,LL
210.1360667,-235.5897675,25.43407411,49.95580367,-4910.347838,4860.209904,LL
201.7155613,-227.0445517,25.30932802,153.9455542,-4947.121266,4792.99351,LL
193.0959177,-218.2752358,25.15961974,257.7838608,-4979.013345,4721.04687,LL
184.285658,-209.2904894,24.98509514,361.3670662,-5005.991175,4644.441413,LL
175.2934615,-200.099164,24.78592831,464.594126,-5028.029557,4563.252314,LL
166.1282177,-190.7103458,24.56231396,567.3619894,-5045.105318,4477.560121,LL
156.7989563,-181.133285,24.3144746,669.5704134,-5057.203029,4387.448979,LL
147.3148995,-171.3774483,24.04265296,771.1173557,-5064.30933,4293.008239,LL
137.6853915,-161.4524483,23.74711914,871.9037752,-5066.418626,4194.33068,LL
127.9199508,-151.368095,23.42816296,971.8290358,-5063.52742,4091.514107,LL
118.0281994,-141.1343252,23.08610101,1070.795694,-5055.63998,3984.659567,LL
108.0199146,-130.7612537,22.72126903,1168.704912,-5042.762676,3873.872932,LL
97.90495803,-120.2591023,22.33402889,1265.461233,-5024.909628,3759.263115,LL
87.69332725,-109.6382504,21.92476091,1360.968005,-5002.097046,3640.943642,LL
77.39508458,-98.90916442,21.49387082,1455.132138,-4974.34885,3519.030861,LL
67.02040843,-88.0824478,21.04178201,1547.85954,-4941.691019,3393.645504,LL
56.57952209,-77.16877013,20.56894248,1639.059863,-4904.157186,3264.910893,LL
46.08274469,-66.17891694,20.07581701,1728.641942,-4861.78299,3132.95449,LL
35.54042005,-55.12371887,19.56289409,1816.518529,-4814.61165,2997.906104,LL
24.96296738,-44.01410107,19.03067808,1902.601744,-4762.68832,2859.899427,LL
14.36081014,-32.86101241,18.47969603,1986.807788,-4706.065639,2719.070241,LL
3.744426561,-21.67547462,17.91048987,2069.052407,-4644.798091,2575.557941,LL
-6.875721429,-10.46851153,17.32362315,2149.255587,-4578.947534,2429.503742,LL
-17.48913791,0.748802004,16.71967321,2227.337026,-4508.577562,2281.052195,LL
-28.08536382,11.96541076,16.09923789,2303.220816,-4433.759011,2130.349392,LL
-38.65392688,23.17023039,15.46292767,2376.830923,-4354.564332,1977.54447,LL
-49.18441228,34.35221797,14.8113723,2448.095847,-4271.073065,1822.787818,LL
-59.66641266,45.50032338,14.145213,2516.944114,-4183.366223,1666.232572,LL
-70.08959856,56.60355958,13.46510897,2583.308923,-4091.531743,1508.032824,LL
-80.44366858,67.65095424,12.77172959,2647.123637,-3995.658874,1348.345107,LL
-90.71841947,78.63161967,12.06576093,2708.326419,-3895.843611,1187.326604,LL
-100.9036963,89.53470452,11.34789791,2766.855732,-3792.183082,1025.13663,LL
-110.9894625,100.3494635,10.61885074,2822.65495,-3684.780962,861.934839,LL
-120.9657496,111.065209,9.879337131,2875.667871,-3573.741872,697.8826983,LL
-130.8227272,121.6713806,9.130088654,2925.843311,-3459.176764,533.1417012,LL
-140.5506527,132.1574966,8.371842955,2973.130622,-3341.197332,367.8748329,LL
-150.1399407,142.5132232,7.605350094,3017.484266,-3219.921374,202.2447868,LL
-159.5811129,152.7283257,6.831364736,3058.859343,-3095.46721,36.41542415,LL
-168.8648668,162.7927379,6.050652471,3097.216149,-2967.959024,-129.4500054,LL
-177.9820257,172.6965126,5.263982,3132.515704,-2837.52129,-295.1874093,LL
-186.9236068,182.4298907,4.472131428,3164.724295,-2704.284093,-460.6336277,LL
-195.6807712,191.9832518,3.675880454,3193.809015,-2568.377566,-625.6249829,LL
-204.2448913,201.3471827,2.87601663,3219.742281,-2429.937188,-789.9990499,LL
-212.6075006,210.5124275,2.073327572,3242.49738,-2289.098228,-953.5932104,LL
-220.760361,219.469956,1.268607179,3262.052974,-2146.001029,-1116.246417,LL
-228.6954118,228.2109134,0.462647863,3278.388647,-2000.785461,-1277.797751,LL
-236.4048369,236.7266882,-0.343753253,3291.489394,-1853.596183,-1438.088181,LL
-243.8810132,245.0088617,-1.149802092,3301.341171,-1704.577106,-1596.959119,LL
-251.1165774,253.0492749,-1.954701449,3307.935369,-1553.876639,-1754.254178,LL
-258.1043743,260.8399784,-2.757658724,3311.264368,-1401.642162,-1909.817729,LL
-264.8375222,268.3732982,-3.557879768,3311.325993,-1248.025253,-2063.496646,LL
-271.3093618,275.6417853,-4.354576593,3308.119076,-1093.176175,-2215.138871,LL
-277.5135208,282.6382812,-5.146961233,3301.647886,-937.2490814,-2364.595147,LL
-283.4438619,289.3558666,-5.934253428,3291.917706,-780.3965187,-2511.717583,LL
-289.0945471,295.7879264,-6.715674498,3278.939242,-622.7746149,-2656.361383,LL
-294.4599852,301.9280988,-7.490454999,3262.7242,-464.5375921,-2798.383405,LL
-299.5348959,307.7703383,-8.257828603,3243.289682,-305.8429411,-2937.643885,LL
-304.3142562,313.3088652,-9.017039723,3220.653769,-146.8459462,-3074.004997,LL
-308.793364,318.5382277,-9.767337403,3194.839898,12.29515539,-3207.33256,LL
-312.9677846,323.4532509,-10.5079829,3165.872447,171.4246351,-3337.494606,LL
-316.8334126,328.0490985,-11.23824359,3133.781099,330.3841286,-3464.363071,LL
-320.3864188,332.3212208,-11.95740049,3098.596431,489.018083,-3587.812361,LL
-323.6233111,336.2654158,-12.6647422,3060.354256,647.1686266,-3707.721036,LL
-326.5408809,339.8777769,-13.35957235,3019.091227,804.6810011,-3823.970371,LL
-329.1362632,343.1547534,-14.04120353,2974.849152,961.3984455,-3936.446031,LL
-331.4068822,346.093097,-14.70896476,2927.670606,1117.167612,-4045.036629,LL
-333.3505115,348.6899222,-15.36219534,2877.603235,1271.833464,-4149.635385,LL
-334.9652188,350.9426521,-16.00025232,2824.695365,1425.244674,-4250.138687,LL
-336.2494246,352.8490774,-16.62250432,2769.000291,1577.248536,-4346.447736,LL
-337.2018475,354.4073029,-17.22833895,2710.571898,1727.696347,-4438.467101,LL
-337.8215617,355.6158048,-17.81715663,2649.468927,1876.438328,-4526.106356,LL
-338.1079415,356.4733763,-18.38837797,2585.7506,2023.328992,-4609.278626,LL
-338.0607183,356.9791852,-18.94143756,2519.480876,2168.222075,-4687.902215,LL
-337.6799248,357.1327183,-19.47579128,2450.724081,2310.975883,-4761.899146,LL
-336.9659507,356.933838,-19.99091011,2379.549144,2451.448239,-4831.196778,LL
-335.9194866,356.3827267,-20.48628737,2306.025232,2589.501809,-4895.726338,LL
-334.5415794,355.4799421,-20.96143252,2230.225975,2724.999056,-4955.424527,LL
-332.8335747,354.2263614,-21.41587832,2152.22511,2857.807554,-5010.232048,LL
-330.7971722,352.6232354,-21.84917462,2072.100681,2987.794945,-5060.095193,LL
-328.4343677,350.6721325,-22.26089548,1989.930696,3114.834238,-5104.964373,LL
-325.7475068,348.374992,-22.65063293,1905.79731,3238.798772,-5144.795688,LL
-322.7392273,345.734067,-23.01800399,1819.782491,3359.567495,-5179.549449,LL
-319.4125119,342.7519777,-23.36264447,1731.972185,3477.019938,-5209.191738,LL
-315.7706297,339.4316531,-23.6842159,1642.451991,3591.041473,-5233.692923,LL
-311.8171887,335.7763839,-23.98239929,1551.311314,3701.518294,-5253.029202,LL
-307.5560767,331.7897636,-24.25690202,1458.639041,3808.342652,-5267.181115,LL
-302.9915127,327.4757401,-24.50745154,1364.527683,3911.407847,-5276.135073,LL
-298.1279875,322.8385574,-24.73380224,1269.069064,4010.613441,-5279.881863,LL
-292.9703147,317.8828052,-24.9357291,1172.358442,4105.860258,-5278.418162,LL
-287.5235705,312.6133608,-25.11303449,1074.490207,4197.055571,-5271.745042,LL
-281.7931439,307.035438,-25.26554178,975.561994,4284.108113,-5259.869461,LL
-275.7846764,301.154528,-25.39310212,875.6703842,4366.93324,-5242.802766,LL
-269.5041114,294.9764481,-25.49558799,774.9150055,4445.447949,-5220.562172,LL
-262.9576333,288.5072818,-25.57289988,673.394246,4519.576018,-5193.169256,LL
-256.1517165,281.7534269,-25.62495987,571.2093382,4589.24303,-5160.651423,LL
-249.0930638,274.721535,-25.65171821,468.4600838,4654.381493,-5123.040393,LL
-241.7886551,267.4185594,-25.65314687,365.248925,4714.925864,-5080.373655,LL
-234.245685,259.8516937,-25.62924607,261.6766792,4770.81765,-5032.692945,LL
-226.4716115,252.0284189,-25.58003778,157.8465976,4822.000438,-4980.045687,LL
-218.4740928,243.9564423,-25.50557218,53.86011151,4868.424969,-4922.48347,LL
-210.2610352,235.6437432,-25.40592115,-50.17912187,4910.044176,-4860.063469,LL
-201.8405303,227.098512,-25.28118464,-154.1694622,4946.818237,-4792.846916,LL
-193.2209019,218.3291951,-25.13148416,-258.0072511,4978.709611,-4720.900515,LL
-184.4106428,209.3444334,-24.95696904,-361.5910443,5005.688072,-4644.2949,LL
-175.4184613,200.1531072,-24.75780992,-464.8175875,5027.725751,-4563.106038,LL
-166.253218,190.7642738,-24.53420494,-567.5860367,5044.802142,-4477.413687,LL
-156.9239715,181.1872122,-24.28637318,-669.7939453,5056.899152,-4387.302781,LL
-147.4399151,171.4313604,-24.01456081,-771.3414715,5064.006082,-4292.861883,LL
-137.8104219,161.5063597,-23.7190345,-872.1273764,5066.11468,-4194.18456,LL
-128.0449815,151.4219915,-23.40008748,-972.053219,5063.224101,-4091.367829,LL
-118.1532448,141.1882212,-23.05803294,-1071.019363,5055.335965,-3984.513523,LL
-108.1449603,130.8151349,-22.69321002,-1168.929162,5042.459287,-3873.72673,LL
-98.03001827,120.3129829,-22.30597718,-1265.684971,5024.605545,-3759.117146,LL
-87.81838766,109.6921163,-21.89671817,-1361.192321,5001.793588,-3640.797516,LL
-77.52015944,98.96302988,-21.46583529,-1455.355942,4974.0447,-3518.884967,LL
-67.1454834,88.13629872,-21.01375534,-1548.083921,4941.387493,-3393.499452,LL
-56.7046114,77.22262066,-20.54092292,-1639.283733,4903.85297,-3264.765072,LL
-46.20783403,66.23275304,-20.04780622,-1728.866386,4861.479397,-3132.808511,LL
-35.66552361,55.17755466,-19.53489032,-1816.742464,4814.30737,-2997.760356,LL
-25.0880709,44.06792255,-19.00268298,-1902.826252,4762.384661,-2859.753522,LL
-14.48592778,32.91483366,-18.45170786,-1987.031788,4705.761294,-2718.924565,LL
-3.869544083,21.72928167,-17.88251027,-2069.276977,4644.494366,-2575.412107,LL
6.7505899,10.52231843,-17.29565039,-2149.479649,4578.643126,-2429.358136,LL
17.36400656,-0.695009189,-16.69170892,-2227.561657,4508.273772,-2280.906433,LL
27.96021857,-11.91161803,-16.07128035,-2303.444941,4433.454541,-2130.203857,LL
38.52878189,-23.11645163,-15.43497851,-2377.055615,4354.260479,-1977.398778,LL
49.05925349,-34.29843922,-14.78342981,-2448.320034,4270.768534,-1822.642352,LL
59.54125419,-45.44655848,-14.11727879,-2517.168866,4183.062307,-1666.08695,LL
69.96442641,-56.54979463,-13.43718133,-2583.533171,4091.22715,-1507.887426,LL
80.31849681,-67.59720302,-12.74381015,-2647.348448,3995.354896,-1348.199553,LL
90.59323412,-78.57786832,-12.03784798,-2708.550727,3895.538958,-1187.181274,LL
100.7785114,-89.48096681,-11.31999306,-2767.080601,3791.879042,-1024.991144,LL
110.8642641,-100.2957256,-10.59095229,-2822.879317,3684.476251,-861.7895758,LL
120.8405518,-111.0114846,-9.851446696,-2875.892798,3573.437772,-697.7372789,LL
130.6975159,-121.617656,-9.102204538,-2926.067737,3458.871994,-532.996504,LL
140.425442,-132.1037854,-8.343966764,-2973.355605,3340.893173,-367.7294797,LL
150.0147167,-142.4595116,-7.577480138,-3017.70875,3219.616547,-202.0996549,LL
159.4558896,-152.6746275,-6.803502618,-3059.084383,3095.162991,-36.27013637,LL
168.7396303,-162.7390392,-6.022796505,-3097.44069,2967.65414,129.5950728,LL
177.8567899,-172.6428271,-5.236133786,-3132.740799,2837.217013,295.3326325,LL
186.798358,-182.3762047,-4.444289285,-3164.948893,2703.979153,460.7786314,LL
195.5555232,-191.929579,-3.648045977,-3194.034164,2568.073233,625.7701421,LL
204.1196303,-201.2935093,-2.848188145,-3219.966934,2429.632193,790.1439906,LL
212.4822404,-210.4587672,-2.045506668,-3242.722583,2288.793837,953.7383066,LL
220.6350879,-219.416295,-1.240792188,-3262.277682,2145.695979,1116.391296,LL
228.5701396,-228.1572654,-0.43484037,-3278.613904,2000.481015,1277.942785,LL
236.2795519,-236.6730394,0.371554911,-3291.714156,1853.29108,1438.232998,LL
243.7557292,-244.9552258,1.177596335,-3301.56648,1704.272605,1597.104091,LL
250.9912807,-252.9956382,1.982489934,-3308.160184,1553.571483,1754.398934,LL
257.9790785,-260.7863544,2.785439876,-3311.489729,1401.337607,1909.96264,LL
264.7122139,-268.3196734,3.585655238,-3311.550862,1247.720045,2063.641343,LL
271.1840546,-275.5881732,4.382344809,-3308.344487,1092.871566,2215.283722,LL
277.3882011,-282.5846682,5.174723843,-3301.872806,936.9438219,2364.739784,LL
283.3185433,-289.3022661,5.962008863,-3292.143168,780.0918571,2511.862375,LL
288.969216,-295.7343251,6.743424401,-3279.164214,622.4693046,2656.505961,LL
294.3346554,-301.8745099,7.518197806,-3262.949711,464.2328783,2798.528138,LL
299.4095537,-307.7167484,8.285565951,-3243.514704,305.5375807,2937.788405,LL
304.1889153,-313.2552876,9.044770053,-3220.879329,146.541181,3074.149671,LL
308.6680108,-318.4846491,9.795062346,-3195.06497,-12.60056506,3207.477024,LL
312.8424327,-323.3996845,10.5357009,-3166.098056,-171.7294509,3337.639224,LL
316.7080485,-327.9955311,11.26595628,-3134.006221,-330.6895869,3464.507478,LL
320.2610561,-332.2676655,11.98510631,-3098.822087,-489.3229489,3587.956922,LL
323.4979364,-336.2118593,12.69244277,-3060.579427,-647.4741329,3707.865387,LL
326.4155076,-339.8242325,13.38726613,-3019.31693,-804.9859164,3824.114876,LL
329.0108778,-343.1012078,14.06889214,-2975.07437,-961.7039991,3936.590327,LL
331.2814983,-346.0395634,14.73664665,-2927.896356,-1117.472576,4045.181078,LL
333.2251158,-348.6363873,15.38987213,-2877.828501,-1272.139064,4149.779626,LL
334.8398245,-350.889129,16.02792246,-2824.92116,-1425.549686,4250.283081,LL
336.1240186,-352.7955531,16.65016942,-2769.225604,-1577.554182,4346.591923,LL
337.076443,-354.3537904,17.25599747,-2710.797739,-1728.001406,4438.611442,LL
337.6961455,-355.5622909,17.84481019,-2649.694286,-1876.74402,4526.25049,LL
337.9825268,-356.4198741,18.41602502,-2585.976484,-2023.634098,4609.422913,LL
337.9352921,-356.9256816,18.96907971,-2519.706281,-2168.527811,4688.046296,LL
337.5545002,-357.0792262,19.50342699,-2450.95001,-2311.281035,4762.04338,LL
336.8405146,-356.8803445,20.01854099,-2379.774593,-2451.754019,4831.340807,LL
335.7940522,-356.3292447,20.51391189,-2306.251203,-2589.807006,4895.87052,LL
334.4161335,-355.4264587,20.98905227,-2230.451469,-2725.30488,4955.568505,LL
332.7081305,-354.1728893,21.44349177,-2152.451125,-2858.112796,5010.376178,LL
330.6717167,-352.5697618,21.87678336,-2072.326219,-2988.100812,5060.23912,LL
328.3089139,-350.6186703,22.28849799,-1990.156753,-3115.139525,5105.108452,LL
325.6220418,-348.3215282,22.67823079,-1906.022891,-3239.104681,5144.939565,LL
322.6137641,-345.6806145,23.04559569,-1820.008589,-3359.872825,5179.693478,LL
319.2870375,-342.6985235,23.39023158,-1732.197808,-3477.325889,5209.335565,LL
315.6451571,-339.3782101,23.71179693,-1642.67813,-3591.346847,5233.836902,LL
311.6917051,-335.7229392,24.00997579,-1551.53698,-3701.824286,5253.17298,LL
307.4305949,-331.7363299,24.28447249,-1458.86522,-3808.648068,5267.325044,LL
302.8660199,-327.4223048,24.53501755,-1364.75339,-3911.713879,5276.278802,LL
298.0024966,-322.785133,24.76136229,-1269.295283,-4010.918899,5280.025743,LL
292.8448129,-317.8293791,24.96328474,-1172.58419,-4106.166331,5278.561844,LL
287.3980706,-312.5599456,25.14058423,-1074.716466,-4197.361071,5271.888875,LL
281.6676331,-306.982021,25.29308718,-975.7877822,-4284.414225,5260.013096,LL
275.6591677,-301.1011218,25.42064168,-875.8966814,-4367.23878,5242.946551,LL
269.3785919,-294.9230401,25.52312326,-775.1408336,-4445.754099,5220.70576,LL
262.8321159,-288.4538845,25.60042938,-673.6205813,-4519.881598,5193.312994,LL
256.0261884,-281.7000277,25.65248514,-571.4352055,-4589.549219,5160.794965,LL
248.9675378,-274.6681465,25.67923776,-468.6864568,-4654.687113,5123.184085,LL
241.6631184,-267.365169,25.68066225,-365.4748311,-4715.232091,5080.517151,LL
234.1201505,-259.7983139,25.6567558,-261.9030892,-4771.123309,5032.83659,LL
226.3460663,-251.9750371,25.60754339,-158.0725419,-4822.306701,4980.189138,LL
218.3485498,-243.903071,25.5330722,-54.08655816,-4868.730666,4922.62707,LL
210.1354817,-235.5903699,25.43341711,49.95313995,-4910.350477,4860.206875,LL
201.7149791,-227.0451492,25.30867507,153.9429794,-4947.123972,4792.990472,LL
193.0953402,-218.2758302,25.15897058,257.781232,-4979.015948,4721.043877,LL
184.2850834,-209.2910789,24.98444999,361.364526,-5005.993845,4644.438411,LL
175.2928916,-200.0997506,24.78528692,464.5915318,-5028.032123,4563.249356,LL
166.1276506,-190.7109275,24.56167652,567.3594834,-5045.107952,4477.557155,LL
156.7983938,-181.1338637,24.31384086,669.5678533,-5057.20556,4387.446056,LL
147.3143397,-171.3780223,24.04202313,771.1148835,-5064.311928,4293.005307,LL
137.6848363,-161.4530193,23.74649297,871.9012488,-5066.421122,4194.327792,LL
127.9193983,-151.3686613,23.42754065,971.826597,-5063.529984,4091.51121,LL
118.0276514,-141.1348887,23.08548231,1070.793201,-5055.642441,3984.656713,LL
108.0193693,-130.7618126,22.72065415,1168.702506,-5042.765205,3873.870068,LL
97.90441722,-120.2596583,22.33341757,1265.458773,-5024.912055,3759.260295,LL
87.69278904,-109.6388018,21.92415336,1360.965632,-5002.099541,3640.940812,LL
77.39455083,-98.90971303,21.49326679,1455.12971,-4974.351243,3519.028075,LL
67.01987726,-88.08299184,21.04118171,1547.857199,-4941.69348,3393.642707,LL
56.57899532,-77.16931145,20.56834564,1639.057467,-4904.159546,3264.908139,LL
46.08222046,-66.17945373,20.07522386,1728.639633,-4861.785418,3132.951726,LL
35.53990018,-55.12425297,19.56230436,1816.516165,-4814.613978,2997.903383,LL
24.96245,-44.01463069,19.03009199,1902.599466,-4762.690716,2859.896696,LL
14.36029708,-32.8615394,18.47911333,1986.805456,-4706.067934,2719.067552,LL
3.743915957,-21.67599718,17.90991076,2069.05016,-4644.800455,2575.555241,LL
-6.876227758,-10.46903149,17.32304738,2149.253285,-4578.949796,2429.501084,LL
-17.48964182,0.74828643,16.71910099,2227.33481,-4508.579893,2281.049528,LL
-28.08586349,11.96489774,16.09866897,2303.218546,-4433.761243,2130.346766,LL
-38.65442418,23.16972171,15.46236225,2376.828737,-4354.566632,1977.541834,LL
-49.18490538,34.35171181,14.81081015,2448.093607,-4271.075265,1822.785223,LL
-59.66690341,45.4998215,14.14465431,2516.941958,-4183.368491,1666.229967,LL
-70.09008517,56.60306019,13.46455349,2583.306712,-4091.533912,1508.030259,LL
-80.44415287,67.65045909,12.77117754,2647.121511,-3995.661112,1348.342532,LL
-90.71889966,78.63112696,12.06521205,2708.324239,-3895.84575,1187.32407,LL
-100.9041743,89.53421601,11.34735241,2766.853635,-3792.185289,1025.134085,LL
-110.9899364,100.3489774,10.61830838,2822.652798,-3684.783071,861.9323342,LL
-120.9662212,111.0647271,9.87879811,2875.665803,-3573.744049,697.8801827,LL
-130.8231948,121.670901,9.12955273,2925.841188,-3459.178843,533.1392259,LL
-140.551118,132.1570212,8.371310331,2973.128582,-3341.19948,367.8723467,LL
-150.140402,142.51275,7.604820526,3017.482172,-3219.923424,202.2423405,LL
-159.5815721,152.7278566,6.830838429,3058.857332,-3095.469328,36.41296693,LL
-168.865322,162.792271,6.050129181,3097.214083,-2967.961044,-129.4524229,LL
-177.9824788,172.6960498,5.263461931,3132.51372,-2837.523379,-295.189838,LL
-186.9240561,182.4294301,4.471614338,3164.722257,-2704.286085,-460.6360169,LL
-195.6812183,191.9827953,3.675366547,3193.807059,-2568.379627,-625.6273832,LL
-204.2453345,201.3467283,2.875505665,3219.74027,-2429.939152,-790.0014111,LL
-212.6079418,210.5119771,2.07281975,3242.495451,-2289.10026,-953.5955829,LL
-220.7607983,219.4695077,1.268102261,3262.05099,-2146.002965,-1116.248751,LL
-228.6958471,228.2104691,0.462146052,3278.386745,-2000.787466,-1277.800096,LL
-236.4052684,236.726246,-0.344252197,3291.487437,-1853.598092,-1438.090487,LL
-243.8814427,245.0084233,-1.150297967,3301.339296,-1704.579083,-1596.961437,LL
-251.1170032,253.0488386,-1.955194493,3307.933439,-1553.878521,-1754.256457,LL
-258.1047981,260.839546,-2.758148737,3311.262519,-1401.644112,-1909.82002,LL
-264.8379422,268.3728678,-3.558366986,3311.324089,-1248.027108,-2063.498899,LL
-271.30978,275.6413588,-4.355060815,3308.117252,-1093.178098,-2215.141135,LL
-277.5139353,282.6378566,-5.147442695,3301.646008,-937.2509094,-2364.597373,LL
-283.4442745,289.3554458,-5.934731931,3291.915909,-780.398415,-2511.719821,LL
-289.094956,295.7875077,-6.716150277,3278.93739,-622.7764167,-2656.363583,LL
-294.4603923,301.9276837,-7.490927854,3262.722427,-464.5394622,-2798.385617,LL
-299.5352993,307.7699252,-8.258298768,3243.287855,-305.8447171,-2937.64606,LL
-304.3146578,313.3084557,-9.017507,3220.652022,-146.8477904,-3074.007183,LL
-308.793762,318.5378202,-9.767802023,3194.838096,12.29340486,-3207.33471,LL
-312.9681807,323.452847,-10.50844467,3165.870724,171.4228164,-3337.496768,LL
-316.8338052,328.0486966,-11.23870273,3133.779321,330.3824032,-3464.365196,LL
-320.3868096,332.3208224,-11.95785682,3098.594732,489.0162895,-3587.814497,LL
-323.6236985,336.2650193,-12.66519594,3060.352503,647.1669261,-3707.723135,LL
-326.5412665,339.877384,-13.3600233,3019.089552,804.6792326,-3823.972483,LL
-329.1366453,343.1543623,-14.04165192,2974.847423,961.3967696,-3936.448107,LL
-331.4072626,346.0927094,-14.7094104,2927.668956,1117.165868,-4045.038716,LL
-333.3508885,348.6895364,-15.36263846,2877.60153,1271.831812,-4149.637436,LL
-334.965594,350.9422697,-16.00069272,2824.693738,1425.242954,-4250.14075,LL
-336.2497964,352.8486969,-16.62294223,2768.99861,1577.246908,-4346.449763,LL
-337.2022177,354.4069259,-17.22877417,2710.570294,1727.694651,-4438.469141,LL
-337.8219285,355.6154294,-17.81758939,2649.467268,1876.436724,-4526.10836,LL
-338.1083066,356.4730044,-18.38880808,2585.749019,2023.32732,-4609.280642,LL
-338.0610801,356.978815,-18.94186524,2519.479241,2168.220494,-4687.904195,LL
-337.680285,357.1323514,-19.47621633,2450.722523,2310.974235,-4761.901139,LL
-336.9663076,356.9334728,-19.99133277,2379.547531,2451.446681,-4831.198735,LL
-335.9198419,356.3823649,-20.48670744,2306.023696,2589.500183,-4895.728308,LL
-334.5419314,355.479582,-20.96185023,2230.224385,2724.997521,-4955.426462,LL
-332.8339252,354.2260045,-21.41629346,2152.223596,2857.805951,-5010.233995,LL
-330.7975195,352.6228802,-21.84958743,2072.099113,2987.793433,-5060.097105,LL
-328.4347134,350.6717806,-22.26130576,1989.929204,3114.832658,-5104.966298,LL
-325.7478493,348.3746416,-22.65104089,1905.795764,3238.797282,-5144.797578,LL
-322.7395683,345.7337199,-23.01840945,1819.78102,3359.565937,-5179.551352,LL
-319.4128497,342.7516321,-23.36304766,1731.97066,3477.01847,-5209.193606,LL
-315.770966,339.4313108,-23.68461662,1642.450542,3591.039937,-5233.694804,LL
-311.8175219,335.7760431,-23.98279777,1551.309811,3701.516848,-5253.031049,LL
-307.5564084,331.789426,-24.25729805,1458.637613,3808.341138,-5267.182975,LL
-302.9918413,327.4754041,-24.50784536,1364.526201,3911.406422,-5276.136898,LL
-298.1283147,322.8382244,-24.73419365,1269.067657,4010.611949,-5279.883701,LL
-292.9706388,317.8824738,-24.93611831,1172.35698,4105.858854,-5278.419967,LL
-287.5238931,312.6130325,-25.11342132,1074.488821,4197.0541,-5271.74686,LL
-281.7934635,307.0351111,-25.26592645,975.5605531,4284.10673,-5259.871245,LL
-275.7849946,301.1542042,-25.39348444,875.6690179,4366.93179,-5242.804563,LL
-269.5044266,294.9761258,-25.49596817,774.913585,4445.446586,-5220.563935,LL
-262.9579472,288.5069625,-25.57327773,673.3928997,4519.574588,-5193.171032,LL
-256.1520273,281.753109,-25.62533561,571.2079377,4589.241688,-5160.653166,LL
-249.0933733,274.7212202,-25.65209165,468.4587574,4654.380084,-5123.042149,LL
-241.7889616,267.4182459,-25.65351823,365.2475444,4714.924542,-5080.375378,LL
-234.2459903,259.8513832,-25.62961516,261.6753723,4770.816261,-5032.694681,LL
-226.4719137,252.0281098,-25.58040482,157.8452366,4821.999135,-4980.047391,LL
-218.4743938,243.9561361,-25.50593697,53.85882393,4868.423599,-4922.485187,LL
-210.2613332,235.6434384,-25.40628391,-50.18046348,4910.042893,-4860.065153,LL
-201.8408271,227.0982101,-25.28154519,-154.1707307,4946.816887,-4792.848613,LL
-193.2211958,218.3288945,-25.13184271,-258.0085736,4978.708347,-4720.902179,LL
-184.4109355,209.3441358,-24.9573254,-361.5922939,5005.686742,-4644.296578,LL
-175.4187511,200.1528108,-24.7581643,-464.8188911,5027.724507,-4563.107683,LL
-166.2535066,190.7639803,-24.53455716,-567.5872677,5044.800831,-4477.415346,LL
-156.9242573,181.1869199,-24.28672344,-669.7952302,5056.897926,-4387.304408,LL
-147.4401997,171.4310711,-24.01490894,-771.3426841,5064.004789,-4292.863523,LL
-137.8107036,161.5060716,-23.7193807,-872.1286429,5066.113473,-4194.186167,LL
-128.0452621,151.4217062,-23.40043157,-972.0544134,5063.222828,-4091.36945,LL
-118.1535226,141.187937,-23.05837512,-1071.020612,5055.334776,-3984.515112,LL
-108.1452369,130.8148536,-22.69355011,-1168.930338,5042.458032,-3873.728333,LL
-98.03029213,120.3127028,-22.3063154,-1265.686201,5024.604375,-3759.118717,LL
-87.81866041,109.691839,-21.89705432,-1361.193479,5001.792351,-3640.799101,LL
-77.52042945,98.9627537,-21.46616959,-1455.357154,4974.043548,-3518.88652,LL
-67.14575231,88.1360253,-21.01408761,-1548.085062,4941.386274,-3393.501019,LL
-56.70487759,77.22234837,-20.54125336,-1639.284928,4903.851835,-3264.766608,LL
-46.20809915,66.23248349,-20.04813464,-1728.86751,4861.478196,-3132.810061,LL
-35.66578604,55.17728621,-19.53521694,-1816.743642,4814.306252,-2997.761874,LL
-25.08833227,44.06765681,-19.0030076,-1902.827358,4762.383477,-2859.755054,LL
-14.48618648,32.91456901,-18.4520307,-1987.032948,4705.760194,-2718.926066,LL
-3.869801757,21.72901971,-17.88283114,-2069.278067,4644.4932,-2575.413622,LL
6.750334873,10.52205752,-17.2959695,-2149.480793,4578.642043,-2429.35962,LL
17.36375254,-0.695267434,-16.69202609,-2227.56273,4508.272623,-2280.907931,LL
27.95996717,-11.91187523,-16.07159578,-2303.446068,4433.453475,-2130.205324,LL
38.52853148,-23.1167062,-15.43529202,-2377.056672,4354.259347,-1977.400259,LL
49.05900569,-34.29869277,-14.7837416,-2448.321144,4270.767484,-1822.643803,LL
59.54100735,-45.44680942,-14.11758869,-2517.169907,4183.061191,-1666.088414,LL
69.96418214,-56.55004456,-13.43748954,-2583.534264,4091.226117,-1507.888861,LL
80.31825349,-67.59745038,-12.74411648,-2647.349472,3995.353797,-1348.201001,LL
90.59299336,-78.57811469,-12.03815264,-2708.551805,3895.537942,-1187.182692,LL
100.7782716,-89.48121062,-11.32029586,-2767.08161,3791.87796,-1024.992576,LL
110.8640268,-100.2959684,-10.59125345,-2822.880379,3684.47525,-861.7909778,LL
120.8403154,-111.011725,-9.851746019,-2875.89379,3573.436705,-697.7386948,LL
130.697282,-121.6178954,-9.102502233,-2926.068783,3458.871009,-532.9978902,LL
140.425209,-132.1040223,-8.344262649,-2973.356582,3340.892122,-367.7308799,LL
150.0144862,-142.4597475,-7.577774416,-3017.70978,3219.615577,-202.1010254,LL
159.4556599,-152.6748609,-6.803795107,-3059.085345,3095.161956,-36.27152097,LL
168.7394031,-162.7392717,-6.023087407,-3097.441705,2967.653186,129.5937177,LL
177.8565636,-172.6430572,-5.236422921,-3132.741746,2837.215994,295.3312633,LL
186.7981341,-182.3764339,-4.444576854,-3164.949893,2703.978215,460.7772916,LL
195.5553001,-191.9298058,-3.648331799,-3194.035096,2568.072228,625.7687881,LL
204.1194096,-201.2937352,-2.848472422,-3219.967918,2429.631269,790.1426659,LL
212.4820206,-210.4589906,-2.045789219,-3242.7235,2288.792848,953.7369676,LL
220.6348705,-219.4165176,-1.241073212,-3262.278652,2145.69507,1116.389986,LL
228.569923,-228.1574856,-0.435119689,-3278.614806,2000.480041,1277.941461,LL
236.2793376,-236.6732588,0.371277099,-3291.715111,1853.290186,1438.231702,LL
243.7555157,-244.9554428,1.177320208,-3301.567368,1704.271646,1597.102782,LL
250.9910696,-252.9958544,1.982215294,-3308.161125,1553.570604,1754.397653,LL
257.9788682,-260.7865683,2.785166901,-3311.490603,1401.336662,1909.961345,LL
264.7120059,-268.3198865,3.585383731,-3311.551788,1247.71918,2063.640076,LL
271.1838473,-275.588384,4.382074948,-3308.345347,1092.870636,2215.282442,LL
277.3879961,-282.5848782,5.17445543,-3301.873719,936.9429705,2364.738532,LL
283.3183391,-289.3024738,5.961742077,-3292.144014,780.0909409,2511.861108,LL
288.9690141,-295.734532,6.743159045,-3279.165112,622.4684672,2656.504723,LL
294.3344542,-301.8747145,7.517934057,-3262.950543,464.2319762,2798.526885,LL
299.4093548,-307.7169523,8.285303614,-3243.515589,305.5367571,2937.787181,LL
304.188717,-313.2554892,9.044509304,-3220.880148,146.5402928,3074.148432,LL
308.6678149,-318.4848499,9.794802991,-3195.065841,-12.60137512,3207.475813,LL
312.8422374,-323.3998832,10.53544312,-3166.098861,-171.7303255,3337.637998,LL
316.7078555,-327.995729,11.26569986,-3134.007078,-330.6903836,3464.506281,LL
320.2608637,-332.2678612,11.98485146,-3098.822879,-489.3238098,3587.95571,LL
323.4977462,-336.2120543,12.69218927,-3060.580271,-647.4749162,3707.864203,LL
326.415318,-339.8244253,13.38701416,-3019.317709,-804.986764,3824.113677,LL
329.0106905,-343.1013999,14.06864151,-2975.075202,-961.7047694,3936.589156,LL
331.2813116,-346.0397533,14.73639753,-2927.897122,-1117.47341,4045.179892,LL
333.2249313,-348.6365766,15.38962433,-2877.82932,-1272.139821,4149.778468,LL
334.8396406,-350.8893161,16.02767616,-2824.921914,-1425.550507,4250.281909,LL
336.1238368,-352.7957395,16.64992443,-2769.22641,-1577.554927,4346.590778,LL
337.0762618,-354.3539747,17.25575396,-2710.79848,-1728.002215,4438.610282,LL
337.6959665,-355.5624745,17.84456797,-2649.695078,-1876.744752,4526.249357,LL
337.9823484,-356.4200556,18.41578427,-2585.977213,-2023.634894,4609.421766,LL
337.9351158,-356.9258625,18.96884022,-2519.707061,-2168.528531,4688.045176,LL
337.5543244,-357.0794051,19.50318895,-2450.950726,-2311.281819,4762.042245,LL
336.8403409,-356.8805227,20.0183042,-2379.775361,-2451.754727,4831.339699,LL
335.7938791,-356.3294208,20.51367653,-2306.251908,-2589.807777,4895.869398,LL
334.4159625,-355.4266342,20.98881815,-2230.452225,-2725.305575,4955.567409,LL
332.7079601,-354.1730628,21.44325906,-2152.451817,-2858.113555,5010.375068,LL
330.6715483,-352.5699347,21.87655187,-2072.326963,-2988.101495,5060.238036,LL
328.3087461,-350.6188411,22.2882679,-1990.157433,-3115.140271,5105.107354,LL
325.621876,-348.3216984,22.6780019,-1906.023623,-3239.105352,5144.938493,LL
322.6135988,-345.6807827,23.04536818,-1820.009257,-3359.87356,5179.692391,LL
319.2868742,-342.6986912,23.39000527,-1732.198528,-3477.326549,5209.334505,LL
315.6449944,-339.3783758,23.71157197,-1642.678788,-3591.34757,5233.835827,LL
311.6915443,-335.7231043,24.00975202,-1551.537688,-3701.824934,5253.171932,LL
307.4304347,-331.7364931,24.28425006,-1458.865866,-3808.648779,5267.323981,LL
302.8658616,-327.4224674,24.53479628,-1364.754087,-3911.714516,5276.277765,LL
298.0023389,-322.7852937,24.76114235,-1269.295918,-4010.919599,5280.024692,LL
292.8446571,-317.8295392,24.96306595,-1172.584875,-4106.166956,5278.560819,LL
287.3979153,-312.5601038,25.14036675,-1074.717089,-4197.361759,5271.887834,LL
281.6674798,-306.9821787,25.29287083,-975.7884567,-4284.414839,5260.012081,LL
275.6590148,-301.1012776,25.42042663,-875.8972938,-4367.239457,5242.945522,LL
269.3784409,-294.9231954,25.52290933,-775.1414969,-4445.754702,5220.704756,LL
262.8319654,-288.4540379,25.60021673,-673.6211829,-4519.882264,5193.311976,LL
256.0260397,-281.7001806,25.65227359,-571.4358579,-4589.549811,5160.793972,LL
248.9673896,-274.6682975,25.67902749,-468.6870477,-4654.687768,5123.183078,LL
241.6629721,-267.3653195,25.68045306,-365.4754727,-4715.232672,5080.516169,LL
234.1200046,-259.7984625,25.65654786,-261.9036695,-4771.123953,5032.835594,LL
226.3459224,-251.9751853,25.60733653,-158.0731728,-4822.307272,4980.188167,LL
218.3484063,-243.9032173,25.53286657,-54.08712803,-4868.731299,4922.626085,LL
210.13534,-235.5905158,25.43321254,49.95251953,-4910.351037,4860.205914,LL
201.7148378,-227.0452932,25.30847173,153.9424199,-4947.124595,4792.989497,LL
193.0952008,-218.2759738,25.15876829,257.780622,-4979.016498,4721.042927,LL
184.2849444,-209.2912207,24.98424891,361.3639766,-5005.994457,4644.437446,LL
175.2927544,-200.099892,24.78508686,464.590932,-5028.032663,4563.248416,LL
166.1275138,-190.7110671,24.56147766,567.3589441,-5045.108554,4477.5562,LL
156.7982588,-181.1340029,24.31364302,669.5672638,-5057.206089,4387.445127,LL
147.3142051,-171.3781596,24.04182648,771.1143542,-5064.31252,4293.004362,LL
137.6847034,-161.4531563,23.74629732,871.9006693,-5066.421642,4194.326872,LL
127.9192658,-151.3687965,23.42734617,971.8260774,-5063.530566,4091.510275,LL
118.0275207,-141.1350235,23.08528882,1070.792631,-5055.642951,3984.655803,LL
108.0192389,-130.7619456,22.72046181,1168.701996,-5042.765777,3873.869144,LL
97.90428863,-120.2597909,22.33322621,1265.458213,-5024.912555,3759.259395,LL
87.69266079,-109.6389327,21.92396315,1360.965132,-5002.100103,3640.939897,LL
77.39442434,-98.90984358,21.49307754,1455.12916,-4974.351734,3519.027184,LL
67.01975109,-88.08312063,21.04099359,1547.856708,-4941.694032,3393.641802,LL
56.5788709,-77.1694399,20.56815847,1639.056927,-4904.160027,3264.907258,LL
46.08209634,-66.17958044,20.07503781,1728.639151,-4861.785961,3132.95083,LL
35.5397778,-55.12437937,19.56211925,1816.515634,-4814.61445,2997.902511,LL
24.96232791,-44.01475536,19.02990799,1902.598994,-4762.691249,2859.89581,LL
14.36017672,-32.86166376,18.47893025,1986.804934,-4706.068397,2719.06669,LL
3.743795879,-21.67611983,17.90972877,2069.049697,-4644.800978,2575.554364,LL
-6.876346131,-10.46915384,17.3228663,2149.252773,-4578.95025,2429.500231,LL
-17.48975991,0.748165778,16.718921,2227.334356,-4508.580408,2281.04866,LL
-28.0859799,11.96477737,16.09848988,2303.218042,-4433.761687,2130.345922,LL
-38.65454032,23.16960303,15.46218423,2376.828292,-4354.567137,1977.540975,LL
-49.18501985,34.35159341,14.81063301,2448.093112,-4271.075701,1822.784388,LL
-59.66701762,45.49970477,14.14447823,2516.941522,-4183.368988,1666.229117,LL
-70.09019771,56.60294372,13.46437829,2583.306227,-4091.534339,1508.029433,LL
-80.44426517,67.65034428,12.77100338,2647.121083,-3995.661599,1348.34169,LL
-90.7190103,78.6310124,12.06503876,2708.323762,-3895.846168,1187.323252,LL
-100.9042847,89.5341031,11.34718015,2766.853216,-3792.185768,1025.133252,LL
-110.9900451,100.3488647,10.61813697,2822.65233,-3684.783481,861.9315251,LL
-120.9663298,111.064616,9.878627719,2875.665392,-3573.744519,697.8793589,LL
-130.8233017,121.6707902,9.129383184,2925.840729,-3459.179244,533.1384252,LL
-140.5512247,132.156912,8.37114179,2973.12818,-3341.199941,367.8715314,LL
-150.1405071,142.5126411,7.60465282,3017.48172,-3219.923817,202.2415483,LL
-159.581677,152.7277493,6.830671716,3058.856938,-3095.469781,36.41215999,LL
-168.8654253,162.7921639,6.049963291,3097.21364,-2967.961429,-129.4532069,LL
-177.9825819,172.6959442,5.263297023,3132.513334,-2837.523823,-295.1906366,LL
-186.9241576,182.4293248,4.471450243,3164.721823,-2704.286462,-460.6367926,LL
-195.6813197,191.9826915,3.675203422,3193.806681,-2568.380063,-625.6281737,LL
-204.2454343,201.3466248,2.875343342,3219.739844,-2429.93952,-790.0021787,LL
-212.6080414,210.5118751,2.072658387,3242.495081,-2289.100688,-953.5963652,LL
-220.7608963,219.4694059,1.267941688,3262.050572,-2146.003326,-1116.24951,LL
-228.695945,228.2103688,0.461986427,3278.386383,-2000.787886,-1277.800871,LL
-236.4053647,236.7261459,-0.344411041,3291.487027,-1853.598445,-1438.091239,LL
-243.8815389,245.0083248,-1.150455873,3301.338942,-1704.579495,-1596.962203,LL
-251.1170978,253.0487403,-1.955351629,3307.933036,-1553.878866,-1754.257201,LL
-258.1048925,260.8394491,-2.758304946,3311.262172,-1401.644516,-1909.820778,LL
-264.8380352,268.3727711,-3.558522435,3311.323694,-1248.027445,-2063.499635,LL
-271.3098727,275.6412636,-4.355215349,3308.116913,-1093.178494,-2215.141886,LL
-277.5140265,282.6377616,-5.147596479,3301.645621,-937.2512394,-2364.598102,LL
-283.4443656,289.3553523,-5.934884809,3291.915577,-780.3988038,-2511.720565,LL
-289.0950456,295.7874143,-6.716302415,3278.93701,-622.7767392,-2656.364304,LL
-294.4604818,301.9275919,-7.491079097,3262.722103,-464.5398434,-2798.386353,LL
-299.5353873,307.7698335,-8.258449281,3243.287483,-305.8450322,-2937.646773,LL
-304.3147457,313.3083655,-9.017656628,3220.651705,-146.8481642,-3074.007912,LL
-308.7938484,318.53773,-9.767950931,3194.837731,12.29309702,-3207.335416,LL
-312.968267,323.4527584,-10.5085927,3165.870415,171.42245,-3337.497489,LL
-316.83389,328.048608,-11.23885006,3133.778964,330.3821026,-3464.365895,LL
-320.3868943,332.3207353,-11.95800328,3098.594429,489.0159304,-3587.815211,LL
-323.6237818,336.2649323,-12.66534169,3060.352153,647.1666325,-3707.723827,LL
-326.5413497,339.8772985,-13.3601682,3019.089257,804.6788807,-3823.973189,LL
-329.136727,343.1542768,-14.04179613,2974.84708,961.396483,-3936.448791,LL
-331.4073443,346.0926254,-14.70955376,2927.668667,1117.165523,-4045.039416,LL
-333.3509687,348.6894525,-15.36278114,2877.601194,1271.831532,-4149.638114,LL
-334.9656742,350.9421873,-16.00083456,2824.693456,1425.242616,-4250.141443,LL
-336.2498752,352.8486145,-16.6230834,2768.998281,1577.246635,-4346.450434,LL
-337.2022963,354.4068449,-17.22891451,2710.570019,1727.69432,-4438.469827,LL
-337.8220057,355.6153485,-17.81772908,2649.466946,1876.436458,-4526.109024,LL
-338.1083838,356.4729249,-18.38894694,2585.74875,2023.326996,-4609.281321,LL
-338.0611559,356.9787355,-18.94200345,2519.478925,2168.220235,-4687.904853,LL
-337.6803607,357.1322734,-19.47635374,2450.722261,2310.973918,-4761.901811,LL
-336.9663819,356.9333949,-19.99146953,2379.547222,2451.446428,-4831.199386,LL
-335.9199162,356.3822883,-20.4868434,2306.02344,2589.499873,-4895.728974,LL
-334.5420043,355.4795054,-20.96198555,2230.224083,2724.997275,-4955.427106,LL
-332.833998,354.2259294,-21.416428,2152.223348,2857.805647,-5010.234654,LL
-330.797591,352.6228051,-21.84972133,2072.098817,2987.793193,-5060.097743,LL
-328.4347848,350.6717068,-22.26143888,1989.928962,3114.832361,-5104.966951,LL
-325.7479194,348.3745679,-22.6511734,1905.795475,3238.797048,-5144.79821,LL
-322.7396383,345.7336476,-23.01854119,1819.780784,3359.565646,-5179.551998,LL
-319.4129184,342.7515598,-23.36317878,1731.970377,3477.018243,-5209.194232,LL
-315.7710347,339.4312398,-23.68474698,1642.450312,3591.039653,-5233.695444,LL
-311.8175892,335.7759722,-23.98292752,1551.309534,3701.516626,-5253.031668,LL
-307.5564758,331.7893564,-24.25742705,1458.637389,3808.34086,-5267.183608,LL
-302.9919073,327.4753345,-24.50797376,1364.525931,3911.406207,-5276.137511,LL
-298.1283807,322.8381561,-24.7343213,1269.067439,4010.611677,-5279.884328,LL
-292.9707034,317.8824055,-24.93624538,1172.356716,4105.858645,-5278.420574,LL
-287.5239578,312.6129655,-25.11354765,1074.488609,4197.053834,-5271.747481,LL
-281.7935268,307.0350442,-25.2660522,975.5602951,4284.106527,-5259.871846,LL
-275.785058,301.1541386,-25.39360946,875.668812,4366.93153,-5242.805178,LL
-269.5044887,294.9760601,-25.49609262,774.913333,4445.446389,-5220.56453,LL
-262.9580093,288.5068982,-25.57340146,673.3926996,4519.574334,-5193.171642,LL
-256.1520881,281.7530446,-25.62545878,571.2076916,4589.241496,-5160.653755,LL
-249.0934342,274.7211571,-25.65221411,468.458563,4654.379836,-5123.042753,LL
-241.7890211,267.4181828,-25.65364013,365.2473042,4714.924356,-5080.375961,LL
-234.2460498,259.8513214,-25.62973636,261.6751836,4770.816019,-5032.695278,LL
-226.471972,252.028048,-25.58052546,157.8450022,4821.998955,-4980.047968,LL
-218.4744521,243.9560755,-25.50605692,53.85864089,4868.423363,-4922.485778,LL
-210.2613903,235.6433778,-25.40640332,-50.18069225,4910.042719,-4860.065724,LL
-201.8408842,227.0981508,-25.28166391,-154.1709081,4946.816657,-4792.8492,LL
-193.2212516,218.3288352,-25.13196089,-258.0087967,4978.708178,-4720.902746,LL
-184.4109914,209.3440777,-24.95744291,-361.5924659,5005.686517,-4644.297158,LL
-175.4188057,200.1527527,-24.75828128,-464.8191086,5027.724343,-4563.108244,LL
-166.2535613,190.7639234,-24.53467346,-567.5874343,5044.800612,-4477.415921,LL
-156.9243107,181.186863,-24.28683923,-669.7954422,5056.897768,-4387.304963,LL
-147.4402532,171.4310153,-24.01502406,-771.3428453,5064.004576,-4292.864093,LL
-137.8107559,161.5060158,-23.71949531,-872.1288494,5066.11332,-4194.186717,LL
-128.0453144,151.4216516,-23.40054552,-972.0545694,5063.22262,-4091.370015,LL
-118.1535737,141.1878824,-23.05848856,-1071.020813,5055.334628,-3984.515657,LL
-108.1452881,130.8148002,-22.69366291,-1168.930489,5042.457829,-3873.728892,LL
-98.03034212,120.3126493,-22.3064277,-1265.686397,5024.604232,-3759.119257,LL
-87.81871045,109.6917867,-21.89716597,-1361.193625,5001.792153,-3640.799654,LL
-77.5204783,98.96270136,-21.46628075,-1455.357345,4974.04341,-3518.887055,LL
-67.14580123,88.13597414,-21.01419813,-1548.085202,4941.386082,-3393.501568,LL
-56.70492533,77.22229715,-20.54136339,-1639.285113,4903.851703,-3264.767137,LL
-46.20814696,66.23243344,-20.04824405,-1728.867646,4861.478009,-3132.810604,LL
-35.66583267,55.1772361,-19.53532587,-1816.743822,4814.306125,-2997.762398,LL
-25.08837898,44.06760786,-19.00311591,-1902.827489,4762.383295,-2859.755592,LL
-14.48623203,32.91451999,-18.45213854,-1987.033123,4705.760072,-2718.926585,LL
-3.869847383,21.72897185,-17.88293836,-2069.278192,4644.493023,-2575.414155,LL
6.750290402,10.52200959,-17.29607625,-2149.480963,4578.641925,-2429.360135,LL
17.36370799,-0.695314223,-16.69213224,-2227.562851,4508.272451,-2280.908459,LL
27.95992376,-11.91192209,-16.07170147,-2303.446233,4433.453362,-2130.205834,LL
38.52848798,-23.11675193,-15.43539711,-2377.056788,4354.25918,-1977.400783,LL
49.05896333,-34.29873858,-14.78384624,-2448.321304,4270.767376,-1822.644307,LL
59.5409649,-45.4468541,-14.11769273,-2517.170018,4183.061029,-1666.088933,LL
69.96414082,-56.55008933,-13.43759313,-2583.53442,4091.226014,-1507.88936,LL
80.31821207,-67.59749403,-12.74421948,-2647.349579,3995.35364,-1348.201515,LL
90.59295306,-78.57815844,-12.0382552,-2708.551956,3895.537843,-1187.183187,LL
100.7782312,-89.48125325,-11.32039785,-2767.081712,3791.877807,-1024.993085,LL
110.8639875,-100.2960112,-10.591355,-2822.880525,3684.475156,-861.7914682,LL
120.840276,-111.0117666,-9.851846995,-2875.893888,3573.436558,-697.7391994,LL
130.6972438,-121.6179371,-9.10260278,-2926.068925,3458.87092,-532.998376,LL
140.4251706,-132.1040629,-8.344362628,-2973.356676,3340.891979,-367.7313799,LL
150.0144489,-142.4597883,-7.577873972,-3017.709917,3219.615492,-202.1015067,LL
159.4556225,-152.6749006,-6.803894102,-3059.085434,3095.161818,-36.27201638,LL
168.7393668,-162.7393115,-6.023185986,-3097.441838,2967.653105,129.5932409,LL
177.8565272,-172.6430959,-5.236520943,-3132.74183,2837.21586,295.3307724,LL
186.7980988,-182.3764727,-4.444674466,-3164.950021,2703.978138,460.7768191,LL
195.5552646,-191.9298435,-3.648428862,-3194.035176,2568.072099,625.7683016,LL
204.1193752,-201.293773,-2.848569079,-3219.968042,2429.631197,790.1421978,LL
212.481986,-210.4590274,-2.045885332,-3242.723576,2288.792723,953.7364855,LL
220.634837,-219.4165545,-1.241168926,-3262.278771,2145.695003,1116.389522,LL
228.5698894,-228.1575214,-0.435214866,-3278.614878,2000.47992,1277.940983,LL
236.2793051,-236.6732948,0.371182316,-3291.715226,1853.290122,1438.231243,LL
243.755483,-244.9554777,1.177225956,-3301.567436,1704.27153,1597.102308,LL
250.991038,-252.9958895,1.982121431,-3308.161236,1553.570544,1754.397198,LL
257.9788364,-260.7866023,2.785073563,-3311.490666,1401.33655,1909.960876,LL
264.7119751,-268.3199206,3.585290776,-3311.551894,1247.719125,2063.639625,LL
271.1838164,-275.5884171,4.381982513,-3308.345406,1092.870528,2215.281976,LL
277.3879663,-282.5849114,5.174363373,-3301.873821,936.9429192,2364.738085,LL
283.3183091,-289.302506,5.961650534,-3292.144069,780.0908371,2511.860647,LL
288.9689852,-295.7345643,6.743067874,-3279.16521,622.4684198,2656.50428,LL
294.3344251,-301.8747458,7.517843395,-3262.950595,464.2318766,2798.526428,LL
299.4093267,-307.7169837,8.285213318,-3243.515683,305.5367136,2937.786742,LL
304.1886888,-313.2555196,9.044419511,-3220.880195,146.5401972,3074.147979,LL
308.6677876,-318.4848805,9.79471356,-3195.065931,-12.60141466,3207.475378,LL
312.84221,-323.3999127,10.53535418,-3166.098904,-171.730417,3337.637549,LL
316.7078291,-327.9957587,11.26561129,-3134.007164,-330.6904193,3464.505849,LL
320.2608371,-332.2678899,11.98476337,-3098.822918,-489.3238975,3587.955265,LL
323.4977207,-336.2120832,12.69210154,-3060.580353,-647.4749482,3707.863775,LL
326.4152923,-339.8244532,13.38692691,-3019.317745,-804.9868477,3824.113236,LL
329.0106658,-343.1014279,14.06855461,-2975.07528,-961.7047976,3936.588732,LL
331.2812868,-346.0397804,14.73631111,-2927.897154,-1117.47349,4045.179455,LL
333.2249074,-348.6366038,15.38953826,-2877.829394,-1272.139846,4149.778048,LL
334.8396165,-350.8893424,16.02759056,-2824.921942,-1425.550583,4250.281475,LL
336.1238137,-352.795766,16.64983917,-2769.22648,-1577.554948,4346.590362,LL
337.0762386,-354.3540001,17.25566917,-2710.798504,-1728.002287,4438.609852,LL
337.6959442,-355.5625002,17.84448351,-2649.695145,-1876.744769,4526.248945,LL
337.982326,-356.4200803,18.41570027,-2585.977234,-2023.634963,4609.421339,LL
337.9350943,-356.9258873,18.96875655,-2519.707124,-2168.528544,4688.044767,LL
337.5543028,-357.0794289,19.50310574,-2450.950744,-2311.281883,4762.041823,LL
336.8403202,-356.8805468,20.01822132,-2379.775421,-2451.754737,4831.339294,LL
335.7938582,-356.3294439,20.5135941,-2306.251922,-2589.807838,4895.868978,LL
334.4159425,-355.4266575,20.98873603,-2230.452281,-2725.305582,4955.567008,LL
332.70794,-354.1730851,21.4431774,-2152.451828,-2858.113612,5010.374652,LL
330.6715292,-352.5699573,21.87647053,-2072.327015,-2988.101499,5060.237638,LL
328.3087267,-350.6188627,22.288187,-1990.15744,-3115.140325,5105.106942,LL
325.6218576,-348.3217202,22.67792131,-1906.023672,-3239.105352,5144.938098,LL
322.6135802,-345.6808035,23.04528803,-1820.009261,-3359.87361,5179.691983,LL
319.2868565,-342.6987122,23.38992542,-1732.198574,-3477.326545,5209.334114,LL
315.6449765,-339.3783959,23.71149256,-1642.678788,-3591.347617,5233.835422,LL
311.6915274,-335.7231246,24.0096729,-1551.53773,-3701.824927,5253.171543,LL
307.4304175,-331.7365125,24.28417138,-1458.865863,-3808.648822,5267.323579,LL
302.8658454,-327.422487,24.5347179,-1364.754126,-3911.714506,5276.277381,LL
298.0023224,-322.7853123,24.76106439,-1269.295912,-4010.919639,5280.024293,LL
292.8446416,-317.8295581,24.96298828,-1172.584911,-4106.166943,5278.560437,LL
287.3978996,-312.5601217,25.1402895,-1074.71708,-4197.361796,5271.887439,LL
281.667465,-306.9821968,25.29279387,-975.7884888,-4284.414823,5260.011703,LL
275.6589998,-301.1012948,25.42035009,-875.8972816,-4367.239491,5242.94513,LL
269.3784268,-294.9232128,25.52283307,-775.1415258,-4445.754683,5220.704381,LL
262.8319511,-288.4540544,25.60014089,-673.6211676,-4519.882294,5193.311587,LL
256.0260263,-281.7001973,25.65219803,-571.4358835,-4589.549789,5160.7936,LL
248.967376,-274.6683134,25.67895233,-468.6870293,-4654.687795,5123.182692,LL
241.6629593,-267.3653356,25.68037818,-365.4754951,-4715.232647,5080.5158,LL
234.1199917,-259.7984777,25.65647339,-261.9036481,-4771.123977,5032.835212,LL
226.3459103,-251.9752007,25.60726232,-158.0731921,-4822.307244,4980.187801,LL
218.348394,-243.9032318,25.53279277,-54.08710361,-4868.73132,4922.625705,LL
210.1353286,-235.5905305,25.433139,49.95250333,-4910.351005,4860.205552,LL
201.7148262,-227.0453071,25.30839859,153.9424473,-4947.124613,4792.98912,LL
193.0951901,-218.2759879,25.15869541,257.7806089,-4979.016463,4721.042567,LL
184.2849334,-209.2912339,24.98417642,361.364007,-5005.994472,4644.437073,LL
175.2927443,-200.0999054,24.78501463,464.5909219,-5028.032626,4563.24806,LL
166.1275034,-190.7110796,24.56140582,567.3589773,-5045.108566,4477.55583,LL
156.7982493,-181.1340156,24.31357143,669.5672566,-5057.206049,4387.444773,LL
147.3141954,-171.3781715,24.04175527,771.1143902,-5064.312529,4293.003995,LL
137.6846946,-161.4531684,23.74622637,871.9006651,-5066.421599,4194.326521,LL
127.9192567,-151.3688078,23.4272756,971.8261163,-5063.530571,4091.509911,LL
118.0275125,-141.135035,23.0852185,1070.79263,-5055.642905,3984.655455,LL
108.0192305,-130.7619562,22.72039186,1168.702038,-5042.76578,3873.868782,LL
97.90428105,-120.2598018,22.33315651,1265.458215,-5024.912507,3759.259049,LL
87.69265297,-109.6389427,21.92389381,1360.965176,-5002.100103,3640.939539,LL
77.39441736,-98.90985384,21.49300844,1455.129165,-4974.351683,3519.026841,LL
67.01974387,-88.08313006,21.04092486,1547.856756,-4941.69403,3393.641446,LL
56.57886452,-77.16944956,20.56808998,1639.056934,-4904.159973,3264.906918,LL
46.08208972,-66.17958928,20.07496968,1728.639201,-4861.785955,3132.950477,LL
35.53977202,-55.12438843,19.56205136,1816.515644,-4814.614393,2997.902174,LL
24.96232189,-44.0147636,19.02984045,1902.599047,-4762.691241,2859.895459,LL
14.36017152,-32.86167223,18.47886294,1986.804947,-4706.068337,2719.066355,LL
3.743790439,-21.67612748,17.90966182,2069.049752,-4644.800967,2575.554017,LL
-6.876350745,-10.46916174,17.32279958,2149.252788,-4578.950188,2429.499899,LL
-17.48976477,0.748158699,16.71885462,2227.334413,-4508.580394,2281.048315,LL
-28.08598394,11.96477005,16.09842373,2303.21806,-4433.761623,2130.345593,LL
-38.65454461,23.16959652,15.46211843,2376.828352,-4354.567121,1977.540633,LL
-49.18502332,34.35158665,14.81056743,2448.093133,-4271.075634,1822.784061,LL
-59.66702135,45.49969882,14.14441299,2516.941585,-4183.368968,1666.228777,LL
-70.09020063,56.60293753,13.46431327,2583.30625,-4091.534269,1508.029109,LL
-80.44426834,67.65033889,12.7709387,2647.121148,-3995.661577,1348.341353,LL
-90.71901267,78.63100676,12.0649743,2708.323788,-3895.846096,1187.32293,LL
-100.9042873,89.53409825,11.34711602,2766.853283,-3792.185743,1025.132918,LL
-110.9900469,100.3488596,10.61807306,2822.652358,-3684.783406,861.931206,LL
-120.9663318,111.0646117,9.878564134,2875.665462,-3573.744492,697.8790268,LL
-130.823303,121.6707857,9.129319807,2925.84076,-3459.179168,533.1381086,LL
-140.5512263,132.1569082,8.371078742,2973.128252,-3341.199911,367.8712018,LL
-150.1405079,142.512637,7.604589976,3017.481754,-3219.923738,202.2412341,LL
-159.581678,152.727746,6.830609198,3058.857013,-3095.469749,36.41183283,LL
-168.8654256,162.7921604,6.049900975,3097.213676,-2967.961348,-129.4535187,LL
-177.9825824,172.6959415,5.26323503,3132.513412,-2837.523789,-295.1909613,LL
-186.9241573,182.4293218,4.471388447,3164.721861,-2704.286378,-460.6371021,LL
-195.6813196,191.9826893,3.675141946,3193.806761,-2568.380026,-625.628496,LL
-204.2454335,201.3466223,2.875282061,3219.739885,-2429.939434,-790.0024858,LL
-212.6080408,210.5118734,2.072597421,3242.495163,-2289.100649,-953.5966852,LL
-220.760895,219.469404,1.267880916,3262.050615,-2146.003237,-1116.249815,LL
-228.6959439,228.2103677,0.461925967,3278.386467,-2000.787844,-1277.801188,LL
-236.4053629,236.7261444,-0.344471312,3291.487073,-1853.598354,-1438.091541,LL
-243.8815373,245.0083241,-1.150515835,3301.339028,-1704.579451,-1596.962518,LL
-251.1170955,253.0487393,-1.955411405,3307.933084,-1553.878773,-1754.257501,LL
-258.1048905,260.8394489,-2.758364416,3311.262261,-1401.64447,-1909.821091,LL
-264.8380324,268.3727707,-3.558581721,3311.323745,-1248.02735,-2063.499933,LL
-271.3098702,275.6412639,-4.355274332,3308.117004,-1093.178446,-2215.142197,LL
-277.5140233,282.6377616,-5.147655281,3301.645673,-937.2511422,-2364.598398,LL
-283.4443626,289.3553531,-5.934943312,3291.91567,-780.3987528,-2511.720873,LL
-289.0950418,295.7874148,-6.71636074,3278.937065,-622.77664,-2656.364598,LL
-294.4604783,301.9275931,-7.491137125,3262.722198,-464.5397902,-2798.386659,LL
-299.5353831,307.7698344,-8.258507134,3243.28754,-305.8449309,-2937.647065,LL
-304.3147417,313.3083672,-9.017714187,3220.651802,-146.8481088,-3074.008216,LL
-308.7938437,318.5377315,-9.768008319,3194.83779,12.2932004,-3207.335706,LL
-312.9682626,323.4527605,-10.5086498,3165.870514,171.4225076,-3337.497791,LL
-316.8338849,328.0486099,-11.23890698,3133.779025,330.382208,-3464.366182,LL
-320.3868895,332.320738,-11.95805992,3098.59453,489.0159902,-3587.815511,LL
-323.6237762,336.2649346,-12.66539816,3060.352216,647.1667399,-3707.724113,LL
-326.5413444,339.8773015,-13.36022439,3019.08936,804.6789426,-3823.973487,LL
-329.136721,343.1542796,-14.04185216,2974.847145,961.3965924,-3936.449075,LL
-331.4073385,346.092629,-14.7096095,2927.668772,1117.165587,-4045.039712,LL
-333.3509622,348.6894557,-15.36283672,2877.601262,1271.831644,-4149.638395,LL
-334.965668,350.9421912,-16.00088987,2824.693563,1425.242683,-4250.141737,LL
-336.2498683,352.8486182,-16.62313854,2768.99835,1577.246749,-4346.450714,LL
-337.2022897,354.4068493,-17.22896938,2710.570128,1727.694389,-4438.470118,LL
-337.8219984,355.6153526,-17.81778379,2649.467018,1876.436573,-4526.109301,LL
-338.1083767,356.4729297,-18.38900138,2585.748861,2023.327067,-4609.281611,LL
-338.0611482,356.9787401,-18.94205773,2519.478999,2168.220352,-4687.905128,LL
-337.6803532,357.1322786,-19.47640775,2450.722374,2310.97399,-4761.902099,LL
-336.9663737,356.9333998,-19.99152339,2379.547298,2451.446547,-4831.199659,LL
-335.9199083,356.3822939,-20.48689699,2306.023555,2589.499947,-4895.72926,LL
-334.5419957,355.4795108,-20.96203899,2230.22416,2724.997395,-4955.427378,LL
-332.8339897,354.2259354,-21.41648117,2152.223464,2857.805723,-5010.234938,LL
-330.7975819,352.6228109,-21.84977436,2072.098897,2987.793316,-5060.098013,LL
-328.4347761,350.6717133,-22.26149165,1989.92908,3114.832439,-5104.967233,LL
-325.74791,348.3745741,-22.65122602,1905.795556,3238.797173,-5144.798478,LL
-322.7396292,345.7336545,-23.01859355,1819.780904,3359.565726,-5179.552278,LL
-319.4129086,342.7515664,-23.363231,1731.970461,3477.018369,-5209.194498,LL
-315.7710252,339.4312471,-23.68479895,1642.450434,3591.039735,-5233.695722,LL
-311.817579,335.7759792,-23.98297935,1551.309619,3701.516754,-5253.031932,LL
-307.5564658,331.789364,-24.25747862,1458.637512,3808.340943,-5267.183885,LL
-302.9918967,327.4753418,-24.50802519,1364.526018,3911.406336,-5276.137773,LL
-298.1283704,322.8381642,-24.73437248,1269.067564,4010.611762,-5279.884603,LL
-292.9706925,317.8824133,-24.93629643,1172.356805,4105.858776,-5278.420834,LL
-287.5239471,312.6129739,-25.11359845,1074.488736,4197.053922,-5271.747754,LL
-281.7935155,307.0350523,-25.26610287,975.5603858,4284.10666,-5259.872105,LL
-275.7850469,301.1541474,-25.39365988,875.6689406,4366.931619,-5242.805449,LL
-269.5044769,294.9760687,-25.49614291,774.9134255,4445.446523,-5220.564787,LL
-262.9579978,288.5069073,-25.57345151,673.3928299,4519.574425,-5193.171911,LL
-256.152076,281.7530535,-25.6255087,571.2077859,4589.241633,-5160.654011,LL
-249.0934223,274.7211666,-25.65226378,468.4586949,4654.379929,-5123.043021,LL
-241.7890086,267.4181921,-25.65368968,365.2474001,4714.924494,-5080.376215,LL
-234.2460376,259.8513313,-25.62978566,261.6753171,4770.816113,-5032.695544,LL
-226.4719592,252.0280576,-25.58057464,157.8450999,4821.999095,-4980.04822,LL
-218.4744395,243.9560858,-25.50610587,53.858776,4868.423459,-4922.486043,LL
-210.2613771,235.6433878,-25.40645214,-50.18059286,4910.04286,-4860.065975,LL
-201.8408713,227.0981614,-25.2817125,-154.1707715,4946.816754,-4792.849462,LL
-193.2212381,218.3288455,-25.13200936,-258.0086956,4978.708321,-4720.902995,LL
-184.4109781,209.3440886,-24.95749114,-361.5923277,5005.686616,-4644.297419,LL
-175.4187918,200.1527634,-24.7583294,-464.8190059,5027.724487,-4563.108492,LL
-166.2535477,190.7639347,-24.53472135,-567.5872946,5044.800713,-4477.416181,LL
-156.9242965,181.186874,-24.286887,-669.7953378,5056.897914,-4387.305209,LL
-147.4402392,171.431027,-24.0150716,-771.342704,5064.004679,-4292.864351,LL
-137.8107413,161.5060272,-23.71954273,-872.1287435,5066.113467,-4194.186962,LL
-128.0453002,151.4216637,-23.40059272,-972.0544266,5063.222724,-4091.370271,LL
-118.1535588,141.1878941,-23.05853565,-1071.020705,5055.334777,-3984.515899,LL
-108.1452735,130.8148125,-22.69370977,-1168.930345,5042.457935,-3873.729146,LL
-98.03032687,120.3126613,-22.30647445,-1265.686288,5024.604383,-3759.119498,LL
-87.81869551,109.6917994,-21.89721251,-1361.193479,5001.792261,-3640.799907,LL
-77.52046273,98.96271374,-21.46632717,-1455.357234,4974.043562,-3518.887294,LL
-67.14578596,88.13598715,-21.01424434,-1548.085055,4941.386191,-3393.501819,LL
-56.70490943,77.22230986,-20.54140949,-1639.285001,4903.851856,-3264.767375,LL
-46.20813137,66.23244677,-20.04828993,-1728.867497,4861.478119,-3132.810854,LL
-35.66581646,55.17724913,-19.53537164,-1816.743708,4814.30628,-2997.762635,LL
-25.08836307,44.06762151,-19.00316148,-1902.827339,4762.383408,-2859.755841,LL
-14.4862155,32.91453333,-18.452184,-1987.033008,4705.760228,-2718.92682,LL
-3.869831159,21.72898581,-17.88298361,-2069.278041,4644.493137,-2575.414403,LL
6.750307247,10.52202325,-17.2961214,-2149.480846,4578.642083,-2429.360369,LL
17.36372452,-0.695299951,-16.69217718,-2227.562698,4508.272567,-2280.908705,LL
27.95994092,-11.91190813,-16.07174631,-2303.446115,4433.453521,-2130.206066,LL
38.52850483,-23.11673735,-15.43544174,-2377.056634,4354.259297,-1977.401027,LL
49.05898078,-34.29872431,-14.78389077,-2448.321185,4270.767536,-1822.644538,LL
59.54098204,-45.44683922,-14.11773705,-2517.169863,4183.061147,-1666.089176,LL
69.96415858,-56.55007476,-13.43763736,-2583.534299,4091.226175,-1507.88959,LL
80.31822952,-67.59747885,-12.74426351,-2647.349422,3995.353759,-1348.201756,LL
90.59297111,-78.57814356,-12.03829913,-2708.551833,3895.538005,-1187.183416,LL
100.778249,-89.48123778,-11.32044158,-2767.081554,3791.877928,-1024.993325,LL
110.8640059,-100.295996,-10.59139864,-2822.880401,3684.475319,-861.7916953,LL
120.840294,-111.0117508,-9.851890432,-2875.893728,3573.43668,-697.7394382,LL
130.6972624,-121.6179216,-9.102646126,-2926.068799,3458.871085,-532.9986018,LL
140.4251889,-132.1040468,-8.344405776,-2973.356515,3340.892102,-367.7316173,LL
150.0144678,-142.4597725,-7.57791703,-3017.709791,3219.615659,-202.1017312,LL
159.4556411,-152.6748842,-6.803936963,-3059.085272,3095.161943,-36.2722525,LL
168.739386,-162.7392955,-6.023228759,-3097.44171,2967.653273,129.5930177,LL
177.8565461,-172.6430793,-5.236563523,-3132.741667,2837.215986,295.3305376,LL
186.7981182,-182.3764564,-4.444716958,-3164.949891,2703.978307,460.7765972,LL
195.5552838,-191.9298266,-3.648471162,-3194.035012,2568.072227,625.7680681,LL
204.119395,-201.2937564,-2.848611294,-3219.967911,2429.631367,790.1419771,LL
212.4820055,-210.4590102,-2.045927357,-3242.72341,2288.792852,953.7362532,LL
220.634857,-219.4165376,-1.241210868,-3262.278639,2145.695174,1116.389303,LL
228.5699091,-228.157504,-0.435256619,-3278.614711,2000.480051,1277.940752,LL
236.2793254,-236.6732777,0.371140645,-3291.715093,1853.290295,1438.231025,LL
243.755503,-244.95546,1.177184472,-3301.567268,1704.271661,1597.102078,LL
250.9910585,-252.9958721,1.982080027,-3308.161101,1553.570718,1754.396981,LL
257.9788567,-260.7865843,2.785032344,-3311.490497,1401.336683,1909.960647,LL
264.711996,-268.319903,3.585249637,-3311.551759,1247.719299,2063.639409,LL
271.183837,-275.5883988,4.381941556,-3308.345236,1092.870662,2215.281749,LL
277.3879874,-282.5848935,5.174322494,-3301.873684,936.9430949,2364.73787,LL
283.3183299,-289.3024875,5.961609836,-3292.143898,780.0909725,2511.860421,LL
288.9690065,-295.7345461,6.743027252,-3279.165072,622.4685967,2656.504066,LL
294.3344461,-301.874727,7.517802952,-3262.950422,464.2320132,2798.526203,LL
299.4093483,-307.7169653,8.285172951,-3243.515544,305.5368916,2937.786529,LL
304.1887101,-313.2555006,9.044379322,-3220.880022,146.540335,3074.147756,LL
308.6678095,-318.4848619,9.794673443,-3195.065791,-12.60123561,3207.475166,LL
312.8422315,-323.3998935,10.53531424,-3166.09873,-171.730278,3337.637327,LL
316.7078512,-327.9957398,11.26557142,-3134.007023,-330.6902391,3464.505639,LL
320.2608589,-332.2678704,11.98472368,-3098.822743,-489.3237573,3587.955043,LL
323.497743,-336.2120641,12.69206192,-3060.58021,-647.474767,3707.863566,LL
326.4153144,-339.8244335,13.38688746,-3019.317568,-804.9867064,3824.113015,LL
329.0106884,-343.1014085,14.06851523,-2975.075136,-961.7046154,3936.588525,LL
331.281309,-346.0397604,14.7362719,-2927.896976,-1117.473348,4045.179236,LL
333.2249302,-348.6365842,15.38949911,-2877.829249,-1272.139663,4149.777842,LL
334.839639,-350.8893222,16.02755159,-2824.921763,-1425.55044,4250.281257,LL
336.1238368,-352.7957461,16.64980026,-2769.226334,-1577.554763,4346.590156,LL
337.0762613,-354.3539797,17.25563043,-2710.798324,-1728.002142,4438.609635,LL
337.6959675,-355.56248,17.84444483,-2649.694998,-1876.744584,4526.24874,LL
337.9823489,-356.4200596,18.41566176,-2585.977053,-2023.634817,4609.421123,LL
337.9351178,-356.925867,18.96871811,-2519.706976,-2168.528358,4688.044563,LL
337.554326,-357.079408,19.50306747,-2450.950562,-2311.281736,4762.041608,LL
336.840344,-356.8805262,20.0181831,-2379.775271,-2451.75455,4831.339091,LL
335.7938816,-356.3294228,20.51355605,-2306.251739,-2589.80769,4895.868765,LL
334.4159665,-355.4266367,20.98869804,-2230.45213,-2725.305393,4955.566806,LL
332.7079636,-354.1730638,21.44313957,-2152.451644,-2858.113463,5010.374439,LL
330.6715533,-352.5699362,21.87643276,-2072.326864,-2988.101309,5060.237437,LL
328.3087506,-350.6188412,22.28814939,-1990.157255,-3115.140175,5105.10673,LL
325.621882,-348.321699,22.67788376,-1906.023519,-3239.105162,5144.937898,LL
322.6136043,-345.6807818,23.04525064,-1820.009076,-3359.873459,5179.691772,LL
319.2868811,-342.6986907,23.38988809,-1732.19842,-3477.326354,5209.333915,LL
315.6450008,-339.3783739,23.71145539,-1642.678602,-3591.347464,5233.835212,LL
311.6915522,-335.7231029,24.00963579,-1551.537575,-3701.824736,5253.171346,LL
307.430442,-331.7364903,24.28413442,-1458.865676,-3808.648669,5267.323371,LL
302.8658704,-327.4224651,24.53468099,-1364.75397,-3911.714313,5276.277184,LL
298.0023471,-322.7852899,24.76102764,-1269.295723,-4010.919485,5280.024086,LL
292.8446668,-317.829536,24.96295158,-1172.584754,-4106.166749,5278.560241,LL
287.3979245,-312.5600991,25.14025296,-1074.716891,-4197.36164,5271.887233,LL
281.6674904,-306.9821745,25.29275738,-975.788331,-4284.414628,5260.011508,LL
275.6590249,-301.101272,25.42031375,-875.8970914,-4367.239334,5242.944924,LL
269.3784525,-294.9231903,25.52279679,-775.141367,-4445.754488,5220.704187,LL
262.8319764,-288.4540314,25.60010475,-673.6209764,-4519.882137,5193.311382,LL
256.0260522,-281.7001746,25.65216194,-571.4357238,-4589.549593,5160.793407,LL
248.9674015,-274.6682902,25.67891639,-468.6868373,-4654.687637,5123.182488,LL
241.6629854,-267.3653127,25.68034229,-365.4753345,-4715.23245,5080.515608,LL
234.1200174,-259.7984543,25.65643764,-261.9034552,-4771.123818,5032.835009,LL
226.3459365,-251.9751776,25.60722663,-158.0730305,-4822.307046,4980.18761,LL
218.3484199,-243.9032082,25.53275722,-54.08690989,-4868.73116,4922.625503,LL
210.135355,-235.5905073,25.4331035,49.95266584,-4910.350807,4860.205361,LL
201.7148523,-227.0452833,25.30836323,153.9426418,-4947.124452,4792.988919,LL
193.0952167,-218.2759644,25.1586601,257.7807723,-4979.016263,4721.042377,LL
184.2849597,-209.2912099,24.98414125,361.3642023,-5005.99431,4644.436872,LL
175.2927711,-200.0998817,24.78497952,464.5910862,-5028.032425,4563.247871,LL
166.1275299,-190.7110554,24.56137085,567.3591735,-5045.108403,4477.55563,LL
156.7982763,-181.1339918,24.3135365,669.5674219,-5057.205848,4387.444585,LL
147.314222,-171.3781471,24.04172048,771.1145872,-5064.312365,4293.003797,LL
137.6847218,-161.4531444,23.74619162,871.9008312,-5066.421397,4194.326334,LL
127.9192836,-151.3687832,23.42724099,971.8263141,-5063.530407,4091.509713,LL
118.0275399,-141.1350108,23.08518393,1070.792797,-5055.642702,3984.655269,LL
108.0192575,-130.7619315,22.72035744,1168.702237,-5042.765614,3873.868585,LL
97.90430857,-120.2597774,22.33312212,1265.458383,-5024.912303,3759.258864,LL
87.69268017,-109.6389178,21.92385957,1360.965375,-5002.099936,3640.939343,LL
77.39444506,-98.90982927,21.49297424,1455.129333,-4974.351478,3519.026657,LL
67.01977125,-88.083105,21.04089079,1547.856956,-4941.693862,3393.641251,LL
56.5788924,-77.16942482,20.56805595,1639.057104,-4904.159768,3264.906734,LL
46.08211728,-66.17956404,20.07493578,1728.639402,-4861.785787,3132.950283,LL
35.53980006,-55.12436351,19.5620175,1816.515815,-4814.614187,2997.901991,LL
24.96234961,-44.0147382,19.02980673,1902.599248,-4762.691072,2859.895266,LL
14.36019974,-32.86164714,18.47882926,1986.805118,-4706.068131,2719.066173,LL
3.743818333,-21.67610191,17.90962827,2069.049955,-4644.800797,2575.553824,LL
-6.876322364,-10.46913648,17.32276606,2149.25296,-4578.949981,2429.499718,LL
-17.48973671,0.74818444,16.71882124,2227.334616,-4508.580223,2281.048123,LL
-28.08595539,11.96479548,16.09839038,2303.218233,-4433.761415,2130.345412,LL
-38.65451638,23.16962243,15.46208521,2376.828556,-4354.566949,1977.540441,LL
-49.18499461,34.35161224,14.81053425,2448.093307,-4271.075425,1822.783881,LL
-59.66699296,45.49972489,14.14437993,2516.941789,-4183.368796,1666.228587,LL
-70.09017176,56.60296328,13.46428025,2583.306425,-4091.53406,1508.02893,LL
-80.44423979,67.65036511,12.7709058,2647.121353,-3995.661404,1348.341164,LL
-90.71898364,78.63103268,12.06494144,2708.323963,-3895.845886,1187.322752,LL
-100.9042586,89.53412464,11.34708329,2766.853489,-3792.185569,1025.132729,LL
-110.9900178,100.3488857,10.61804035,2822.652534,-3684.783195,861.9310282,LL
-120.966303,111.0646383,9.878531558,2875.665668,-3573.744317,697.8788386,LL
-130.8232736,121.6708119,9.129287262,2925.840936,-3459.178956,533.1379314,LL
-140.5511973,132.1569349,8.371046321,2973.128459,-3341.199736,367.8710143,LL
-150.1404784,142.5126634,7.604557587,3017.481931,-3219.923525,202.2410576,LL
-159.5816488,152.7277729,6.830576931,3058.857221,-3095.469573,36.41164611,LL
-168.8653959,162.7921869,6.049868738,3097.213855,-2967.961135,-129.4536944,LL
-177.9825531,172.6959685,5.263202915,3132.51362,-2837.523612,-295.1911473,LL
-186.9241275,182.4293485,4.471356362,3164.72204,-2704.286165,-460.6372772,LL
-195.6812902,191.9827165,3.675109981,3193.80697,-2568.379849,-625.6286813,LL
-204.2454035,201.3466491,2.875250125,3219.740064,-2429.93922,-790.0026602,LL
-212.6080112,210.5119007,2.072565606,3242.495373,-2289.10047,-953.5968698,LL
-220.7608649,219.4694309,1.267849128,3262.050796,-2146.003023,-1116.249989,LL
-228.6959141,228.2103951,0.461894298,3278.386678,-2000.787665,-1277.801372,LL
-236.4053326,236.7261716,-0.344502954,3291.487254,-1853.598139,-1438.091714,LL
-243.8815074,245.0083517,-1.150547359,3301.339239,-1704.579272,-1596.962702,LL
-251.1170651,253.0487666,-1.955442903,3307.933266,-1553.878557,-1754.257674,LL
-258.1048604,260.8394767,-2.758395797,3311.262472,-1401.644289,-1909.821274,LL
-264.8380019,268.3727981,-3.558613077,3311.323927,-1248.027134,-2063.500105,LL
-271.30984,275.6412918,-4.355305571,3308.117216,-1093.178264,-2215.142379,LL
-277.5139926,282.6377892,-5.147686496,3301.645856,-937.2509253,-2364.598569,LL
-283.4443323,289.3553811,-5.934974412,3291.915882,-780.398571,-2511.721055,LL
-289.0950111,295.7874425,-6.716391816,3278.937249,-622.7764224,-2656.364768,LL
-294.4604478,301.9276212,-7.491168087,3262.722411,-464.5396077,-2798.38684,LL
-299.5353522,307.7698623,-8.258538073,3243.287724,-305.8447128,-2937.647235,LL
-304.3147111,313.3083954,-9.017745013,3220.652016,-146.8479256,-3074.008396,LL
-308.7938127,318.5377594,-9.768039122,3194.837975,12.29341907,-3207.335875,LL
-312.9682319,323.452789,-10.50868049,3165.870728,171.4226914,-3337.49797,LL
-316.8338537,328.048638,-11.23893765,3133.779211,330.3824272,-3464.366351,LL
-320.3868586,332.3207665,-11.95809048,3098.594745,489.0161746,-3587.81569,LL
-323.6237448,336.2649629,-12.6654287,3060.352403,647.1669597,-3707.724281,LL
-326.5413134,339.8773302,-13.36025481,3019.089575,804.6791277,-3823.973665,LL
-329.1366895,343.154308,-14.04188256,2974.847332,961.3968127,-3936.449242,LL
-331.4073074,346.0926578,-14.7096398,2927.668988,1117.165773,-4045.039889,LL
-333.3509306,348.6894842,-15.362867,2877.601449,1271.831865,-4149.638562,LL
-334.9656367,350.9422201,-16.00092004,2824.69378,1425.242869,-4250.141913,LL
-336.2498365,352.8486468,-16.62316869,2768.998539,1577.24697,-4346.45088,LL
-337.2022583,354.4068783,-17.22899942,2710.570346,1727.694575,-4438.470295,LL
-337.8219666,355.6153814,-17.81781381,2649.467206,1876.436795,-4526.109467,LL
-338.1083452,356.4729589,-18.3890313,2585.749079,2023.327254,-4609.281786,LL
-338.0611162,356.9787689,-18.94208763,2519.479188,2168.220574,-4687.905293,LL
-337.6803216,357.1323079,-19.47643754,2450.722592,2310.974178,-4761.902274,LL
-336.9663417,356.9334288,-19.99155316,2379.547488,2451.44677,-4831.199824,LL
-335.9198766,356.3823234,-20.48692667,2306.023774,2589.500136,-4895.729434,LL
-334.5419635,355.4795399,-20.96206865,2230.224351,2724.997619,-4955.427542,LL
-332.8339578,354.225965,-21.41651073,2152.223683,2857.805913,-5010.235112,LL
-330.7975496,352.6228401,-21.8498039,2072.099088,2987.793539,-5060.098177,LL
-328.4347441,350.671743,-22.26152108,1989.9293,3114.832629,-5104.967406,LL
-325.7478776,348.3746035,-22.65125544,1905.795748,3238.797397,-5144.798641,LL
-322.7395971,345.7336842,-23.01862287,1819.781124,3359.565917,-5179.552451,LL
-319.412876,342.7515959,-23.3632603,1731.970653,3477.018594,-5209.19466,LL
-315.7709929,339.431277,-23.68482815,1642.450655,3591.039926,-5233.695895,LL
-311.8175464,335.7760087,-23.98300853,1551.309812,3701.51698,-5253.032094,LL
-307.5564335,331.789394,-24.25750771,1458.637733,3808.341135,-5267.184056,LL
-302.9918639,327.4753715,-24.50805427,1364.526211,3911.406562,-5276.137935,LL
-298.1283379,322.8381943,-24.73440146,1269.067786,4010.611955,-5279.884774,LL
-292.9706596,317.8824431,-24.93632539,1172.356999,4105.859003,-5278.420996,LL
-287.5239145,312.6130042,-25.11362731,1074.488958,4197.054114,-5271.747924,LL
-281.7934825,307.0350822,-25.26613172,975.5605804,4284.106886,-5259.872265,LL
-275.7850142,301.1541777,-25.39368863,875.6691632,4366.931813,-5242.805619,LL
-269.5044438,294.9760987,-25.49617165,774.9136206,4445.446751,-5220.564947,LL
-262.957965,288.5069378,-25.57348015,673.3930529,4519.574619,-5193.172081,LL
-256.1520428,281.7530836,-25.62553733,571.2079815,4589.24186,-5160.65417,LL
-249.0933894,274.7211972,-25.65229231,468.4589184,4654.380123,-5123.04319,LL
-241.7889753,267.4182223,-25.6537182,365.2475963,4714.924722,-5080.376374,LL
-234.2460046,259.851362,-25.62981409,261.6755411,4770.816308,-5032.695713,LL
-226.4719258,252.0280879,-25.58060306,157.8452966,4821.999323,-4980.048379,LL
-218.4744064,243.9561166,-25.50613419,53.85900039,4868.423655,-4922.486211,LL
-210.2613436,235.6434182,-25.40648045,-50.18039565,4910.043089,-4860.066133,LL
-201.8408381,227.0981923,-25.28174072,-154.1705466,4946.81695,-4792.84963,LL
-193.2212045,218.3288761,-25.13203757,-258.0084979,4978.70855,-4720.903152,LL
-184.4109448,209.3441196,-24.95751926,-361.5921024,5005.686813,-4644.297586,LL
-175.4187581,200.152794,-24.7583575,-464.8188077,5027.724717,-4563.108649,LL
-166.2535143,190.7639658,-24.53474936,-567.5870689,5044.80091,-4477.416347,LL
-156.9242627,181.1869048,-24.286915,-669.7951391,5056.898144,-4387.305366,LL
-147.4402057,171.4310581,-24.01509952,-771.342478,5064.004876,-4292.864517,LL
-137.8107074,161.506058,-23.71957064,-872.1285443,5066.113698,-4194.187118,LL
-128.0452665,151.4216949,-23.40062054,-972.0542001,5063.222922,-4091.370437,LL
-118.1535248,141.1879251,-23.05856346,-1071.020506,5055.335008,-3984.516055,LL
-108.1452398,130.8148438,-22.69373749,-1168.930118,5042.458134,-3873.729312,LL
-98.03029276,120.3126924,-22.30650216,-1265.686087,5024.604614,-3759.119654,LL
-87.81866171,109.6918308,-21.89724013,-1361.193252,5001.79246,-3640.800072,LL
-77.52042852,98.96274487,-21.46635479,-1455.357034,4974.043794,-3518.887449,LL
-67.14575207,88.13601868,-21.01427187,-1548.084827,4941.38639,-3393.501984,LL
-56.70487513,77.22234109,-20.54143702,-1639.2848,4903.852088,-3264.76753,LL
-46.20809737,66.23247839,-20.04831737,-1728.867269,4861.478319,-3132.811018,LL
-35.66578207,55.17728045,-19.53539907,-1816.743507,4814.306512,-2997.762789,LL
-25.08832899,44.06765322,-19.00318882,-1902.82711,4762.383608,-2859.756005,LL
-14.48618102,32.91456475,-18.45221133,-1987.032806,4705.760461,-2718.926974,LL
-3.869796985,21.72901761,-17.88301086,-2069.277812,4644.493338,-2575.414566,LL
6.750341815,10.52205475,-17.29614864,-2149.480644,4578.642316,-2429.360522,LL
17.36375879,-0.695268059,-16.69220433,-2227.562469,4508.272768,-2280.908868,LL
27.95997557,-11.91187653,-16.07177346,-2303.445912,4433.453755,-2130.206219,LL
38.52853918,-23.11670537,-15.4354688,-2377.056404,4354.259498,-1977.401189,LL
49.05901553,-34.29869263,-14.78391783,-2448.320981,4270.76777,-1822.644691,LL
59.54101648,-45.44680715,-14.11776403,-2517.169633,4183.061349,-1666.089338,LL
69.96419341,-56.55004299,-13.43766434,-2583.534095,4091.226409,-1507.889742,LL
80.31826405,-67.59744669,-12.7442904,-2647.349192,3995.353962,-1348.201918,LL
90.59300603,-78.57811171,-12.03832602,-2708.551629,3895.53824,-1187.183567,LL
100.7782836,-89.48120554,-11.32046838,-2767.081323,3791.878131,-1024.993486,LL
110.8640409,-100.2959641,-10.59142544,-2822.880196,3684.475554,-861.7918468,LL
120.8403287,-111.0117185,-9.851917152,-2875.893498,3573.436883,-697.7395988,LL
130.6972975,-121.6178896,-9.102672844,-2926.068594,3458.87132,-532.9987529,LL
140.4252237,-132.1040144,-8.344432412,-2973.356284,3340.892306,-367.7317775,LL
150.014503,-142.4597404,-7.577943664,-3017.709585,3219.615894,-202.101882,LL
159.455676,-152.6748517,-6.803963516,-3059.08504,3095.162147,-36.27241229,LL
168.7394213,-162.7392633,-6.023255311,-3097.441504,2967.653508,129.5928672,LL
177.856581,-172.6430467,-5.236589994,-3132.741435,2837.216191,295.3303782,LL
186.7981536,-182.3764241,-4.444743428,-3164.949685,2703.978543,460.7764471,LL
195.5553188,-191.9297939,-3.648497552,-3194.03478,2568.072432,625.7679091,LL
204.1194304,-201.2937241,-2.848637684,-3219.967705,2429.631603,790.1418274,LL
212.4820406,-210.4589775,-2.045953667,-3242.723178,2288.793058,953.7360946,LL
220.6348925,-219.4165052,-1.241237177,-3262.278432,2145.695411,1116.389153,LL
228.5699443,-228.1574712,-0.435282849,-3278.614478,2000.480257,1277.940594,LL
236.2793609,-236.6732452,0.371114414,-3291.714886,1853.290532,1438.230876,LL
243.7555383,-244.9554271,1.177158319,-3301.567034,1704.271868,1597.10192,LL
250.9910942,-252.9958395,1.982053874,-3308.160893,1553.570955,1754.396832,LL
257.978892,-260.7865514,2.785006269,-3311.490263,1401.33689,1909.96049,LL
264.7120317,-268.3198703,3.58522356,-3311.551551,1247.719537,2063.639261,LL
271.1838724,-275.5883658,4.381915557,-3308.345002,1092.870869,2215.281592,LL
277.3880232,-282.5848607,5.174296493,-3301.873475,936.943333,2364.737722,LL
283.3183654,-289.3024544,5.961583912,-3292.143664,780.0911801,2511.860264,LL
288.9690424,-295.7345133,6.743001327,-3279.164863,622.4688351,2656.503919,LL
294.3344817,-301.8746939,7.517777103,-3262.950188,464.2322211,2798.526047,LL
299.4093842,-307.7169324,8.2851471,-3243.515334,305.5371303,2937.786382,LL
304.1887457,-313.2554674,9.044353546,-3220.879787,146.5405434,3074.1476,LL
308.6678455,-318.4848289,9.794647665,-3195.065581,-12.6009966,3207.475019,LL
312.8422672,-323.3998602,10.53528854,-3166.098495,-171.7300693,3337.637171,LL
316.7078873,-327.9957068,11.26554571,-3134.006813,-330.6899999,3464.505493,LL
320.2608947,-332.267837,11.98469804,-3098.822507,-489.3235482,3587.954888,LL
323.4977792,-336.212031,12.69203628,-3060.58,-647.4745274,3707.86342,LL
326.4153502,-339.8244,13.3868619,-3019.317332,-804.9864969,3824.11286,LL
329.0107246,-343.1013754,14.06848966,-2975.074925,-961.7043755,3936.588379,LL
331.2813449,-346.0397269,14.73624641,-2927.896741,-1117.473138,4045.179081,LL
333.2249665,-348.6365509,15.38947362,-2877.829038,-1272.139422,4149.777696,LL
334.839675,-350.8892886,16.02752617,-2824.921527,-1425.550229,4250.281103,LL
336.1238731,-352.7957128,16.64977484,-2769.226123,-1577.554523,4346.590011,LL
337.0762974,-354.353946,17.25560508,-2710.798088,-1728.001932,4438.609481,LL
337.6960039,-355.5624467,17.84441948,-2649.694786,-1876.744343,4526.248595,LL
337.982385,-356.4200259,18.41563648,-2585.976817,-2023.634606,4609.42097,LL
337.9351543,-356.9258335,18.96869282,-2519.706764,-2168.528117,4688.044418,LL
337.5543621,-357.0793743,19.50304225,-2450.950325,-2311.281525,4762.041454,LL
336.8403805,-356.8804927,20.01815788,-2379.775059,-2451.754308,4831.338947,LL
335.7939179,-356.329389,20.51353089,-2306.251502,-2589.807479,4895.868612,LL
334.4160031,-355.4266031,20.98867288,-2230.451917,-2725.305152,4955.566662,LL
332.7079999,-354.1730299,21.44311448,-2152.451406,-2858.113251,5010.374287,LL
330.67159,-352.5699026,21.87640766,-2072.32665,-2988.101068,5060.237293,LL
328.308787,-350.6188072,22.28812437,-1990.157018,-3115.139963,5105.106578,LL
325.6219187,-348.3216653,22.67785873,-1906.023306,-3239.10492,5144.937755,LL
322.6136407,-345.6807477,23.04522568,-1820.008838,-3359.873246,5179.69162,LL
319.2869179,-342.698657,23.38986312,-1732.198207,-3477.326112,5209.333772,LL
315.6450373,-339.3783398,23.71143049,-1642.678363,-3591.347252,5233.83506,LL
311.691589,-335.7230691,24.00961088,-1551.537361,-3701.824493,5253.171202,LL
307.4304786,-331.7364561,24.28410958,-1458.865437,-3808.648456,5267.323219,LL
302.8659073,-327.4224312,24.53465615,-1364.753756,-3911.714071,5276.277041,LL
298.0023838,-322.7852557,24.76100286,-1269.295485,-4010.919271,5280.023934,LL
292.8447038,-317.829502,24.9629268,-1172.584539,-4106.166506,5278.560099,LL
287.3979612,-312.5600648,25.14022824,-1074.716652,-4197.361427,5271.887082,LL
281.6675274,-306.9821405,25.29273266,-975.788116,-4284.414385,5260.011366,LL
275.6590616,-301.1012377,25.4202891,-875.8968521,-4367.23912,5242.944773,LL
269.3784895,-294.9231562,25.52277212,-775.1411517,-4445.754244,5220.704045,LL
262.8320132,-288.453997,25.60008015,-673.620737,-4519.881923,5193.311232,LL
256.0260893,-281.7001405,25.65213733,-571.4355082,-4589.549349,5160.793265,LL
248.9674384,-274.6682557,25.67889185,-468.6865976,-4654.687422,5123.182338,LL
241.6630226,-267.3652785,25.68031775,-365.4751186,-4715.232206,5080.515466,LL
234.1200543,-259.7984198,25.65641316,-261.9032153,-4771.123603,5032.834859,LL
226.3459738,-251.9751434,25.60720214,-158.0728144,-4822.306802,4980.187468,LL
218.3484569,-243.9031737,25.5327328,-54.08666978,-4868.730945,4922.625354,LL
210.1353924,-235.590473,25.43307907,49.95288232,-4910.350562,4860.20522,LL
201.7148893,-227.0452486,25.30833886,153.9428822,-4947.124236,4792.98877,LL
193.095254,-218.2759301,25.15863572,257.7809891,-4979.016019,4721.042236,LL
184.2849968,-209.2911752,24.98411694,361.3644429,-5005.994094,4644.436723,LL
175.2928085,-200.0998473,24.78495519,464.5913033,-5028.032181,4563.24773,LL
166.1275671,-190.7110207,24.56134659,567.3594142,-5045.108187,4477.555481,LL
156.7983138,-181.1339573,24.31351223,669.5676392,-5057.205603,4387.444444,LL
147.3142592,-171.3781124,24.04169628,771.1148282,-5064.312148,4293.003648,LL
137.6847593,-161.4531099,23.74616741,871.9010488,-5066.421152,4194.326194,LL
127.9193208,-151.3687484,23.42721684,971.8265552,-5063.53019,4091.509565,LL
118.0275774,-141.1349763,23.08515977,1070.793015,-5055.642457,3984.655129,LL
108.0192948,-130.7618966,22.72033334,1168.702478,-5042.765397,3873.868437,LL
97.9043462,-120.2597428,22.33309801,1265.458601,-5024.912058,3759.258724,LL
87.69271752,-109.6388829,21.92383552,1360.965617,-5002.099719,3640.939195,LL
77.39448274,-98.90979461,21.49295018,1455.129552,-4974.351233,3519.026517,LL
67.01980865,-88.08307001,21.0408668,1547.857197,-4941.693645,3393.641104,LL
56.57893013,-77.16939011,20.56803195,1639.057322,-4904.159522,3264.906595,LL
46.08215473,-66.17952901,20.07491184,1728.639644,-4861.785569,3132.950135,LL
35.53983784,-55.12432875,19.56199355,1816.516034,-4814.613941,2997.901852,LL
24.96238711,-44.01470311,19.02978283,1902.59949,-4762.690854,2859.895119,LL
14.36023756,-32.86161233,18.47880535,1986.805337,-4706.067885,2719.066034,LL
3.743855881,-21.67606677,17.90960442,2069.050197,-4644.800579,2575.553677,LL
-6.87628449,-10.46910162,17.32274221,2149.25318,-4578.949735,2429.499579,LL
-17.48969912,0.748219618,16.71879744,2227.334859,-4508.580004,2281.047976,LL
-28.08591747,11.96483038,16.09836657,2303.218453,-4433.761168,2130.345274,LL
-38.65447874,23.16965765,15.46206146,2376.828799,-4354.56673,1977.540295,LL
-49.18495664,34.3516472,14.81051049,2448.093526,-4271.075179,1822.783743,LL
-59.66695527,45.49976016,14.14435624,2516.942032,-4183.368577,1666.22844,LL
-70.09013374,56.60299828,13.46425654,2583.306645,-4091.533813,1508.028792,LL
-80.44420205,67.65040043,12.77088215,2647.121596,-3995.661185,1348.341018,LL
-90.71894558,78.63106772,12.06491777,2708.324183,-3895.845639,1187.322614,LL
-100.9042208,89.53416,11.34705968,2766.853732,-3792.18535,1025.132583,LL
-110.9899797,100.3489208,10.61801674,2822.652755,-3684.782948,861.9308906,LL
-120.9662652,111.0646737,9.878507998,2875.665912,-3573.744098,697.8786932,LL
-130.8232355,121.6708471,9.12926369,2925.841157,-3459.178709,533.1377941,LL
-140.5511594,132.1569704,8.371022808,2973.128703,-3341.199516,367.8708691,LL
-150.1404402,142.5126986,7.60453406,3017.482153,-3219.923278,202.2409205,LL
-159.5816109,152.7278084,6.830553462,3058.857464,-3095.469352,36.41150111,LL
-168.8653577,162.7922222,6.049845257,3097.214076,-2967.960887,-129.4538314,LL
-177.9825151,172.6960041,5.263179491,3132.513864,-2837.523391,-295.1912921,LL
-186.9240892,182.4293838,4.471332925,3164.722262,-2704.285917,-460.6374139,LL
-195.6812522,191.9827521,3.675086601,3193.807214,-2568.379628,-625.6288259,LL
-204.2453652,201.3466844,2.875226731,3219.740286,-2429.938972,-790.0027968,LL
-212.6079731,210.5119364,2.072542268,3242.495617,-2289.100249,-953.5970142,LL
-220.7608266,219.4694663,1.267825777,3262.051018,-2146.002774,-1116.250125,LL
-228.6958761,228.2104308,0.461871003,3278.386922,-2000.787444,-1277.801516,LL
-236.4052942,236.726207,-0.344526262,3291.487476,-1853.597891,-1438.09185,LL
-243.8814693,245.0083874,-1.150570612,3301.339483,-1704.57905,-1596.962846,LL
-251.1170267,253.048802,-1.955466169,3307.933488,-1553.878309,-1754.25781,LL
-258.1048222,260.8395124,-2.758419007,3311.262717,-1401.644068,-1909.821418,LL
-264.8379634,268.3728336,-3.558636301,3311.32415,-1248.026886,-2063.500241,LL
-271.3098018,275.6413276,-4.355328741,3308.117461,-1093.178043,-2215.142523,LL
-277.5139541,282.6378247,-5.14770968,3301.646079,-937.2506766,-2364.598705,LL
-283.444294,289.3554169,-5.934997541,3291.916127,-780.3983489,-2511.721198,LL
-289.0949725,295.787478,-6.716414958,3278.937472,-622.7761736,-2656.364904,LL
-294.4604095,301.9276571,-7.491191176,3262.722656,-464.5393854,-2798.386983,LL
-299.5353136,307.7698979,-8.258561176,3243.287947,-305.8444638,-2937.64737,LL
-304.3146728,313.3084313,-9.017768062,3220.652261,-146.8477031,-3074.008539,LL
-308.793774,318.5377951,-9.768062185,3194.838199,12.29366815,-3207.33601,LL
-312.9681935,323.4528249,-10.5087035,3165.870973,171.4229142,-3337.498113,LL
-316.833815,328.0486737,-11.23896068,3133.779435,330.3826764,-3464.366486,LL
-320.3868202,332.3208025,-11.95811345,3098.594991,489.0163976,-3587.815832,LL
-323.6237061,336.2649986,-12.66545169,3060.352627,647.1672091,-3707.724416,LL
-326.5412749,339.8773662,-13.36027775,3019.089821,804.6793509,-3823.973808,LL
-329.1366508,343.1543437,-14.04190551,2974.847556,961.3970622,-3936.449377,LL
-331.4072689,346.0926938,-14.7096627,2927.669234,1117.165997,-4045.040031,LL
-333.3508919,348.68952,-15.36288991,2877.601674,1271.832114,-4149.638697,LL
-334.9655982,350.9422562,-16.00094289,2824.694026,1425.243092,-4250.142055,LL
-336.2497977,352.8486826,-16.62319157,2768.998763,1577.24722,-4346.451014,LL
-337.2022197,354.4069144,-17.22902224,2710.570592,1727.694799,-4438.470436,LL
-337.8219277,355.6154172,-17.81783665,2649.467431,1876.437045,-4526.109601,LL
-338.1083066,356.472995,-18.38905408,2585.749325,2023.327478,-4609.281928,LL
-338.0610773,356.9788048,-18.94211043,2519.479413,2168.220824,-4687.905427,LL
-337.6802829,357.1323441,-19.47646029,2450.722839,2310.974402,-4761.902416,LL
-336.9663027,356.9334647,-19.99157593,2379.547713,2451.44702,-4831.199958,LL
-335.9198379,356.3823596,-20.48694938,2306.02402,2589.50036,-4895.729576,LL
-334.5419245,355.4795759,-20.96209137,2230.224576,2724.997869,-4955.427676,LL
-332.8339191,354.2260012,-21.4165334,2152.22393,2857.806137,-5010.235253,LL
-330.7975106,352.6228761,-21.84982659,2072.099314,2987.79379,-5060.09831,LL
-328.4347054,350.6717793,-22.26154373,1989.929546,3114.832853,-5104.967547,LL
-325.7478385,348.3746395,-22.6512781,1905.795974,3238.797647,-5144.798774,LL
-322.7395583,345.7337205,-23.01864548,1819.781371,3359.566142,-5179.552592,LL
-319.412837,342.7516319,-23.36328293,1731.970879,3477.018844,-5209.194794,LL
-315.7709541,339.4313133,-23.68485072,1642.450902,3591.040151,-5233.696035,LL
-311.8175073,335.7760448,-23.98303112,1551.310038,3701.51723,-5253.032227,LL
-307.5563947,331.7894304,-24.25753025,1458.637981,3808.34136,-5267.184197,LL
-302.9918248,327.4754076,-24.50807682,1364.526437,3911.406813,-5276.138068,LL
-298.128299,322.8382307,-24.73442397,1269.068033,4010.61218,-5279.884915,LL
-292.9706204,317.8824792,-24.93634791,1172.357225,4105.859253,-5278.421128,LL
-287.5238756,312.6130406,-25.11364978,1074.489205,4197.05434,-5271.748065,LL
-281.7934433,307.0351184,-25.26615421,975.5608069,4284.107137,-5259.872398,LL
-275.7849753,301.1542142,-25.39371107,875.6694106,4366.932038,-5242.805759,LL
-269.5044046,294.9761349,-25.49619411,774.9138473,4445.447002,-5220.56508,LL
-262.9579261,288.5069743,-25.57350256,673.3933005,4519.574845,-5193.17222,LL
-256.1520036,281.7531199,-25.62555975,571.2082084,4589.242112,-5160.654303,LL
-249.0933505,274.7212337,-25.65231469,468.4591661,4654.380349,-5123.043329,LL
-241.788936,267.4182586,-25.6537406,365.2478233,4714.924973,-5080.376506,LL
-234.2459656,259.8513985,-25.62983644,261.6757888,4770.816535,-5032.695853,LL
-226.4718865,252.0281242,-25.58062543,157.8455237,4821.999574,-4980.048511,LL
-218.4743674,243.9561532,-25.50615651,53.85924825,4868.423881,-4922.48635,LL
-210.2613042,235.6434546,-25.40650279,-50.1801683,4910.04334,-4860.066265,LL
-201.840799,227.0982289,-25.28176301,-154.1702987,4946.817177,-4792.849769,LL
-193.2211651,218.3289124,-25.13205987,-258.0082704,4978.708802,-4720.903284,LL
-184.4109057,209.3441563,-24.95754152,-361.5918544,5005.68704,-4644.297726,LL
-175.4187187,200.1528304,-24.75837978,-464.81858,5027.724969,-4563.108781,LL
-166.2534752,190.7640024,-24.53477159,-567.5868207,5044.801137,-4477.416486,LL
-156.9242232,181.1869412,-24.28693725,-669.7949113,5056.898396,-4387.305497,LL
-147.4401666,171.4310949,-24.01512171,-771.3422297,5064.005103,-4292.864656,LL
-137.8106679,161.5060945,-23.71959286,-872.1283163,5066.11395,-4194.18725,LL
-128.0452274,151.4217316,-23.40064271,-972.0539517,5063.223149,-4091.370575,LL
-118.1534853,141.1879616,-23.05858565,-1071.020278,5055.33526,-3984.516187,LL
-108.1452006,130.8148806,-22.69375964,-1168.929869,5042.458361,-3873.72945,LL
-98.03025326,120.3127289,-22.30652432,-1265.685859,5024.604866,-3759.119785,LL
-87.81862246,109.6918676,-21.89726225,-1361.193003,5001.792688,-3640.800211,LL
-77.520389,98.96278142,-21.46637692,-1455.356805,4974.044046,-3518.887581,LL
-67.14571279,88.1360555,-21.01429395,-1548.084579,4941.386618,-3393.502122,LL
-56.70483558,77.22237766,-20.54145912,-1639.284571,4903.852341,-3264.767661,LL
-46.20805807,66.23251524,-20.04833942,-1728.86702,4861.478547,-3132.811156,LL
-35.66574249,55.17731705,-19.53542115,-1816.743278,4814.306764,-2997.76292,LL
-25.08828966,44.0676901,-19.00321085,-1902.826862,4762.383836,-2859.756143,LL
-14.48614141,32.91460137,-18.45223338,-1987.032577,4705.760713,-2718.927105,LL
-3.869757631,21.72905451,-17.88303287,-2069.277563,4644.493566,-2575.414704,LL
6.750381444,10.5220914,-17.29617067,-2149.480415,4578.642568,-2429.360653,LL
17.36379817,-0.695231137,-16.69222631,-2227.56222,4508.272996,-2280.909005,LL
27.96001523,-11.91183986,-16.07179546,-2303.445683,4433.454007,-2130.20635,LL
38.52857859,-23.11666842,-15.43549076,-2377.056155,4354.259727,-1977.401327,LL
49.05905521,-34.29865592,-14.7839398,-2448.320752,4270.768023,-1822.644821,LL
59.54105591,-45.44677018,-14.11778596,-2517.169383,4183.061578,-1666.089475,LL
69.96423311,-56.55000626,-13.43768628,-2583.533866,4091.226662,-1507.889873,LL
80.3183035,-67.5974097,-12.7443123,-2647.348943,3995.354191,-1348.202055,LL
90.59304575,-78.57807496,-12.03834794,-2708.5514,3895.538493,-1187.183698,LL
100.778323,-89.48116852,-11.32049026,-2767.081074,3791.87836,-1024.993623,LL
110.8640806,-100.2959273,-10.59144733,-2822.879967,3684.475807,-861.791977,LL
120.8403682,-111.0116814,-9.851939003,-2875.893248,3573.437113,-697.7397358,LL
130.6973372,-121.6178528,-9.102694712,-2926.068364,3458.871573,-532.998883,LL
140.4252632,-132.1039774,-8.344454238,-2973.356034,3340.892536,-367.7319144,LL
150.0145428,-142.4597036,-7.577965508,-3017.709355,3219.616147,-202.1020119,LL
159.4557155,-152.6748147,-6.803985318,-3059.084791,3095.162377,-36.27254908,LL
168.7394611,-162.7392264,-6.02327713,-3097.441274,2967.653762,129.5927374,LL
177.8566206,-172.6430096,-5.236611771,-3132.741185,2837.21642,295.3302415,LL
186.7981934,-182.3763873,-4.444765224,-3164.949455,2703.978796,460.7763174,LL
195.5553584,-191.9297568,-3.648519306,-3194.03453,2568.072662,625.7677726,LL
204.1194702,-201.2936872,-2.848659456,-3219.967474,2429.631857,790.1416977,LL
212.4820802,-210.4589404,-2.045975398,-3242.722928,2288.793288,953.7359582,LL
220.6349324,-219.4164683,-1.241258926,-3262.278201,2145.695664,1116.389024,LL
228.5699839,-228.157434,-0.435304557,-3278.614228,2000.480487,1277.940458,LL
236.2794008,-236.6732082,0.371092688,-3291.714655,1853.290785,1438.230746,LL
243.7555779,-244.9553899,1.177136635,-3301.566784,1704.272098,1597.101784,LL
250.9911341,-252.9958025,1.982032171,-3308.160663,1553.571209,1754.396703,LL
257.9789317,-260.7865142,2.784984607,-3311.490013,1401.33712,1909.960354,LL
264.7120716,-268.3198333,3.58520188,-3311.55132,1247.71979,2063.639131,LL
271.1839121,-275.5883286,4.381893918,-3308.344752,1092.8711,2215.281456,LL
277.3880631,-282.5848237,5.174274835,-3301.873244,936.9435866,2364.737593,LL
283.3184051,-289.3024171,5.961562294,-3292.143413,780.0914106,2511.860129,LL
288.9690823,-295.7344763,6.742979691,-3279.164632,622.4690887,2656.50379,LL
294.3345214,-301.8746566,7.517755507,-3262.949937,464.2324518,2798.525911,LL
299.4094242,-307.7168954,8.285125485,-3243.515103,305.537384,2937.786253,LL
304.1887855,-313.2554301,9.044331972,-3220.879537,146.5407741,3074.147464,LL
308.6678855,-318.4847918,9.794626072,-3195.06535,-12.60074289,3207.474891,LL
312.842307,-323.3998229,10.53526699,-3166.098244,-171.7298384,3337.637035,LL
316.7079273,-327.9956697,11.26552414,-3134.006581,-330.6897461,3464.505364,LL
320.2609345,-332.2677997,11.98467651,-3098.822257,-489.3233172,3587.954752,LL
323.4978192,-336.2119938,12.69201473,-3060.579768,-647.4742736,3707.863291,LL
326.41539,-339.8243627,13.38684039,-3019.317082,-804.9862658,3824.112725,LL
329.0107647,-343.1013382,14.06846813,-2975.074693,-961.7041216,3936.58825,LL
331.2813848,-346.0396895,14.73622492,-2927.89649,-1117.472907,4045.178946,LL
333.2250066,-348.6365138,15.38945211,-2877.828806,-1272.139169,4149.777567,LL
334.8397149,-350.8892512,16.0275047,-2824.921276,-1425.549998,4250.280967,LL
336.1239133,-352.7956756,16.64975335,-2769.225891,-1577.554269,4346.589882,LL
337.0763373,-354.3539086,17.25558363,-2710.797837,-1728.0017,4438.609346,LL
337.696044,-355.5624095,17.84439801,-2649.694554,-1876.744089,4526.248467,LL
337.982425,-356.4199885,18.41561505,-2585.976566,-2023.634374,4609.420835,LL
337.9351945,-356.9257963,18.96867137,-2519.706532,-2168.527863,4688.04429,LL
337.5544021,-357.0793368,19.50302084,-2450.950074,-2311.281294,4762.04132,LL
336.8404207,-356.8804555,20.01813645,-2379.774826,-2451.754054,4831.338818,LL
335.7939578,-356.3293515,20.5135095,-2306.251251,-2589.807247,4895.868477,LL
334.4160433,-355.4265659,20.98865147,-2230.451685,-2725.304898,4955.566533,LL
332.7080399,-354.1729924,21.44309311,-2152.451155,-2858.113019,5010.374152,LL
330.6716302,-352.5698653,21.87638627,-2072.326418,-2988.100814,5060.237165,LL
328.3088269,-350.6187697,22.28810301,-1990.156767,-3115.139731,5105.106443,LL
325.6219589,-348.321628,22.67783736,-1906.023073,-3239.104666,5144.937627,LL
322.6136807,-345.6807102,23.04520434,-1820.008587,-3359.873014,5179.691486,LL
319.2869582,-342.6986197,23.38984177,-1732.197974,-3477.325858,5209.333644,LL
315.6450773,-339.3783022,23.71140917,-1642.678112,-3591.347019,5233.834926,LL
311.6916293,-335.7230318,24.00958954,-1551.537128,-3701.824239,5253.171075,LL
307.4305186,-331.7364185,24.28408828,-1458.865186,-3808.648224,5267.323085,LL
302.8659476,-327.4223939,24.53463483,-1364.753523,-3911.713816,5276.276913,LL
298.0024238,-322.7852181,24.76098158,-1269.295233,-4010.919039,5280.0238,LL
292.8447441,-317.8294647,24.9629055,-1172.584306,-4106.166252,5278.559971,LL
287.3980012,-312.5600272,25.14020698,-1074.7164,-4197.361194,5271.886947,LL
281.6675678,-306.9821032,25.29271138,-975.7878829,-4284.414131,5260.011238,LL
275.6591017,-301.1012001,25.42026785,-875.8966009,-4367.238888,5242.944639,LL
269.3785299,-294.9231189,25.52275086,-775.1409185,-4445.75399,5220.703918,LL
262.8320533,-288.4539594,25.60005892,-673.6204857,-4519.88169,5193.311098,LL
256.0261297,-281.7001031,25.65211609,-571.4352749,-4589.549094,5160.793138,LL
248.9674785,-274.6682181,25.67887064,-468.6863463,-4654.687189,5123.182204,LL
241.6630629,-267.3652411,25.68029651,-365.4748852,-4715.231951,5080.515339,LL
234.1200944,-259.7983821,25.65639197,-261.902964,-4771.12337,5032.834725,LL
226.3460142,-251.9751059,25.60718093,-158.0725808,-4822.306547,4980.187341,LL
218.348497,-243.903136,25.53271162,-54.08641838,-4868.730712,4922.62522,LL
210.1354328,-235.5904355,25.43305787,49.95311593,-4910.350308,4860.205093,LL
201.7149295,-227.045211,25.3083177,153.9431336,-4947.124003,4792.988636,LL
193.0952945,-218.2758926,25.15861454,257.7812228,-4979.015764,4721.042109,LL
184.285037,-209.2911375,24.9840958,361.3646943,-5005.993861,4644.43659,LL
175.2928489,-200.0998098,24.78493403,464.5915371,-5028.031926,4563.247603,LL
166.1276073,-190.710983,24.56132546,567.3596657,-5045.107953,4477.555348,LL
156.7983542,-181.1339199,24.31349108,669.5678731,-5057.205348,4387.444317,LL
147.3142994,-171.3780746,24.04167517,771.1150797,-5064.311915,4293.003515,LL
137.6847997,-161.4530724,23.74614628,871.9012828,-5066.420897,4194.326067,LL
127.9193611,-151.3687107,23.42719574,971.8268068,-5063.529956,4091.509432,LL
118.0276179,-141.1349387,23.08513865,1070.793249,-5055.642202,3984.655002,LL
108.0193351,-130.7618589,22.72031226,1168.70273,-5042.765163,3873.868304,LL
97.90438668,-120.2597053,22.33307691,1265.458835,-5024.911803,3759.258597,LL
87.69275778,-109.6388451,21.92381445,1360.965869,-5002.099485,3640.939062,LL
77.39452324,-98.90975706,21.49292909,1455.129786,-4974.350978,3519.026391,LL
67.01984892,-88.08303223,21.04084574,1547.857449,-4941.693411,3393.640971,LL
56.57897063,-77.16935254,20.56801088,1639.057556,-4904.159267,3264.906468,LL
46.08219501,-66.17949121,20.0748908,1728.639895,-4861.785335,3132.950003,LL
35.53987836,-55.12429118,19.56197249,1816.516268,-4814.613686,2997.901725,LL
24.96242741,-44.0146653,19.02976181,1902.599742,-4762.690619,2859.894986,LL
14.3602781,-32.86157474,18.47878431,1986.805572,-4706.06763,2719.065907,LL
3.743896196,-21.67602895,17.90958342,2069.050449,-4644.800345,2575.553544,LL
-6.876243941,-10.46906401,17.32272118,2149.253414,-4578.94948,2429.499453,LL
-17.48965879,0.748257454,16.71877645,2227.335111,-4508.57977,2281.047843,LL
-28.08587691,11.964868,16.09834556,2303.218688,-4433.760913,2130.345147,LL
-38.6544384,23.1696955,15.46204048,2376.82905,-4354.566496,1977.540162,LL
-49.18491607,34.35168483,14.81048949,2448.093761,-4271.074924,1822.783616,LL
-59.66691491,45.49979802,14.14433527,2516.942284,-4183.368343,1666.228308,LL
-70.09009316,56.60303593,13.46423555,2583.30688,-4091.533558,1508.028665,LL
-80.44416168,67.6504383,12.7708612,2647.121848,-3995.660951,1348.340885,LL
-90.71890498,78.63110538,12.0648968,2708.324418,-3895.845384,1187.322488,LL
-100.9041804,89.53419789,11.34703874,2766.853984,-3792.185115,1025.132451,LL
-110.989939,100.3489585,10.61799578,2822.65299,-3684.782693,861.9307643,LL
-120.9662248,111.0647116,9.878487074,2875.666164,-3573.743863,697.8785609,LL
-130.8231948,121.6708847,9.129242747,2925.841392,-3459.178454,533.1376678,LL
-140.551119,132.1570083,8.371001897,2973.128955,-3341.199281,367.8707369,LL
-150.1403996,142.5127363,7.60451313,3017.482388,-3219.923023,202.2407943,LL
-159.5815705,152.7278463,6.830532565,3058.857716,-3095.469117,36.41136895,LL
-168.865317,162.7922599,6.04982434,3097.214311,-2967.960632,-129.4539575,LL
-177.9824747,172.696042,5.263158606,3132.514116,-2837.523156,-295.1914242,LL
-186.9240486,182.4294215,4.471312021,3164.722497,-2704.285662,-460.63754,LL
-195.6812117,191.98279,3.675065729,3193.807466,-2568.379393,-625.6289579,LL
-204.2453246,201.3467222,2.87520584,3219.740521,-2429.938717,-790.0029229,LL
-212.6079327,210.5119743,2.072521409,3242.495869,-2289.100014,-953.5971461,LL
-220.7607859,219.469504,1.267804899,3262.051253,-2146.002519,-1116.250251,LL
-228.6958356,228.2104687,0.461850157,3278.387174,-2000.787209,-1277.801648,LL
-236.4052535,236.7262447,-0.344547127,3291.487711,-1853.597635,-1438.091976,LL
-243.8814288,245.0084254,-1.150591446,3301.339736,-1704.578815,-1596.962977,LL
-251.116986,253.0488398,-1.955487022,3307.933724,-1553.878053,-1754.257936,LL
-258.1047817,260.8395504,-2.758439829,3311.262969,-1401.643832,-1909.821549,LL
-264.8379227,268.3728713,-3.558657142,3311.324386,-1248.02663,-2063.500367,LL
-271.3097613,275.6413656,-4.355349551,3308.117713,-1093.177807,-2215.142654,LL
-277.5139134,282.6378625,-5.147730509,3301.646315,-937.2504212,-2364.598831,LL
-283.4442535,289.3554549,-5.935018338,3291.91638,-780.3981134,-2511.72133,LL
-289.0949318,295.7875158,-6.716435776,3278.937707,-622.7759182,-2656.36503,LL
-294.460369,301.9276951,-7.491211962,3262.722909,-464.5391498,-2798.387115,LL
-299.5352728,307.7699357,-8.258581981,3243.288183,-305.8442083,-2937.647496,LL
-304.3146323,313.3084694,-9.017788836,3220.652513,-146.8474674,-3074.00867,LL
-308.7937333,318.5378329,-9.768082978,3194.838435,12.29392367,-3207.336136,LL
-312.968153,323.4528629,-10.50872426,3165.871226,171.4231499,-3337.498244,LL
-316.8337742,328.0487115,-11.23898146,3133.779671,330.382932,-3464.366611,LL
-320.3867796,332.3208405,-11.9581342,3098.595243,489.0166334,-3587.815964,LL
-323.6236653,336.2650364,-12.66547246,3060.352863,647.1674646,-3707.724541,LL
-326.5412344,339.8774043,-13.36029849,3019.090074,804.6795868,-3823.973939,LL
-329.13661,343.1543816,-14.04192627,2974.847793,961.3973178,-3936.449502,LL
-331.4072283,346.0927319,-14.70968343,2927.669487,1117.166232,-4045.040162,LL
-333.3508511,348.6895579,-15.36291066,2877.60191,1271.83237,-4149.638822,LL
-334.9655576,350.9422943,-16.00096361,2824.694278,1425.243329,-4250.142187,LL
-336.2497569,352.8487205,-16.6232123,2768.998999,1577.247475,-4346.45114,LL
-337.2021791,354.4069525,-17.22904295,2710.570844,1727.695035,-4438.470568,LL
-337.8218869,355.6154551,-17.81785737,2649.467668,1876.437301,-4526.109727,LL
-338.108266,356.4730331,-18.38907478,2585.749578,2023.327714,-4609.282059,LL
-338.0610365,356.9788427,-18.94213115,2519.47965,2168.22108,-4687.905553,LL
-337.6802423,357.1323822,-19.47648098,2450.723091,2310.974638,-4761.902547,LL
-336.9662619,356.9335026,-19.99159663,2379.547949,2451.447276,-4831.200083,LL
-335.9197973,356.3823977,-20.48697005,2306.024273,2589.500596,-4895.729706,LL
-334.5418837,355.4796138,-20.96211207,2230.224813,2724.998125,-4955.427801,LL
-332.8338785,354.2260394,-21.41655407,2152.224182,2857.806374,-5010.235384,LL
-330.7974698,352.622914,-21.84984728,2072.09955,2987.794045,-5060.098435,LL
-328.4346647,350.6718174,-22.26156438,1989.929799,3114.83309,-5104.967678,LL
-325.7477977,348.3746774,-22.65129877,1905.79621,3238.797903,-5144.798899,LL
-322.7395177,345.7337587,-23.01866612,1819.781624,3359.566378,-5179.552723,LL
-319.4127961,342.7516699,-23.36330359,1731.971116,3477.0191,-5209.194919,LL
-315.7709135,339.4313515,-23.68487135,1642.451154,3591.040388,-5233.696166,LL
-311.8174664,335.7760828,-23.98305178,1551.310275,3701.517486,-5253.032352,LL
-307.556354,331.7894686,-24.25755088,1458.638233,3808.341597,-5267.184328,LL
-302.9917839,327.4754456,-24.50809747,1364.526674,3911.407069,-5276.138193,LL
-298.1282584,322.8382689,-24.73444458,1269.068286,4010.612417,-5279.885045,LL
-292.9705795,317.8825172,-24.93636855,1172.357462,4105.859509,-5278.421253,LL
-287.523835,312.6130788,-25.11367039,1074.489458,4197.054577,-5271.748195,LL
-281.7934024,307.0351564,-25.26617483,975.5610439,4284.107393,-5259.872523,LL
-275.7849346,301.1542524,-25.39373167,875.6696633,4366.932275,-5242.80589,LL
-269.5043637,294.9761729,-25.49621472,774.9140843,4445.447257,-5220.565205,LL
-262.9578854,288.5070125,-25.57352315,673.3935532,4519.575082,-5193.172351,LL
-256.1519627,281.7531579,-25.62558036,571.2084455,4589.242367,-5160.654428,LL
-249.0933097,274.7212719,-25.65233527,468.4594188,4654.380586,-5123.04346,LL
-241.7888951,267.4182966,-25.65376119,365.2480606,4714.925229,-5080.376631,LL
-234.2459249,259.8514367,-25.62985701,261.6760415,4770.816772,-5032.695983,LL
-226.4718455,252.0281623,-25.58064601,157.845761,4821.99983,-4980.048636,LL
-218.4743266,243.9561914,-25.50617706,53.85950099,4868.424118,-4922.486481,LL
-210.2612633,235.6434926,-25.40652337,-50.17993099,4910.043596,-4860.06639,LL
-201.8407583,227.0982671,-25.28178355,-154.1700459,4946.817414,-4792.849899,LL
-193.2211242,218.3289505,-25.13208044,-258.008033,4978.709058,-4720.903409,LL
-184.410865,209.3441945,-24.95756206,-361.5916016,5005.687277,-4644.297856,LL
-175.4186778,200.1528684,-24.75840034,-464.8183426,5027.725225,-4563.108905,LL
-166.2534344,190.7640407,-24.53479212,-567.586568,5044.801374,-4477.416616,LL
-156.9241823,181.1869792,-24.2869578,-669.7946738,5056.898652,-4387.305622,LL
-147.4401258,171.4311331,-24.01514224,-771.3419769,5064.005341,-4292.864786,LL
-137.810627,161.5061325,-23.7196134,-872.1280788,5066.114206,-4194.187374,LL
-128.0451866,151.4217699,-23.40066322,-972.0536989,5063.223387,-4091.370705,LL
-118.1534443,141.1879996,-23.05860618,-1071.02004,5055.335516,-3984.516311,LL
-108.1451598,130.8149189,-22.69378014,-1168.929617,5042.458599,-3873.72958,LL
-98.03021228,120.312767,-22.30654485,-1265.685622,5024.605122,-3759.11991,LL
-87.81858167,109.6919059,-21.89728274,-1361.192751,5001.792925,-3640.800341,LL
-77.52034801,98.96281949,-21.46639744,-1455.356568,4974.044302,-3518.887705,LL
-67.145672,88.13609377,-21.01431444,-1548.084326,4941.386856,-3393.502252,LL
-56.70479458,77.22241574,-20.54147963,-1639.284333,4903.852596,-3264.767785,LL
-46.20801727,66.23255352,-20.04835991,-1728.866767,4861.478785,-3132.811286,LL
-35.66570148,55.17735514,-19.53544165,-1816.74304,4814.30702,-2997.763045,LL
-25.08824885,44.06772839,-19.00323132,-1902.826609,4762.384074,-2859.756272,LL
-14.4861004,32.91463947,-18.45225387,-1987.032339,4705.760969,-2718.92723,LL
-3.869716812,21.7290928,-17.88305333,-2069.27731,4644.493804,-2575.414833,LL
6.750422464,10.52212951,-17.29619115,-2149.480177,4578.642824,-2429.360777,LL
17.36383899,-0.695192834,-16.69224677,-2227.561967,4508.273234,-2280.909135,LL
27.96005625,-11.91180175,-16.07181593,-2303.445445,4433.454263,-2130.206474,LL
38.52861942,-23.11663011,-15.43551121,-2377.055902,4354.259965,-1977.401457,LL
49.05909624,-34.29861781,-14.78396027,-2448.320514,4270.768278,-1822.644946,LL
59.54109675,-45.44673187,-14.1178064,-2517.169131,4183.061816,-1666.089605,LL
69.96427415,-56.54996814,-13.43770674,-2583.533628,4091.226918,-1507.889997,LL
80.31834435,-67.59737138,-12.74433274,-2647.34869,3995.354429,-1348.202185,LL
90.5930868,-78.57803682,-12.03836839,-2708.551162,3895.538749,-1187.183822,LL
100.7783639,-89.48113019,-11.32051069,-2767.080821,3791.878598,-1024.993753,LL
110.8641217,-100.2958891,-10.59146778,-2822.879729,3684.476063,-861.7921013,LL
120.8404091,-111.0116431,-9.851959422,-2875.892995,3573.437351,-697.7398653,LL
130.6973783,-121.6178147,-9.102715151,-2926.068126,3458.871829,-532.9990073,LL
140.4253041,-132.103939,-8.34447465,-2973.355781,3340.892774,-367.7320439,LL
150.0145839,-142.4596654,-7.577985939,-3017.709117,3219.616403,-202.1021362,LL
159.4557564,-152.6747763,-6.804005723,-3059.084538,3095.162615,-36.27267854,LL
168.7395021,-162.7391883,-6.023297554,-3097.441035,2967.654017,129.5926131,LL
177.8566615,-172.6429712,-5.236632169,-3132.740932,2837.216659,295.3301121,LL
186.7982345,-182.3763491,-4.444785641,-3164.949216,2703.979052,460.7761931,LL
195.5553993,-191.9297185,-3.648539696,-3194.034277,2568.0729,625.7676432,LL
204.1195113,-201.293649,-2.848679865,-3219.967236,2429.632113,790.1415735,LL
212.4821211,-210.458902,-2.045995781,-3242.722675,2288.793526,953.7358288,LL
220.6349735,-219.4164301,-1.241279329,-3262.277963,2145.69592,1116.3889,LL
228.5700248,-228.1573957,-0.435324933,-3278.613975,2000.480725,1277.940328,LL
236.2794419,-236.67317,0.371072293,-3291.714417,1853.291041,1438.230622,LL
243.7556188,-244.9553515,1.177116265,-3301.566531,1704.272336,1597.101655,LL
250.9911752,-252.9957643,1.982011783,-3308.160424,1553.571465,1754.396579,LL
257.9789726,-260.7864758,2.784964244,-3311.48976,1401.337359,1909.960224,LL
264.7121127,-268.3197951,3.585181498,-3311.551081,1247.720046,2063.639007,LL
271.183953,-275.5882902,4.381873561,-3308.344499,1092.871338,2215.281327,LL
277.3881043,-282.5847855,5.17425446,-3301.873006,936.9438425,2364.737469,LL
283.318446,-289.3023787,5.961541945,-3292.143161,780.0916492,2511.859999,LL
288.9691235,-295.7344381,6.742959322,-3279.164393,622.4693446,2656.503665,LL
294.3345623,-301.8746182,7.517735164,-3262.949684,464.2326904,2798.525782,LL
299.4094653,-307.7168572,8.285105123,-3243.514864,305.5376399,2937.786129,LL
304.1888264,-313.2553917,9.044311635,-3220.879284,146.5410128,3074.147335,LL
308.6679266,-318.4847536,9.794605717,-3195.065111,-12.60048701,3207.474767,LL
312.8423479,-323.3997845,10.53524666,-3166.097991,-171.7295997,3337.636906,LL
316.7079684,-327.9956315,11.26550379,-3134.006342,-330.6894902,3464.50524,LL
320.2609754,-332.2677613,11.98465619,-3098.822004,-489.3230784,3587.954623,LL
323.4978604,-336.2119556,12.69199439,-3060.579529,-647.4740177,3707.863167,LL
326.415431,-339.8243243,13.38682007,-3019.316829,-804.986027,3824.112596,LL
329.0108058,-343.1013,14.06844779,-2975.074455,-961.7038658,3936.588126,LL
331.2814257,-346.0396511,14.73620461,-2927.896237,-1117.472668,4045.178817,LL
333.2250477,-348.6364755,15.38943178,-2877.828567,-1272.138913,4149.777443,LL
334.8397559,-350.8892127,16.02748439,-2824.921024,-1425.549759,4250.280839,LL
336.1239544,-352.7956374,16.64973302,-2769.225652,-1577.554013,4346.589758,LL
337.0763782,-354.3538702,17.25556333,-2710.797584,-1728.001461,4438.609217,LL
337.6960852,-355.5623712,17.84437769,-2649.694315,-1876.743833,4526.248343,LL
337.9824659,-356.41995,18.41559475,-2585.976313,-2023.634135,4609.420706,LL
337.9352356,-356.9257581,18.96865106,-2519.706292,-2168.527607,4688.044166,LL
337.5544431,-357.0792984,19.50300055,-2450.949821,-2311.281055,4762.041191,LL
336.8404618,-356.8804172,20.01811614,-2379.774587,-2451.753798,4831.338695,LL
335.7939988,-356.3293131,20.51348922,-2306.250998,-2589.807008,4895.868348,LL
334.4160845,-355.4265276,20.98863117,-2230.451446,-2725.304642,4955.56641,LL
332.7080809,-354.172954,21.44307283,-2152.450903,-2858.11278,5010.374023,LL
330.6716714,-352.5698271,21.87636598,-2072.326179,-2988.100558,5060.237042,LL
328.3088679,-350.6187312,22.28808274,-1990.156514,-3115.139492,5105.106315,LL
325.6220001,-348.3215897,22.67781707,-1906.022834,-3239.10441,5144.937503,LL
322.6137217,-345.6806717,23.04518408,-1820.008334,-3359.872775,5179.691357,LL
319.2869994,-342.6985814,23.38982148,-1732.197735,-3477.325602,5209.33352,LL
315.6451183,-339.3782638,23.71138891,-1642.677859,-3591.34678,5233.834797,LL
311.6916705,-335.7229935,24.00956927,-1551.536889,-3701.823983,5253.170951,LL
307.4305596,-331.7363801,24.28406803,-1458.864933,-3808.647984,5267.322956,LL
302.8659888,-327.4223556,24.53461455,-1364.753283,-3911.71356,5276.276789,LL
298.0024648,-322.7851796,24.76096133,-1269.29498,-4010.918799,5280.023672,LL
292.8447853,-317.8294264,24.96288523,-1172.584067,-4106.165996,5278.559847,LL
287.3980423,-312.5599887,25.14018674,-1074.716147,-4197.360955,5271.886819,LL
281.6676089,-306.9820649,25.29269111,-975.7876434,-4284.413875,5260.011114,LL
275.6591427,-301.1011616,25.42024761,-875.896348,-4367.238648,5242.944511,LL
269.3785711,-294.9230806,25.5227306,-775.140679,-4445.753734,5220.703794,LL
262.8320943,-288.4539209,25.60003869,-673.6202328,-4519.88145,5193.31097,LL
256.0261709,-281.7000648,25.65209583,-571.4350354,-4589.548839,5160.793014,LL
248.9675195,-274.6681796,25.67885041,-468.6860933,-4654.68695,5123.182076,LL
241.6631041,-267.3652028,25.68027627,-365.4746456,-4715.231695,5080.515215,LL
234.1201355,-259.7983436,25.65637174,-261.902711,-4771.12313,5032.834597,LL
226.3460554,-251.9750676,25.60716068,-158.0723413,-4822.306291,4980.187217,LL
218.3485381,-243.9030975,25.5326914,-54.08616543,-4868.730472,4922.625092,LL
210.135474,-235.5903972,25.43303764,49.95335552,-4910.350052,4860.204969,LL
201.7149705,-227.0451725,25.30829749,153.9433865,-4947.123763,4792.988508,LL
193.0953357,-218.2758543,25.15859431,257.7814624,-4979.015509,4721.041986,LL
184.285078,-209.2910991,24.98407559,361.3649473,-5005.993621,4644.436462,LL
175.2928901,-200.0997715,24.7849138,464.5917767,-5028.03167,4563.24748,LL
166.1276483,-190.7109445,24.56130525,567.3599187,-5045.107714,4477.55522,LL
156.7983954,-181.1338815,24.31347086,669.5681128,-5057.205092,4387.444194,LL
147.3143405,-171.3780361,24.04165497,771.1153327,-5064.311675,4293.003387,LL
137.684841,-161.453034,23.74612606,871.9015225,-5066.420641,4194.325943,LL
127.9194021,-151.3686721,23.42717555,971.8270598,-5063.529716,4091.509304,LL
118.0276591,-141.1349004,23.08511844,1070.793488,-5055.641946,3984.654878,LL
108.0193761,-130.7618204,22.72029207,1168.702982,-5042.764923,3873.868176,LL
97.90442792,-120.2596669,22.3330567,1265.459075,-5024.911547,3759.258474,LL
87.69279884,-109.6388066,21.92379427,1360.966121,-5002.099245,3640.938934,LL
77.39456447,-98.90971872,21.49290889,1455.130026,-4974.350722,3519.026267,LL
67.01988999,-88.08299371,21.04082556,1547.857702,-4941.693171,3393.640842,LL
56.57901187,-77.16931419,20.56799068,1639.057796,-4904.159011,3264.906345,LL
46.08223608,-66.17945269,20.07487063,1728.640148,-4861.785095,3132.949874,LL
35.5399196,-55.12425282,19.5619523,1816.516508,-4814.61343,2997.901602,LL
24.96246849,-44.01462678,19.02974164,1902.599995,-4762.690379,2859.894858,LL
14.36031935,-32.86153639,18.47876412,1986.805812,-4706.067374,2719.065784,LL
3.743937273,-21.67599042,17.90956325,2069.050702,-4644.800105,2575.553416,LL
-6.876202692,-10.46902565,17.322701,2149.253654,-4578.949224,2429.499329,LL
-17.48961771,0.748295985,16.71875629,2227.335363,-4508.57953,2281.047715,LL
-28.08583566,11.96490637,16.09832538,2303.218928,-4433.760658,2130.345024,LL
-38.65439731,23.16973404,15.46202032,2376.829303,-4354.566256,1977.540035,LL
-49.18487482,34.3517232,14.81046931,2448.094001,-4271.074668,1822.783493,LL
-59.66687382,45.49983656,14.14431512,2516.942537,-4183.368102,1666.22818,LL
-70.0900519,56.6030743,13.46421538,2583.30712,-4091.533302,1508.028542,LL
-80.44412059,67.65047684,12.77084105,2647.122101,-3995.66071,1348.340757,LL
-90.71886372,78.63114375,12.06487663,2708.324658,-3895.845128,1187.322364,LL
-100.9041393,89.53423643,11.3470186,2766.854237,-3792.184875,1025.132323,LL
-110.9898978,100.3489968,10.61797562,2822.65323,-3684.782437,861.9306409,LL
-120.9661837,111.0647501,9.878466932,2875.666417,-3573.743623,697.878433,LL
-130.8231536,121.6709231,9.129222588,2925.841633,-3459.178198,533.1375445,LL
-140.5510779,132.1570468,8.370981759,2973.129208,-3341.199041,367.870609,LL
-150.1403583,142.5127747,7.604492975,3017.482628,-3219.922767,202.2406709,LL
-159.5815294,152.7278849,6.830512431,3058.857969,-3095.468877,36.41124112,LL
-168.8652758,162.7922983,6.049804189,3097.214551,-2967.960376,-129.4540809,LL
-177.9824336,172.6960806,5.263138477,3132.514369,-2837.522916,-295.191552,LL
-186.9240073,182.4294599,4.471291874,3164.722737,-2704.285406,-460.6376634,LL
-195.6811706,191.9828286,3.675045603,3193.807719,-2568.379152,-625.6290857,LL
-204.2452833,201.3467606,2.875185697,3219.740762,-2429.938461,-790.0030462,LL
-212.6078916,210.5120129,2.072501288,3242.496122,-2289.099774,-953.5972739,LL
-220.7607446,219.4695424,1.26778476,3262.051493,-2146.002264,-1116.250375,LL
-228.6957945,228.2105073,0.461830039,3278.387427,-2000.786968,-1277.801776,LL
-236.4052122,236.7262831,-0.344567263,3291.487952,-1853.59738,-1438.0921,LL
-243.8813877,245.0084639,-1.15061156,3301.339988,-1704.578574,-1596.963105,LL
-251.1169447,253.0488782,-1.955507153,3307.933964,-1553.877798,-1754.258059,LL
-258.1047406,260.839589,-2.758459939,3311.263222,-1401.643592,-1909.821677,LL
-264.8378814,268.3729098,-3.55867727,3311.324626,-1248.026375,-2063.50049,LL
-271.3097202,275.6414041,-4.355369657,3308.117966,-1093.177567,-2215.142782,LL
-277.5138721,282.6379009,-5.147750632,3301.646556,-937.2501656,-2364.598954,LL
-283.4442124,289.3554935,-5.935038441,3291.916633,-780.3978728,-2511.721457,LL
-289.0948905,295.7875543,-6.716455896,3278.937948,-622.7756626,-2656.365153,LL
-294.4603279,301.9277337,-7.491232061,3262.723161,-464.5389092,-2798.387242,LL
-299.5352315,307.7699741,-8.258602097,3243.288424,-305.8439528,-2937.647619,LL
-304.3145911,313.3085079,-9.017808932,3220.652766,-146.8472268,-3074.008798,LL
-308.793692,318.5378713,-9.768103091,3194.838675,12.29417919,-3207.336259,LL
-312.9681118,323.4529015,-10.50874435,3165.871479,171.4233906,-3337.498372,LL
-316.833733,328.0487499,-11.23900157,3133.779911,330.3831875,-3464.366735,LL
-320.3867385,332.3208791,-11.95815429,3098.595496,489.0168741,-3587.816091,LL
-323.623624,336.2650749,-12.66549256,3060.353103,647.1677201,-3707.724664,LL
-326.5411932,339.8774428,-13.36031857,3019.090326,804.6798275,-3823.974067,LL
-329.1365687,343.15442,-14.04194637,2974.848033,961.3975733,-3936.449626,LL
-331.4071872,346.0927705,-14.70970351,2927.669739,1117.166473,-4045.04029,LL
-333.3508098,348.6895963,-15.36293076,2877.60215,1271.832625,-4149.638945,LL
-334.9655164,350.9423329,-16.00098369,2824.694531,1425.243569,-4250.142314,LL
-336.2497156,352.8487589,-16.6232324,2768.99924,1577.247731,-4346.451263,LL
-337.202138,354.4069911,-17.22906303,2710.571097,1727.695276,-4438.470695,LL
-337.8218456,355.6154936,-17.81787746,2649.467908,1876.437556,-4526.10985,LL
-338.1082249,356.4730717,-18.38909485,2585.74983,2023.327955,-4609.282187,LL
-338.0609952,356.9788812,-18.94215124,2519.47989,2168.221335,-4687.905676,LL
-337.6802012,357.1324208,-19.47650105,2450.723344,2310.974879,-4761.902674,LL
-336.9662206,356.9335411,-19.99161672,2379.54819,2451.447531,-4831.200207,LL
-335.9197561,356.3824363,-20.48699012,2306.024526,2589.500837,-4895.729834,LL
-334.5418424,355.4796522,-20.96213215,2230.225054,2724.99838,-4955.427924,LL
-332.8338373,354.226078,-21.41657413,2152.224435,2857.806614,-5010.235511,LL
-330.7974285,352.6229525,-21.84986736,2072.099791,2987.794301,-5060.098558,LL
-328.4346236,350.671856,-22.26158444,1989.930052,3114.833331,-5104.967805,LL
-325.7477564,348.3747159,-22.65131885,1905.796451,3238.798159,-5144.799022,LL
-322.7394765,345.7337973,-23.01868618,1819.781877,3359.566619,-5179.55285,LL
-319.4127548,342.7517083,-23.36332366,1731.971357,3477.019355,-5209.195042,LL
-315.7708723,339.4313901,-23.68489141,1642.451407,3591.040629,-5233.696293,LL
-311.8174251,335.7761212,-23.98307184,1551.310516,3701.517741,-5253.032475,LL
-307.5563128,331.7895072,-24.25757093,1458.638486,3808.341838,-5267.184455,LL
-302.9917426,327.4754841,-24.50811753,1364.526915,3911.407324,-5276.138316,LL
-298.1282172,322.8383075,-24.73446463,1269.068538,4010.612658,-5279.885172,LL
-292.9705382,317.8825556,-24.93638861,1172.357703,4105.859765,-5278.421376,LL
-287.5237938,312.6131174,-25.11369043,1074.48971,4197.054818,-5271.748322,LL
-281.7933611,307.0351949,-25.26619489,975.5612849,4284.107649,-5259.872646,LL
-275.7848934,301.154291,-25.39375171,875.6699159,4366.932516,-5242.806017,LL
-269.5043224,294.9762113,-25.49623478,774.9143253,4445.447513,-5220.565328,LL
-262.9578442,288.5070511,-25.57354318,673.3938058,4519.575323,-5193.172478,LL
-256.1519213,281.7531964,-25.62560041,571.2086865,4589.242623,-5160.654551,LL
-249.0932686,274.7213105,-25.65235531,468.4596714,4654.380827,-5123.043587,LL
-241.7888538,267.4183351,-25.65378125,365.2483015,4714.925484,-5080.376754,LL
-234.2458837,259.8514754,-25.62987704,261.6762942,4770.817013,-5032.69611,LL
-226.4718042,252.0282007,-25.58066606,157.846002,4822.000086,-4980.048759,LL
-218.4742855,243.95623,-25.50619709,53.8597536,4868.42436,-4922.486608,LL
-210.261222,235.6435311,-25.40654341,-50.17968995,4910.043851,-4860.066513,LL
-201.8407171,227.0983057,-25.28180358,-154.1697933,4946.817656,-4792.850027,LL
-193.2210828,218.3289889,-25.13210049,-258.007792,4978.709313,-4720.903532,LL
-184.4108238,209.3442331,-24.95758208,-361.591349,5005.687518,-4644.297983,LL
-175.4186364,200.1529069,-24.75842038,-464.8181015,5027.72548,-4563.109028,LL
-166.2533932,190.7640793,-24.53481214,-567.5863154,5044.801616,-4477.416744,LL
-156.9241409,181.1870177,-24.28697784,-669.7944327,5056.898907,-4387.305745,LL
-147.4400846,171.4311717,-24.01516226,-771.3417243,5064.005582,-4292.864913,LL
-137.8105856,161.506171,-23.71963343,-872.1278376,5066.114461,-4194.187497,LL
-128.0451454,151.4218085,-23.40068324,-972.0534464,5063.223628,-4091.370832,LL
-118.153403,141.1880381,-23.05862622,-1071.019799,5055.335771,-3984.516434,LL
-108.1451186,130.8149575,-22.69380015,-1168.929364,5042.45884,-3873.729707,LL
-98.03017093,120.3128054,-22.30656488,-1265.68538,5024.605377,-3759.120033,LL
-87.81854048,109.6919445,-21.89730275,-1361.192498,5001.793167,-3640.800468,LL
-77.52030666,98.96285797,-21.46641746,-1455.356326,4974.044557,-3518.887828,LL
-67.1456308,88.1361324,-21.01433445,-1548.084073,4941.387097,-3393.502379,LL
-56.70475324,77.22245422,-20.54149965,-1639.284092,4903.852852,-3264.767908,LL
-46.20797607,66.23259215,-20.04837991,-1728.866515,4861.479026,-3132.811413,LL
-35.66566014,55.17739362,-19.53546167,-1816.742799,4814.307275,-2997.763168,LL
-25.08820765,44.06776701,-19.00325132,-1902.826356,4762.384315,-2859.756399,LL
-14.48605905,32.91467795,-18.45227389,-1987.032098,4705.761224,-2718.927352,LL
-3.869675611,21.72913143,-17.88307333,-2069.277058,4644.494045,-2575.41496,LL
6.750463812,10.52216799,-17.29621117,-2149.479935,4578.643079,-2429.3609,LL
17.36388019,-0.695154204,-16.69226677,-2227.561715,4508.273476,-2280.909262,LL
27.9600976,-11.91176326,-16.07183595,-2303.445204,4433.454518,-2130.206597,LL
38.52866062,-23.11659148,-15.4355312,-2377.05565,4354.260206,-1977.401584,LL
49.05913759,-34.29857932,-14.78398028,-2448.320273,4270.768533,-1822.645069,LL
59.54113796,-45.44669323,-14.1178264,-2517.168878,4183.062058,-1666.089732,LL
69.9643155,-56.54992965,-13.43772675,-2583.533386,4091.227173,-1507.89012,LL
80.31838555,-67.59733274,-12.74435273,-2647.348437,3995.35467,-1348.202311,LL
90.59312815,-78.57799833,-12.0383884,-2708.55092,3895.539004,-1187.183945,LL
100.7784051,-89.48109156,-11.32053067,-2767.080568,3791.87884,-1024.99388,LL
110.864163,-100.2958507,-10.59148778,-2822.879487,3684.476318,-861.7922242,LL
120.8404503,-111.0116045,-9.851979408,-2875.892743,3573.437592,-697.7399922,LL
130.6974197,-121.6177762,-9.102735152,-2926.067885,3458.872084,-532.9991302,LL
140.4253453,-132.1039004,-8.344494633,-2973.355529,3340.893016,-367.7321707,LL
150.0146252,-142.459627,-7.578005939,-3017.708875,3219.616658,-202.1022592,LL
159.4557976,-152.6747377,-6.804025704,-3059.084285,3095.162857,-36.27280535,LL
168.7395435,-162.7391498,-6.023317551,-3097.440794,2967.654272,129.5924902,LL
177.8567027,-172.6429326,-5.236652148,-3132.74068,2837.2169,295.3299853,LL
186.7982758,-182.3763106,-4.444805635,-3164.948975,2703.979307,460.7760702,LL
195.5554405,-191.9296798,-3.648559673,-3194.034025,2568.073142,625.7675164,LL
204.1195527,-201.2936105,-2.848699858,-3219.966994,2429.632367,790.1414506,LL
212.4821623,-210.4588634,-2.046015756,-3242.722423,2288.793768,953.7357021,LL
220.6350148,-219.4163916,-1.241299319,-3262.277722,2145.696175,1116.388777,LL
228.570066,-228.157357,-0.435344906,-3278.613723,2000.480967,1277.940202,LL
236.2794833,-236.6731315,0.371052305,-3291.714175,1853.291296,1438.230499,LL
243.7556601,-244.9553129,1.177096295,-3301.566279,1704.272578,1597.101528,LL
250.9912165,-252.9957258,1.981991797,-3308.160183,1553.571719,1754.396456,LL
257.9790138,-260.7864371,2.784944276,-3311.489508,1401.337601,1909.960098,LL
264.7121541,-268.3197566,3.585161515,-3311.550839,1247.720301,2063.638884,LL
271.1839942,-275.5882515,4.381853595,-3308.344247,1092.87158,2215.2812,LL
277.3881456,-282.584747,5.174234479,-3301.872764,936.9440973,2364.737346,LL
283.3184872,-289.3023401,5.961521981,-3292.142908,780.0918911,2511.859873,LL
288.9691648,-295.7343996,6.742939343,-3279.164152,622.4695994,2656.503543,LL
294.3346036,-301.8745795,7.517715202,-3262.949432,464.2329324,2798.525655,LL
299.4095067,-307.7168187,8.285085146,-3243.514623,305.5378947,2937.786006,LL
304.1888676,-313.255353,9.044291675,-3220.879032,146.5412548,3074.147208,LL
308.667968,-318.4847151,9.794585742,-3195.064869,-12.60023217,3207.474644,LL
312.8423892,-323.3997458,10.5352267,-3166.097739,-171.7293577,3337.63678,LL
316.7080098,-327.995593,11.26548382,-3134.006101,-330.6892354,3464.505117,LL
320.2610167,-332.2677226,11.98463623,-3098.821752,-489.3228364,3587.954497,LL
323.4979017,-336.2119171,12.69197442,-3060.579288,-647.4737629,3707.863044,LL
326.4154722,-339.8242856,13.38680012,-3019.316577,-804.985785,3824.112469,LL
329.0108472,-343.1012615,14.06842783,-2975.074213,-961.703611,3936.588003,LL
331.281467,-346.0396124,14.73618466,-2927.895985,-1117.472426,4045.17869,LL
333.2250891,-348.636437,15.38941181,-2877.828325,-1272.138658,4149.77732,LL
334.8397971,-350.8891741,16.02746444,-2824.920771,-1425.549517,4250.280712,LL
336.1239958,-352.7955989,16.64971306,-2769.22541,-1577.553758,4346.589635,LL
337.0764195,-354.3538315,17.25554338,-2710.797332,-1728.001219,4438.60909,LL
337.6961266,-355.5623327,17.84435772,-2649.694073,-1876.743578,4526.24822,LL
337.9825072,-356.4199114,18.41557481,-2585.976061,-2023.633893,4609.420579,LL
337.935277,-356.9257196,18.9686311,-2519.706051,-2168.527353,4688.044043,LL
337.5544843,-357.0792597,19.5029806,-2450.949569,-2311.280812,4762.041064,LL
336.8405032,-356.8803787,20.01809618,-2379.774345,-2451.753544,4831.338572,LL
335.79404,-356.3292744,20.51346928,-2306.250746,-2589.806766,4895.868222,LL
334.4161258,-355.4264891,20.98861122,-2230.451204,-2725.304387,4955.566287,LL
332.7081221,-354.1729153,21.44305289,-2152.45065,-2858.112538,5010.373897,LL
330.6717128,-352.5697886,21.87634602,-2072.325937,-2988.100303,5060.236919,LL
328.3089092,-350.6186926,22.2880628,-1990.156262,-3115.139249,5105.106188,LL
325.6220415,-348.3215512,22.67779711,-1906.022592,-3239.104156,5144.93738,LL
322.6137629,-345.6806331,23.04516414,-1820.008082,-3359.872533,5179.69123,LL
319.2870407,-342.6985429,23.38980153,-1732.197493,-3477.325347,5209.333397,LL
315.6451595,-339.3782251,23.71136898,-1642.677607,-3591.346538,5233.834671,LL
311.6917119,-335.722955,24.00954932,-1551.536647,-3701.823728,5253.170828,LL
307.4306009,-331.7363414,24.2840481,-1458.864681,-3808.647742,5267.32283,LL
302.8660302,-327.4223171,24.53459461,-1364.753041,-3911.713306,5276.276667,LL
298.0025061,-322.785141,24.7609414,-1269.294728,-4010.918557,5280.023545,LL
292.8448266,-317.8293879,24.96286529,-1172.583825,-4106.165741,5278.559724,LL
287.3980835,-312.5599501,25.14016681,-1074.715895,-4197.360712,5271.886693,LL
281.6676503,-306.9820263,25.29267117,-975.7874015,-4284.41362,5260.010991,LL
275.659184,-301.1011229,25.42022768,-875.8960959,-4367.238406,5242.944385,LL
269.3786124,-294.923042,25.52271066,-775.1404371,-4445.753479,5220.703671,LL
262.8321355,-288.4538823,25.60001876,-673.6199807,-4519.881208,5193.310843,LL
256.0262122,-281.7000263,25.65207589,-571.4347935,-4589.548584,5160.792891,LL
248.9675608,-274.6681409,25.67883049,-468.6858413,-4654.686707,5123.18195,LL
241.6631455,-267.3651642,25.68025633,-365.4744037,-4715.231441,5080.515093,LL
234.1201767,-259.798305,25.65635182,-261.902459,-4771.122888,5032.83447,LL
226.3460968,-251.9750291,25.60714075,-158.0720993,-4822.306037,4980.187095,LL
218.3485793,-243.9030588,25.53267148,-54.08591341,-4868.73023,4922.624965,LL
210.1355153,-235.5903587,25.4330177,49.95359751,-4910.349797,4860.204846,LL
201.7150118,-227.0451338,25.30827757,153.9436386,-4947.123521,4792.988382,LL
193.095377,-218.2758158,25.15857437,257.7817044,-4979.015254,4721.041863,LL
184.2851193,-209.2910604,24.98405567,361.3651993,-5005.993379,4644.436335,LL
175.2929315,-200.099733,24.78489387,464.5920188,-5028.031416,4563.247357,LL
166.1276895,-190.7109058,24.56128534,567.3601707,-5045.107471,4477.555094,LL
156.7984368,-181.133843,24.31345093,669.5683548,-5057.204838,4387.444071,LL
147.3143817,-171.3779975,24.04163505,771.1155847,-5064.311433,4293.00326,LL
137.6848823,-161.4529955,23.74610613,871.9017646,-5066.420387,4194.325821,LL
127.9194434,-151.3686335,23.42715563,971.8273117,-5063.529474,4091.509177,LL
118.0277005,-141.1348619,23.08509851,1070.793731,-5055.641692,3984.654755,LL
108.0194174,-130.7617817,22.72027215,1168.703234,-5042.764681,3873.86805,LL
97.9044693,-120.2596284,22.33303678,1265.459317,-5024.911293,3759.258351,LL
87.69284009,-109.6387679,21.92377436,1360.966373,-5002.099003,3640.938808,LL
77.39460585,-98.90968018,21.49288897,1455.130268,-4974.350468,3519.026144,LL
67.01993124,-88.08295505,21.04080565,1547.857954,-4941.692928,3393.640716,LL
56.57905325,-77.16927566,20.56797076,1639.058038,-4904.158757,3264.906222,LL
46.08227733,-66.17941403,20.07485072,1728.6404,-4861.784853,3132.949748,LL
35.53996098,-55.12421429,19.56193238,1816.51675,-4814.613176,2997.901479,LL
24.96250974,-44.01458812,19.02972173,1902.600247,-4762.690137,2859.894732,LL
14.36036073,-32.86149785,18.4787442,1986.806054,-4706.06712,2719.065661,LL
3.743978525,-21.67595176,17.90954335,2069.050953,-4644.799862,2575.55329,LL
-6.876161312,-10.46898712,17.32268108,2149.253896,-4578.94897,2429.499206,LL
-17.48957645,0.748334647,16.71873638,2227.335615,-4508.579287,2281.047589,LL
-28.08579428,11.9649449,16.09830546,2303.21917,-4433.760403,2130.344901,LL
-38.65435606,23.1697727,15.46200042,2376.829555,-4354.566013,1977.539908,LL
-49.18483344,34.35176173,14.8104494,2448.094243,-4271.074414,1822.78337,LL
-59.66683257,45.49987522,14.14429522,2516.942789,-4183.36786,1666.228054,LL
-70.09001052,56.60311283,13.46419547,2583.307362,-4091.533048,1508.028419,LL
-80.44407934,67.65051551,12.77082115,2647.122353,-3995.660468,1348.340631,LL
-90.71882234,78.63118229,12.06485672,2708.324901,-3895.844874,1187.322241,LL
-100.9040981,89.53427509,11.3469987,2766.854489,-3792.184632,1025.132197,LL
-110.9898564,100.3490354,10.6179557,2822.653472,-3684.782183,861.9305182,LL
-120.9661424,111.0647888,9.878447037,2875.666669,-3573.74338,697.8783069,LL
-130.8231122,121.6709617,9.129202678,2925.841875,-3459.177944,533.1374217,LL
-140.5510366,132.1570855,8.370961865,2973.12946,-3341.198798,367.8704829,LL
-150.1403169,142.5128132,7.604473067,3017.48287,-3219.922513,202.2405482,LL
-159.5814881,152.7279235,6.830492538,3058.858221,-3095.468634,36.41111501,LL
-168.8652344,162.7923368,6.049784282,3097.214794,-2967.960122,-129.4542036,LL
-177.9823923,172.6961192,5.263118585,3132.514621,-2837.522673,-295.1916781,LL
-186.9239659,182.4294984,4.471271968,3164.722979,-2704.285152,-460.6377861,LL
-195.6811293,191.9828672,3.675025713,3193.80797,-2568.37891,-625.6292118,LL
-204.2452419,201.3467991,2.875165793,3219.741004,-2429.938207,-790.0031689,LL
-212.6078503,210.5120515,2.072481398,3242.496374,-2289.099531,-953.5974,LL
-220.7607032,219.469581,1.267764857,3262.051736,-2146.002009,-1116.250497,LL
-228.6957532,228.210546,0.461810151,3278.387679,-2000.786725,-1277.801902,LL
-236.4051709,236.7263217,-0.344587164,3291.488194,-1853.597125,-1438.092222,LL
-243.8813464,245.0085026,-1.150631447,3301.34024,-1704.578332,-1596.963231,LL
-251.1169033,253.0489167,-1.955527054,3307.934207,-1553.877544,-1754.258182,LL
-258.1046994,260.8396276,-2.758479825,3311.263474,-1401.643349,-1909.821803,LL
-264.83784,268.3729483,-3.558697169,3311.324868,-1248.02612,-2063.500613,LL
-271.3096789,275.6414428,-4.355389541,3308.118217,-1093.177324,-2215.142908,LL
-277.5138307,282.6379395,-5.14777053,3301.646798,-937.2499115,-2364.599077,LL
-283.4441711,289.3555321,-5.935058324,3291.916884,-780.39763,-2511.721583,LL
-289.0948491,295.7875928,-6.716475792,3278.93819,-622.7754086,-2656.365276,LL
-294.4602866,301.9277724,-7.491251942,3262.723413,-464.5386664,-2798.387368,LL
-299.5351901,307.7700126,-8.258621992,3243.288666,-305.8436988,-2937.647742,LL
-304.3145499,313.3085466,-9.017828812,3220.653018,-146.8469839,-3074.008924,LL
-308.7936506,318.5379099,-9.768122985,3194.838918,12.29443321,-3207.336382,LL
-312.9680706,323.4529402,-10.50876423,3165.87173,171.4236334,-3337.498498,LL
-316.8336916,328.0487885,-11.23902146,3133.780154,330.3834415,-3464.366857,LL
-320.3866972,332.3209178,-11.95817416,3098.595748,489.017117,-3587.816217,LL
-323.6235827,336.2651134,-12.66551246,3060.353346,647.1679741,-3707.724787,LL
-326.541152,339.8774815,-13.36033845,3019.090578,804.6800704,-3823.974193,LL
-329.1365273,343.1544586,-14.04196626,2974.848276,961.3978272,-3936.449748,LL
-331.4071459,346.0928091,-14.70972338,2927.669991,1117.166716,-4045.040416,LL
-333.3507684,348.6896349,-15.36295065,2877.602393,1271.832879,-4149.639068,LL
-334.9654752,350.9423716,-16.00100356,2824.694782,1425.243812,-4250.14244,LL
-336.2496742,352.8487975,-16.62325229,2768.999483,1577.247985,-4346.451386,LL
-337.2020967,354.4070298,-17.2290829,2710.571348,1727.695519,-4438.470821,LL
-337.8218042,355.6155321,-17.81789735,2649.468151,1876.43781,-4526.109973,LL
-338.1081836,356.4731104,-18.38911472,2585.750082,2023.328198,-4609.282313,LL
-338.0609538,356.9789197,-18.94217112,2519.480133,2168.221589,-4687.905798,LL
-337.6801599,357.1324595,-19.47652092,2450.723596,2310.975122,-4761.9028,LL
-336.9661792,356.9335796,-19.9916366,2379.548433,2451.447785,-4831.200329,LL
-335.9197148,356.3824749,-20.48700999,2306.024777,2589.50108,-4895.72996,LL
-334.541801,355.4796908,-20.96215203,2230.225296,2724.998634,-4955.428047,LL
-332.8337961,354.2261166,-21.416594,2152.224687,2857.806858,-5010.235637,LL
-330.7973871,352.622991,-21.84988724,2072.100034,2987.794555,-5060.098681,LL
-328.4345823,350.6718947,-22.26160431,1989.930303,3114.833574,-5104.967931,LL
-325.747715,348.3747544,-22.65133873,1905.796694,3238.798412,-5144.799145,LL
-322.7394353,345.7338359,-23.01870604,1819.782128,3359.566862,-5179.552976,LL
-319.4127134,342.7517469,-23.36334354,1731.971599,3477.019609,-5209.195165,LL
-315.770831,339.4314288,-23.68491127,1642.451659,3591.040872,-5233.696419,LL
-311.8173837,335.7761598,-23.98309172,1551.310759,3701.517995,-5253.032598,LL
-307.5562716,331.7895458,-24.25759079,1458.638737,3808.342081,-5267.184581,LL
-302.9917012,327.4755226,-24.50813741,1364.527158,3911.407578,-5276.138439,LL
-298.1281759,322.8383462,-24.73448449,1269.06879,4010.612901,-5279.885298,LL
-292.9704968,317.8825942,-24.93640849,1172.357946,4105.860018,-5278.421499,LL
-287.5237525,312.6131561,-25.11371029,1074.489962,4197.055061,-5271.748448,LL
-281.7933197,307.0352334,-25.26621477,975.5615274,4284.107902,-5259.872769,LL
-275.7848522,301.1543297,-25.39377157,875.6701673,4366.932759,-5242.806143,LL
-269.504281,294.9762499,-25.49625465,774.9145679,4445.447767,-5220.565451,LL
-262.9578029,288.5070898,-25.57356304,673.3940572,4519.575566,-5193.172604,LL
-256.1518799,281.7532349,-25.62562029,571.2089291,4589.242876,-5160.654673,LL
-249.0932273,274.7213492,-25.65237517,468.4599228,4654.381071,-5123.043713,LL
-241.7888124,267.4183736,-25.65380112,365.2485442,4714.925738,-5080.376877,LL
-234.2458424,259.851514,-25.6298969,261.6765455,4770.817256,-5032.696236,LL
-226.4717628,252.0282393,-25.58068593,157.8462447,4822.000339,-4980.048882,LL
-218.4742442,243.9562687,-25.50621695,53.86000493,4868.424603,-4922.486734,LL
-210.2611806,235.6435696,-25.40656328,-50.17944731,4910.044105,-4860.066636,LL
-201.8406759,227.0983444,-25.28182344,-154.169542,4946.817899,-4792.850152,LL
-193.2210414,218.3290275,-25.13212035,-258.0075493,4978.709567,-4720.903655,LL
-184.4107825,209.3442718,-24.95760193,-361.5910977,5005.687762,-4644.298109,LL
-175.4185951,200.1529455,-24.75844025,-464.8178589,5027.725733,-4563.109151,LL
-166.253352,190.764118,-24.534832,-567.5860641,5044.801859,-4477.416869,LL
-156.9240996,181.1870562,-24.28699771,-669.79419,5056.899161,-4387.305868,LL
-147.4400433,171.4312104,-24.01518211,-771.3414731,5064.005825,-4292.865039,LL
-137.8105443,161.5062095,-23.7196533,-872.127595,5066.114714,-4194.18762,LL
-128.0451041,151.4218472,-23.40070309,-972.0531951,5063.223871,-4091.370958,LL
-118.1533616,141.1880767,-23.05864608,-1071.019556,5055.336025,-3984.516557,LL
-108.1450773,130.8149962,-22.69382001,-1168.929113,5042.459083,-3873.729833,LL
-98.03012956,120.312844,-22.30658474,-1265.685138,5024.60563,-3759.120155,LL
-87.81849922,109.6919832,-21.8973226,-1361.192247,5001.79341,-3640.800593,LL
-77.52026529,98.96289652,-21.46643733,-1455.356084,4974.04481,-3518.887951,LL
-67.14558954,88.13617106,-21.0143543,-1548.083822,4941.38734,-3393.502505,LL
-56.70471186,77.22249277,-20.54151951,-1639.283849,4903.853105,-3264.768031,LL
-46.20793481,66.23263081,-20.04839976,-1728.866264,4861.47927,-3132.811539,LL
-35.66561876,55.17743217,-19.53548153,-1816.742556,4814.307529,-2997.76329,LL
-25.08816639,44.06780567,-19.00327117,-1902.826105,4762.384559,-2859.756525,LL
-14.48601768,32.9147165,-18.45229375,-1987.031855,4705.761478,-2718.927475,LL
-3.869634347,21.72917009,-17.88309318,-2069.276807,4644.494289,-2575.415086,LL
6.750505187,10.52220654,-17.29623103,-2149.479693,4578.643333,-2429.361023,LL
17.36392146,-0.695115548,-16.69228661,-2227.561464,4508.273719,-2280.909388,LL
27.96013898,-11.91172471,-16.07185581,-2303.444961,4433.454772,-2130.20672,LL
38.52870189,-23.11655283,-15.43555105,-2377.055398,4354.26045,-1977.401709,LL
49.05917896,-34.29854077,-14.78400014,-2448.32003,4270.768787,-1822.645192,LL
59.54117922,-45.44665458,-14.11784624,-2517.168627,4183.062301,-1666.089857,LL
69.96435687,-56.5498911,-13.43774661,-2583.533144,4091.227426,-1507.890243,LL
80.31842682,-67.59729409,-12.74437257,-2647.348186,3995.354914,-1348.202437,LL
90.59316952,-78.57795979,-12.03840826,-2708.550677,3895.539257,-1187.184068,LL
100.7784464,-89.4810529,-11.32055052,-2767.080317,3791.879083,-1024.994005,LL
110.8642044,-100.2958121,-10.59150764,-2822.879244,3684.476572,-861.7923469,LL
120.8404915,-111.0115658,-9.851999249,-2875.892492,3573.437836,-697.7401178,LL
130.697461,-121.6177376,-9.102755006,-2926.067642,3458.872337,-532.9992529,LL
140.4253866,-132.1038617,-8.344514474,-2973.355278,3340.893259,-367.7322963,LL
150.0146666,-142.4595884,-7.578025791,-3017.708633,3219.616912,-202.1023818,LL
159.4558389,-152.674699,-6.804045544,-3059.084034,3095.1631,-36.27293095,LL
168.7395849,-162.7391112,-6.023337403,-3097.440551,2967.654526,129.5923675,LL
177.8567439,-172.6428939,-5.236671987,-3132.740429,2837.217144,295.3298597,LL
186.7983172,-182.376272,-4.444825486,-3164.948732,2703.979561,460.7759475,LL
195.5554818,-191.9296412,-3.648579511,-3194.033774,2568.073385,625.7673908,LL
204.119594,-201.293572,-2.848719708,-3219.966752,2429.632621,790.1413279,LL
212.4822036,-210.4588247,-2.046035593,-3242.722172,2288.794011,953.7355765,LL
220.6350562,-219.4163531,-1.241319168,-3262.277479,2145.696428,1116.388654,LL
228.5701073,-228.1573184,-0.435364742,-3278.613472,2000.48121,1277.940076,LL
236.2795247,-236.673093,0.371032456,-3291.713932,1853.291549,1438.230376,LL
243.7557013,-244.9552742,1.177076459,-3301.566028,1704.272822,1597.101403,LL
250.9912579,-252.9956873,1.981971949,-3308.15994,1553.571973,1754.396333,LL
257.9790551,-260.7863985,2.784924441,-3311.489257,1401.337844,1909.959972,LL
264.7121954,-268.3197181,3.585141668,-3311.550597,1247.720554,2063.638762,LL
271.1840355,-275.5882129,4.381833761,-3308.343996,1092.871823,2215.281075,LL
277.388187,-282.5847085,5.174214633,-3301.872521,936.9443506,2364.737223,LL
283.3185285,-289.3023014,5.961502148,-3292.142657,780.0921346,2511.859747,LL
288.9692062,-295.734361,6.742919498,-3279.163909,622.4698527,2656.50342,LL
294.3346448,-301.8745409,7.51769537,-3262.949181,464.2331759,2798.52553,LL
299.4095481,-307.7167801,8.285065302,-3243.51438,305.5381479,2937.785884,LL
304.1889089,-313.2553144,9.044271843,-3220.878781,146.5414983,3074.147083,LL
308.6680094,-318.4846766,9.794565898,-3195.064626,-12.59997898,3207.474521,LL
312.8424304,-323.3997072,10.53520687,-3166.097488,-171.7291142,3337.636654,LL
316.7080512,-327.9955544,11.26546398,-3134.005858,-330.6889822,3464.504994,LL
320.2610579,-332.267684,11.9846164,-3098.821501,-489.3225929,3587.954371,LL
323.4979431,-336.2118786,12.69195458,-3060.579045,-647.4735098,3707.862922,LL
326.4155135,-339.824247,13.38678029,-3019.316326,-804.9855414,3824.112344,LL
329.0108885,-343.101223,14.06840798,-2975.07397,-961.7033578,3936.58788,LL
331.2815082,-346.0395738,14.73616483,-2927.895734,-1117.472182,4045.178565,LL
333.2251305,-348.6363985,15.38939197,-2877.828082,-1272.138405,4149.777198,LL
334.8398383,-350.8891355,16.02744461,-2824.92052,-1425.549273,4250.280586,LL
336.1240371,-352.7955603,16.64969322,-2769.225167,-1577.553505,4346.589513,LL
337.0764607,-354.3537929,17.25552355,-2710.797081,-1728.000976,4438.608965,LL
337.6961679,-355.5622942,17.84433789,-2649.69383,-1876.743325,4526.248097,LL
337.9825484,-356.4198727,18.41555498,-2585.97581,-2023.63365,4609.420454,LL
337.9353183,-356.925681,18.96861126,-2519.705808,-2168.5271,4688.043921,LL
337.5545255,-357.0792211,19.50296078,-2450.949318,-2311.280569,4762.040939,LL
336.8405446,-356.8803402,20.01807634,-2379.774102,-2451.753291,4831.338449,LL
335.7940813,-356.3292358,20.51344945,-2306.250495,-2589.806522,4895.868096,LL
334.4161672,-355.4264505,20.98859138,-2230.450961,-2725.304134,4955.566164,LL
332.7081634,-354.1728767,21.44303307,-2152.4504,-2858.112294,5010.373771,LL
330.6717541,-352.56975,21.87632619,-2072.325694,-2988.10005,5060.236796,LL
328.3089504,-350.6186539,22.28804298,-1990.156011,-3115.139006,5105.106063,LL
325.6220828,-348.3215127,22.67777728,-1906.022349,-3239.103903,5144.937257,LL
322.6138042,-345.6805944,23.04514432,-1820.007831,-3359.872289,5179.691105,LL
319.2870821,-342.6985043,23.3897817,-1732.19725,-3477.325094,5209.333274,LL
315.6452008,-339.3781865,23.71134915,-1642.677357,-3591.346294,5233.834546,LL
311.6917532,-335.7229165,24.00952948,-1551.536404,-3701.823475,5253.170705,LL
307.4306421,-331.7363028,24.28402827,-1458.86443,-3808.647498,5267.322705,LL
302.8660716,-327.4222785,24.53457477,-1364.752798,-3911.713053,5276.276544,LL
298.0025473,-322.7851023,24.76092158,-1269.294478,-4010.918313,5280.02342,LL
292.844868,-317.8293493,24.96284546,-1172.583582,-4106.165488,5278.559602,LL
287.3981248,-312.5599115,25.14014699,-1074.715645,-4197.360469,5271.886567,LL
281.6676917,-306.9819878,25.29265134,-975.7871585,-4284.413367,5260.010869,LL
275.6592252,-301.1010843,25.42020787,-875.8958452,-4367.238162,5242.944259,LL
269.3786538,-294.9230035,25.52269083,-775.1401941,-4445.753226,5220.703548,LL
262.8321768,-288.4538436,25.59999894,-673.6197301,-4519.880964,5193.310718,LL
256.0262536,-281.6999877,25.65205606,-571.4345504,-4589.548331,5160.792769,LL
248.967602,-274.6681023,25.67881067,-468.6855906,-4654.686464,5123.181824,LL
241.6631869,-267.3651257,25.6802365,-365.4741606,-4715.231188,5080.51497,LL
234.120218,-259.7982663,25.656332,-261.9022084,-4771.122644,5032.834345,LL
226.3461381,-251.9749906,25.60712092,-158.0718562,-4822.305784,4980.186972,LL
218.3486206,-243.9030202,25.53265166,-54.08566279,-4868.729986,4922.62484,LL
210.1355567,-235.5903201,25.43299787,49.95384061,-4910.349545,4860.204724,LL
201.715053,-227.0450952,25.30825775,153.9438892,-4947.123277,4792.988256,LL
193.0954184,-218.2757772,25.15855455,257.7819475,-4979.015001,4721.04174,LL
184.2851605,-209.2910218,24.98403585,361.3654499,-5005.993135,4644.43621,LL
175.2929728,-200.0996944,24.78487404,464.5922619,-5028.031163,4563.247234,LL
166.1277308,-190.7108672,24.56126552,567.3604212,-5045.107228,4477.554968,LL
156.7984782,-181.1338045,24.31343111,669.5685979,-5057.204585,4387.443948,LL
147.314423,-171.3779588,24.04161524,771.1158352,-5064.311189,4293.003135,LL
137.6849237,-161.452957,23.7460863,871.9020077,-5066.420134,4194.325698,LL
127.9194846,-151.3685948,23.42713582,971.8275623,-5063.52923,4091.509052,LL
118.0277419,-141.1348233,23.08507869,1070.793974,-5055.641439,3984.654633,LL
108.0194586,-130.7617431,22.72025234,1168.703485,-5042.764437,3873.867924,LL
97.90451065,-120.2595899,22.33301695,1265.45956,-5024.91104,3759.258228,LL
87.69288135,-109.6387293,21.92375454,1360.966624,-5002.098759,3640.938682,LL
77.3946472,-98.90964165,21.49286914,1455.130511,-4974.350215,3519.026022,LL
67.01997249,-88.08291642,21.04078584,1547.858204,-4941.692685,3393.640591,LL
56.57909461,-77.16923712,20.56795093,1639.058282,-4904.158504,3264.906099,LL
46.08231859,-66.17937539,20.07483091,1728.640651,-4861.784609,3132.949623,LL
35.54000233,-55.12417575,19.56191255,1816.516993,-4814.612923,2997.901356,LL
24.96255099,-44.01454949,19.02970192,1902.600497,-4762.689893,2859.894606,LL
14.36040208,-32.86145931,18.47872438,1986.806297,-4706.066867,2719.065538,LL
3.744019779,-21.67591313,17.90952354,2069.051204,-4644.799618,2575.553165,LL
-6.876119962,-10.46894858,17.32266126,2149.25414,-4578.948717,2429.499084,LL
-17.4895352,0.748373278,16.71871657,2227.335866,-4508.579044,2281.047464,LL
-28.08575293,11.96498344,16.09828564,2303.219413,-4433.760151,2130.344778,LL
-38.65431481,23.16981133,15.46198061,2376.829806,-4354.56577,1977.539783,LL
-49.18479209,34.35180027,14.81042958,2448.094487,-4271.074161,1822.783248,LL
-59.66679132,45.49991385,14.14427541,2516.943039,-4183.367616,1666.227929,LL
-70.08996917,56.60315137,13.46417565,2583.307605,-4091.532795,1508.028296,LL
-80.44403809,67.65055414,12.77080134,2647.122604,-3995.660224,1348.340506,LL
-90.71878099,78.63122083,12.0648369,2708.325144,-3895.844621,1187.322119,LL
-100.9040568,89.53431372,11.34697889,2766.854739,-3792.184388,1025.132072,LL
-110.9898151,100.3490739,10.61793589,2822.653716,-3684.781931,861.9303955,LL
-120.9661012,111.0648274,9.878427231,2875.666919,-3573.743136,697.8781816,LL
-130.8230708,121.6710002,9.129182861,2925.842118,-3459.177691,533.1372991,LL
-140.5509954,132.1571241,8.370942059,2973.12971,-3341.198554,367.8703577,LL
-150.1402756,142.5128518,7.604453251,3017.483113,-3219.92226,202.2404255,LL
-159.5814468,152.7279622,6.830472734,3058.858471,-3095.468391,36.41098979,LL
-168.865193,162.7923753,6.049764466,3097.215037,-2967.95987,-129.4543263,LL
-177.9823511,172.6961578,5.263098781,3132.514871,-2837.522429,-295.1918033,LL
-186.9239246,182.4295369,4.471252153,3164.723223,-2704.284899,-460.6379088,LL
-195.6810881,191.9829058,3.675005909,3193.808221,-2568.378666,-625.629337,LL
-204.2452006,201.3468376,2.875145979,3219.741247,-2429.937955,-790.0032916,LL
-212.6078091,210.5120902,2.072461595,3242.496624,-2289.099287,-953.5975252,LL
-220.7606619,219.4696195,1.267745043,3262.051979,-2146.001757,-1116.25062,LL
-228.695712,228.2105846,0.461790349,3278.387929,-2000.786481,-1277.802027,LL
-236.4051295,236.7263602,-0.344606977,3291.488437,-1853.596873,-1438.092345,LL
-243.8813052,245.0085412,-1.150651248,3301.34049,-1704.578088,-1596.963356,LL
-251.1168619,253.0489552,-1.955546866,3307.93445,-1553.877291,-1754.258304,LL
-258.1046581,260.8396662,-2.758499626,3311.263724,-1401.643105,-1909.821928,LL
-264.8377987,268.3729868,-3.558716981,3311.325112,-1248.025868,-2063.500735,LL
-271.3096377,275.6414814,-4.355409342,3308.118468,-1093.17708,-2215.143033,LL
-277.5137894,282.637978,-5.147790341,3301.647041,-937.2496591,-2364.599199,LL
-283.4441299,289.3555707,-5.935078124,3291.917134,-780.397386,-2511.721708,LL
-289.0948077,295.7876313,-6.716495603,3278.938434,-622.7751561,-2656.365398,LL
-294.4602454,301.927811,-7.491271742,3262.723663,-464.5384224,-2798.387493,LL
-299.5351488,307.7700512,-8.258641802,3243.288909,-305.8434464,-2937.647864,LL
-304.3145086,313.3085852,-9.017848611,3220.653268,-146.8467399,-3074.009049,LL
-308.7936093,318.5379484,-9.768142795,3194.839161,12.29468559,-3207.336504,LL
-312.9680293,323.4529788,-10.50878403,3165.87198,171.4238775,-3337.498623,LL
-316.8336502,328.048827,-11.23904127,3133.780397,330.3836939,-3464.36698,LL
-320.386656,332.3209564,-11.95819396,3098.595998,489.017361,-3587.816342,LL
-323.6235413,336.2651519,-12.66553226,3060.353589,647.1682265,-3707.72491,LL
-326.5411107,339.8775201,-13.36035825,3019.090828,804.6803144,-3823.974318,LL
-329.136486,343.1544971,-14.04198607,2974.848519,961.3980796,-3936.449871,LL
-331.4071047,346.0928477,-14.70974318,2927.670241,1117.16696,-4045.040541,LL
-333.350727,348.6896734,-15.36297045,2877.602636,1271.833132,-4149.639191,LL
-334.9654339,350.9424102,-16.00102336,2824.695033,1425.244056,-4250.142565,LL
-336.2496329,352.848836,-16.62327209,2768.999726,1577.248237,-4346.451508,LL
-337.2020555,354.4070684,-17.2291027,2710.571599,1727.695763,-4438.470946,LL
-337.8217629,355.6155706,-17.81791716,2649.468394,1876.438062,-4526.110095,LL
-338.1081424,356.473149,-18.38913452,2585.750332,2023.328442,-4609.282438,LL
-338.0609125,356.9789582,-18.94219093,2519.480376,2168.221841,-4687.905921,LL
-337.6801187,357.1324981,-19.47654071,2450.723846,2310.975366,-4761.902925,LL
-336.9661379,356.9336181,-19.99165641,2379.548676,2451.448038,-4831.200452,LL
-335.9196736,356.3825136,-20.48702978,2306.025027,2589.501324,-4895.730085,LL
-334.5417597,355.4797293,-20.96217184,2230.225539,2724.998886,-4955.42817,LL
-332.8337548,354.2261552,-21.41661379,2152.224937,2857.807102,-5010.235762,LL
-330.7973458,352.6230295,-21.84990704,2072.100277,2987.794807,-5060.098804,LL
-328.4345411,350.6719333,-22.2616241,1989.930553,3114.833818,-5104.968056,LL
-325.7476736,348.374793,-22.65135853,1905.796937,3238.798665,-5144.799268,LL
-322.739394,345.7338746,-23.01872584,1819.782378,3359.567106,-5179.553101,LL
-319.4126721,342.7517854,-23.36336334,1731.971843,3477.019861,-5209.195287,LL
-315.7707898,339.4314674,-23.68493107,1642.451909,3591.041116,-5233.696544,LL
-311.8173424,335.7761983,-23.98311153,1551.311002,3701.518247,-5253.032721,LL
-307.5562303,331.7895844,-24.25761058,1458.638987,3808.342325,-5267.184706,LL
-302.9916599,327.4755611,-24.50815721,1364.527401,3911.40783,-5276.138562,LL
-298.1281347,322.8383848,-24.73450428,1269.06904,4010.613145,-5279.885423,LL
-292.9704555,317.8826327,-24.93642829,1172.358189,4105.86027,-5278.421622,LL
-287.5237113,312.6131947,-25.11373008,1074.490212,4197.055305,-5271.748573,LL
-281.7932784,307.0352719,-25.26623457,975.5617708,4284.108154,-5259.872891,LL
-275.7848109,301.1543683,-25.39379136,875.6704173,4366.933004,-5242.806268,LL
-269.5042397,294.9762884,-25.49627445,774.9148113,4445.448019,-5220.565573,LL
-262.9577617,288.5071284,-25.57358283,673.3943072,4519.575811,-5193.172729,LL
-256.1518386,281.7532734,-25.62564009,571.2091725,4589.243128,-5160.654796,LL
-249.0931861,274.7213878,-25.65239495,468.4601727,4654.381315,-5123.043838,LL
-241.7887711,267.4184122,-25.65382092,365.2487876,4714.92599,-5080.377,LL
-234.2458012,259.8515526,-25.62991669,261.6767955,4770.8175,-5032.696361,LL
-226.4717215,252.0282778,-25.58070573,157.8464881,4822.000591,-4980.049004,LL
-218.474203,243.9563073,-25.50623674,53.86025487,4868.424847,-4922.486859,LL
-210.2611393,235.6436081,-25.40658308,-50.17920389,4910.044357,-4860.066759,LL
-201.8406346,227.098383,-25.28184322,-154.1692921,4946.818143,-4792.850277,LL
-193.2210001,218.329066,-25.13214015,-258.0073059,4978.709819,-4720.903777,LL
-184.4107413,209.3443104,-24.95762172,-361.5908478,5005.688006,-4644.298234,LL
-175.4185537,200.152984,-24.75846004,-464.8176154,5027.725985,-4563.109274,LL
-166.2533107,190.7641566,-24.53485179,-567.5858142,5044.802103,-4477.416994,LL
-156.9240582,181.1870948,-24.2870175,-669.7939466,5056.899413,-4387.305991,LL
-147.4400021,171.431249,-24.0152019,-771.3412232,5064.006069,-4292.865164,LL
-137.8105029,161.5062481,-23.7196731,-872.1273515,5066.114966,-4194.187743,LL
-128.0450629,151.4218858,-23.40072287,-972.0529452,5063.224116,-4091.371083,LL
-118.1533203,141.1881152,-23.05866588,-1071.019313,5055.336277,-3984.51668,LL
-108.1450361,130.8150348,-22.69383979,-1168.928863,5042.459327,-3873.729958,LL
-98.03008824,120.3128825,-22.30660454,-1265.684894,5024.605882,-3759.120278,LL
-87.81845798,109.6920218,-21.89734239,-1361.191997,5001.793654,-3640.800718,LL
-77.52022397,98.96293504,-21.46645712,-1455.35584,4974.045062,-3518.888074,LL
-67.1455483,88.13620966,-21.01437408,-1548.083572,4941.387585,-3393.50263,LL
-56.70467054,77.22253128,-20.54153931,-1639.283606,4903.853357,-3264.768154,LL
-46.20789357,66.23266941,-20.04841954,-1728.866014,4861.479514,-3132.811664,LL
-35.66557745,55.17747068,-19.53550132,-1816.742313,4814.307781,-2997.763413,LL
-25.08812515,44.06784427,-19.00329096,-1902.825855,4762.384803,-2859.75665,LL
-14.48597636,32.91475502,-18.45231355,-1987.031612,4705.76173,-2718.927598,LL
-3.869593114,21.72920869,-17.88311296,-2069.276557,4644.494533,-2575.415211,LL
6.750546502,10.52224505,-17.29625082,-2149.479449,4578.643585,-2429.361146,LL
17.36396269,-0.695076951,-16.6923064,-2227.561214,4508.273963,-2280.909512,LL
27.96018029,-11.9116862,-16.0718756,-2303.444718,4433.455023,-2130.206843,LL
38.52874312,-23.11651423,-15.43557083,-2377.055149,4354.260694,-1977.401834,LL
49.05922028,-34.29850226,-14.78401993,-2448.319787,4270.769039,-1822.645314,LL
59.54122045,-45.44661598,-14.11786602,-2517.168377,4183.062545,-1666.089982,LL
69.96439819,-56.54985259,-13.4377664,-2583.5329,4091.227678,-1507.890366,LL
80.31846805,-67.59725549,-12.74439235,-2647.347937,3995.355158,-1348.202562,LL
90.59321084,-78.57792127,-12.03842805,-2708.550434,3895.539509,-1187.18419,LL
100.7784876,-89.48101431,-11.3205703,-2767.080068,3791.879328,-1024.99413,LL
110.8642457,-100.2957736,-10.59152743,-2822.879001,3684.476823,-861.7924696,LL
120.8405328,-111.0115272,-9.85201903,-2875.892242,3573.43808,-697.7402427,LL
130.6975023,-121.6176991,-9.102774796,-2926.067398,3458.872589,-532.9993756,LL
140.4254278,-132.1038232,-8.344534254,-2973.355028,3340.893503,-367.7324212,LL
150.0147079,-142.4595499,-7.578045581,-3017.708389,3219.617163,-202.1025046,LL
159.4558801,-152.6746604,-6.804065323,-3059.083784,3095.163344,-36.27305585,LL
168.7396262,-162.7390727,-6.023357192,-3097.440308,2967.654778,129.5922448,LL
177.8567852,-172.6428553,-5.236691766,-3132.740179,2837.217388,295.3297348,LL
186.7983585,-182.3762335,-4.444845275,-3164.948489,2703.979812,460.7758248,LL
195.555523,-191.9296026,-3.64859929,-3194.033524,2568.073629,625.7672659,LL
204.1196353,-201.2935335,-2.848739496,-3219.966508,2429.632873,790.1412052,LL
212.4822448,-210.4587861,-2.046055371,-3242.721922,2288.794256,953.7354516,LL
220.6350975,-219.4163146,-1.241338956,-3262.277235,2145.69668,1116.388531,LL
228.5701485,-228.1572798,-0.43538452,-3278.613222,2000.481455,1277.939951,LL
236.279566,-236.6730545,0.371012669,-3291.713689,1853.291801,1438.230254,LL
243.7557426,-244.9552356,1.177056682,-3301.565779,1704.273066,1597.101278,LL
250.9912992,-252.9956488,1.981952163,-3308.159696,1553.572224,1754.396211,LL
257.9790963,-260.7863599,2.784904664,-3311.489007,1401.338088,1909.959847,LL
264.7122368,-268.3196796,3.585121881,-3311.550353,1247.720806,2063.638639,LL
271.1840767,-275.5881743,4.381813985,-3308.343746,1092.872068,2215.28095,LL
277.3882283,-282.58467,5.174194847,-3301.872278,936.9446022,2364.737101,LL
283.3185697,-289.3022628,5.961482371,-3292.142408,780.092379,2511.859622,LL
288.9692475,-295.7343225,6.742899713,-3279.163665,622.4701043,2656.503297,LL
294.334686,-301.8745023,7.517675594,-3262.948932,464.2334202,2798.525405,LL
299.4095894,-307.7167416,8.285045517,-3243.514136,305.5383996,2937.785761,LL
304.1889501,-313.2552758,9.044252068,-3220.878531,146.5417426,3074.146958,LL
308.6680507,-318.4846381,9.794546114,-3195.064383,-12.59972737,3207.474398,LL
312.8424716,-323.3996686,10.53518709,-3166.097239,-171.7288698,3337.636529,LL
316.7080925,-327.9955159,11.26544419,-3134.005614,-330.6887306,3464.504872,LL
320.2610992,-332.2676454,11.98459663,-3098.821251,-489.3223485,3587.954246,LL
323.4979844,-336.2118401,12.69193479,-3060.578801,-647.4732582,3707.862799,LL
326.4155547,-339.8242084,13.38676052,-3019.316076,-804.985297,3824.112219,LL
329.0109298,-343.1011844,14.0683882,-2975.073726,-961.7031063,3936.587758,LL
331.2815494,-346.0395352,14.73614505,-2927.895484,-1117.471938,4045.17844,LL
333.2251718,-348.63636,15.38937219,-2877.827839,-1272.138153,4149.777075,LL
334.8398796,-350.8890969,16.02742484,-2824.920271,-1425.549029,4250.280462,LL
336.1240784,-352.7955218,16.64967344,-2769.224923,-1577.553254,4346.58939,LL
337.0765019,-354.3537543,17.25550378,-2710.796832,-1728.000731,4438.60884,LL
337.6962092,-355.5622557,17.8443181,-2649.693587,-1876.743074,4526.247974,LL
337.9825896,-356.4198342,18.41553521,-2585.97556,-2023.633405,4609.420329,LL
337.9353596,-356.9256425,18.96859148,-2519.705564,-2168.526848,4688.043798,LL
337.5545668,-357.0791825,19.50294101,-2450.949069,-2311.280324,4762.040814,LL
336.8405859,-356.8803017,20.01805656,-2379.773859,-2451.753039,4831.338326,LL
335.7941225,-356.3291972,20.51342968,-2306.250246,-2589.806278,4895.867971,LL
334.4162085,-355.426412,20.9885716,-2230.450718,-2725.303883,4955.566041,LL
332.7082046,-354.1728381,21.4430133,-2152.45015,-2858.11205,5010.373647,LL
330.6717954,-352.5697115,21.87630641,-2072.32545,-2988.099798,5060.236673,LL
328.3089916,-350.6186153,22.28802321,-1990.155762,-3115.138761,5105.105938,LL
325.6221241,-348.3214742,22.6777575,-1906.022105,-3239.103651,5144.937135,LL
322.6138454,-345.6805559,23.04512455,-1820.007581,-3359.872045,5179.69098,LL
319.2871234,-342.6984658,23.38976192,-1732.197006,-3477.324843,5209.333152,LL
315.645242,-339.3781479,23.71132938,-1642.677107,-3591.34605,5233.834421,LL
311.6917945,-335.722878,24.0095097,-1551.536161,-3701.823224,5253.170583,LL
307.4306834,-331.7362642,24.2840085,-1458.864181,-3808.647254,5267.32258,LL
302.8661128,-327.42224,24.534555,-1364.752555,-3911.712801,5276.276421,LL
298.0025885,-322.7850638,24.76090181,-1269.294228,-4010.918069,5280.023295,LL
292.8449093,-317.8293108,24.96282568,-1172.583338,-4106.165237,5278.559479,LL
287.398166,-312.5598729,25.14012722,-1074.715395,-4197.360224,5271.886442,LL
281.667733,-306.9819493,25.29263156,-975.7869149,-4284.413116,5260.010746,LL
275.6592664,-301.1010457,25.4201881,-875.8955959,-4367.237918,5242.944134,LL
269.3786951,-294.922965,25.52267105,-775.1399504,-4445.752975,5220.703426,LL
262.832218,-288.453805,25.59997918,-673.6194807,-4519.88072,5193.310593,LL
256.0262949,-281.6999492,25.65203629,-571.4343068,-4589.54808,5160.792646,LL
248.9676432,-274.6680637,25.6787909,-468.6853413,-4654.686219,5123.181699,LL
241.6632282,-267.3650872,25.68021672,-365.473917,-4715.230937,5080.514847,LL
234.1202592,-259.7982278,25.65631224,-261.9019591,-4771.1224,5032.83422,LL
226.3461794,-251.9749521,25.60710114,-158.0716126,-4822.305533,4980.186849,LL
218.3486618,-243.9029816,25.5326319,-54.0854135,-4868.729741,4922.624715,LL
210.135598,-235.5902816,25.4329781,49.95408425,-4910.349293,4860.204601,LL
201.7150942,-227.0450566,25.30823799,153.9441384,-4947.123033,4792.988132,LL
193.0954597,-218.2757387,25.15853477,257.7821911,-4979.01475,4721.041617,LL
184.2852017,-209.2909832,24.98401609,361.3656991,-5005.992891,4644.436085,LL
175.2930141,-200.0996559,24.78485427,464.5925055,-5028.030912,4563.247111,LL
166.127772,-190.7108286,24.56124576,567.3606705,-5045.106983,4477.554843,LL
156.7985195,-181.133766,24.31341133,669.5688416,-5057.204334,4387.443826,LL
147.3144642,-171.3779203,24.04159547,771.1160845,-5064.310944,4293.00301,LL
137.684965,-161.4529185,23.74606653,871.9022514,-5066.419883,4194.325575,LL
127.9195258,-151.3685563,23.42711606,971.8278115,-5063.528986,4091.508927,LL
118.0277832,-141.1347848,23.08505892,1070.794217,-5055.641188,3984.65451,LL
108.0194998,-130.7617045,22.72023258,1168.703734,-5042.764193,3873.8678,LL
97.90455193,-120.2595514,22.33299718,1265.459804,-5024.910789,3759.258106,LL
87.69292255,-109.6386907,21.92373478,1360.966873,-5002.098514,3640.938558,LL
77.39468848,-98.90960316,21.49284937,1455.130755,-4974.349964,3519.025899,LL
67.0200137,-88.08287786,21.04076608,1547.858454,-4941.69244,3393.640466,LL
56.57913588,-77.16919864,20.56793116,1639.058525,-4904.158253,3264.905976,LL
46.08235979,-66.17933684,20.07481114,1728.6409,-4861.784365,3132.949498,LL
35.54004361,-55.12413726,19.56189278,1816.517237,-4814.612672,2997.901233,LL
24.9625922,-44.01451093,19.02968216,1902.600746,-4762.689649,2859.894482,LL
14.36044335,-32.86142083,18.47870461,1986.806541,-4706.066616,2719.065416,LL
3.744060983,-21.67587457,17.90950377,2069.051453,-4644.799374,2575.55304,LL
-6.876078687,-10.4689101,17.32264149,2149.254383,-4578.948466,2429.498961,LL
-17.489494,0.748411834,16.71869681,2227.336115,-4508.578799,2281.047339,LL
-28.08571165,11.96502192,16.09826587,2303.219657,-4433.7599,2130.344655,LL
-38.6542736,23.16984988,15.46196085,2376.830055,-4354.565525,1977.539658,LL
-49.18475081,34.35183875,14.81040981,2448.09473,-4271.07391,1822.783125,LL
-59.66675011,45.49995241,14.14425565,2516.943288,-4183.367371,1666.227804,LL
-70.0899279,56.60318985,13.46415588,2583.307849,-4091.532544,1508.028174,LL
-80.44399689,67.65059269,12.77078158,2647.122853,-3995.659979,1348.340381,LL
-90.71873972,78.63125931,12.06481713,2708.325387,-3895.84437,1187.321996,LL
-100.9040156,89.53435228,11.34695913,2766.854989,-3792.184144,1025.131947,LL
-110.9897738,100.3491124,10.61791612,2822.653959,-3684.781679,861.9302728,LL
-120.96606,111.064866,9.87840747,2875.667168,-3573.742891,697.878057,LL
-130.8230296,121.6710387,9.129163092,2925.842362,-3459.17744,533.1371763,LL
-140.5509542,132.1571627,8.370922299,2973.129959,-3341.19831,367.870233,LL
-150.1402343,142.5128902,7.604433482,3017.483357,-3219.922009,202.2403028,LL
-159.5814056,152.7280007,6.830452973,3058.85872,-3095.468146,36.41086516,LL
-168.8651518,162.7924138,6.049744698,3097.215281,-2967.959619,-129.454449,LL
-177.9823099,172.6961964,5.263079021,3132.51512,-2837.522185,-295.191928,LL
-186.9238833,182.4295754,4.471232386,3164.723466,-2704.284648,-460.6380315,LL
-195.6810469,191.9829444,3.67498615,3193.80847,-2568.378421,-625.6294616,LL
-204.2451593,201.3468761,2.875126211,3219.741491,-2429.937704,-790.0034143,LL
-212.6077679,210.5121287,2.072441836,3242.496873,-2289.099042,-953.5976498,LL
-220.7606206,219.469658,1.267725276,3262.052223,-2146.001506,-1116.250743,LL
-228.6956708,228.2106231,0.46177059,3278.388178,-2000.786237,-1277.802152,LL
-236.4050883,236.7263987,-0.344626744,3291.488681,-1853.596622,-1438.092468,LL
-243.881264,245.0085798,-1.150671007,3301.340739,-1704.577843,-1596.963481,LL
-251.1168207,253.0489937,-1.955566632,3307.934694,-1553.87704,-1754.258427,LL
-258.1046169,260.8397048,-2.758519384,3311.263973,-1401.642861,-1909.822053,LL
-264.8377574,268.3730253,-3.558736747,3311.325355,-1248.025617,-2063.500858,LL
-271.3095965,275.64152,-4.3554291,3308.118717,-1093.176835,-2215.143158,LL
-277.5137481,282.6380165,-5.147810107,3301.647285,-937.2494082,-2364.599322,LL
-283.4440887,289.3556093,-5.935097881,3291.917383,-780.3971414,-2511.721833,LL
-289.0947665,295.7876698,-6.716515368,3278.938677,-622.7749052,-2656.365521,LL
-294.4602042,301.9278495,-7.491291499,3262.723912,-464.5381778,-2798.387618,LL
-299.5351075,307.7700896,-8.258661567,3243.289153,-305.8431954,-2937.647987,LL
-304.3144674,313.3086238,-9.017868368,3220.653517,-146.8464953,-3074.009173,LL
-308.793568,318.5379869,-9.768162559,3194.839405,12.2949365,-3207.336627,LL
-312.9679881,323.4530173,-10.50880379,3165.872229,171.4241221,-3337.498748,LL
-316.833609,328.0488655,-11.23906103,3133.780641,330.3839448,-3464.367103,LL
-320.3866148,332.3209949,-11.95821372,3098.596247,489.0176057,-3587.816467,LL
-323.6235001,336.2651904,-12.66555203,3060.353833,647.1684773,-3707.725033,LL
-326.5410695,339.8775587,-13.360378,3019.091077,804.6805591,-3823.974442,LL
-329.1364447,343.1545356,-14.04200583,2974.848763,961.3983304,-3936.449994,LL
-331.4070635,346.0928863,-14.70976293,2927.67049,1117.167205,-4045.040666,LL
-333.3506858,348.6897119,-15.36299022,2877.60288,1271.833382,-4149.639314,LL
-334.9653928,350.9424487,-16.00104312,2824.695281,1425.244301,-4250.14269,LL
-336.2495916,352.8488745,-16.62329186,2768.99997,1577.248488,-4346.451631,LL
-337.2020143,354.4071069,-17.22912245,2710.571847,1727.696008,-4438.471071,LL
-337.8217216,355.6156091,-17.81793692,2649.468638,1876.438313,-4526.110218,LL
-338.1081012,356.4731875,-18.38915427,2585.750581,2023.328687,-4609.282562,LL
-338.0608712,356.9789967,-18.94221069,2519.48062,2168.222092,-4687.906044,LL
-337.6800775,357.1325366,-19.47656046,2450.724094,2310.975611,-4761.90305,LL
-336.9660966,356.9336566,-19.99167617,2379.54892,2451.448288,-4831.200575,LL
-335.9196324,356.3825521,-20.48704954,2306.025276,2589.501569,-4895.730209,LL
-334.5417184,355.4797678,-20.9621916,2230.225783,2724.999137,-4955.428292,LL
-332.8337136,354.2261938,-21.41663355,2152.225186,2857.807346,-5010.235887,LL
-330.7973045,352.623068,-21.8499268,2072.100521,2987.795058,-5060.098927,LL
-328.4344999,350.6719718,-22.26164385,1989.930802,3114.834063,-5104.968181,LL
-325.7476324,348.3748314,-22.65137829,1905.797181,3238.798915,-5144.799391,LL
-322.7393528,345.7339131,-23.01874559,1819.782627,3359.567351,-5179.553226,LL
-319.4126308,342.7518239,-23.3633831,1731.972086,3477.020112,-5209.19541,LL
-315.7707486,339.4315059,-23.68495082,1642.452157,3591.041361,-5233.696669,LL
-311.8173011,335.7762368,-23.98313129,1551.311246,3701.518498,-5253.032843,LL
-307.5561891,331.789623,-24.25763033,1458.639236,3808.34257,-5267.18483,LL
-302.9916186,327.4755996,-24.50817697,1364.527645,3911.408081,-5276.138684,LL
-298.1280935,322.8384233,-24.73452403,1269.069289,4010.61339,-5279.885548,LL
-292.9704143,317.8826712,-24.93644805,1172.358433,4105.860521,-5278.421745,LL
-287.5236701,312.6132332,-25.11374984,1074.490461,4197.05555,-5271.748698,LL
-281.7932371,307.0353104,-25.26625433,975.5620146,4284.108405,-5259.873014,LL
-275.7847697,301.1544068,-25.39381111,875.6706661,4366.933248,-5242.806392,LL
-269.5041984,294.9763269,-25.49629421,774.9150551,4445.448269,-5220.565696,LL
-262.9577205,288.5071669,-25.57360258,673.3945559,4519.576055,-5193.172854,LL
-256.1517974,281.7533119,-25.62565984,571.2094163,4589.243379,-5160.654919,LL
-249.0931449,274.7214263,-25.6524147,468.4604214,4654.381559,-5123.043962,LL
-241.7887298,267.4184506,-25.65384067,365.2490314,4714.926241,-5080.377123,LL
-234.24576,259.8515912,-25.62993644,261.6770442,4770.817745,-5032.696485,LL
-226.4716802,252.0283163,-25.58072549,157.8467319,4822.000842,-4980.049127,LL
-218.4741618,243.9563458,-25.50625649,53.86050355,4868.425092,-4922.486983,LL
-210.261098,235.6436466,-25.40660284,-50.1789601,4910.044608,-4860.066881,LL
-201.8405934,227.0984215,-25.28186297,-154.1690434,4946.818388,-4792.850402,LL
-193.2209589,218.3291045,-25.13215991,-258.0070621,4978.710069,-4720.9039,LL
-184.4107001,209.3443489,-24.95764147,-361.5905992,5005.68825,-4644.298358,LL
-175.4185125,200.1530224,-24.7584798,-464.8173716,5027.726236,-4563.109397,LL
-166.2532696,190.7641951,-24.53487153,-567.5855655,5044.802348,-4477.417119,LL
-156.924017,181.1871332,-24.28703726,-669.7937028,5056.899663,-4387.306113,LL
-147.4399609,171.4312875,-24.01522164,-771.3409745,5064.006314,-4292.865288,LL
-137.8104617,161.5062865,-23.71969285,-872.1271077,5066.115217,-4194.187865,LL
-128.0450217,151.4219243,-23.40074262,-972.0526966,5063.22436,-4091.371208,LL
-118.1532791,141.1881536,-23.05868563,-1071.019069,5055.336527,-3984.516803,LL
-108.1449949,130.8150733,-22.69385954,-1168.928614,5042.459572,-3873.730082,LL
-98.030047,120.312921,-22.30662429,-1265.68465,5024.606133,-3759.120401,LL
-87.81841681,109.6920603,-21.89736214,-1361.191748,5001.793899,-3640.800843,LL
-77.52018273,98.96297349,-21.46647688,-1455.355596,4974.045313,-3518.888196,LL
-67.14550713,88.13624817,-21.01439383,-1548.083324,4941.387829,-3393.502754,LL
-56.70462931,77.22256974,-20.54155906,-1639.283362,4903.853608,-3264.768276,LL
-46.2078524,66.23270792,-20.04843929,-1728.865765,4861.479759,-3132.811788,LL
-35.66553621,55.17750914,-19.53552108,-1816.742069,4814.308031,-2997.763536,LL
-25.08808398,44.06788278,-19.0033107,-1902.825607,4762.385048,-2859.756774,LL
-14.48593513,32.91479347,-18.4523333,-1987.031368,4705.76198,-2718.927721,LL
-3.869551944,21.7292472,-17.88313271,-2069.276308,4644.494778,-2575.415335,LL
6.750587735,10.52228351,-17.29627057,-2149.479205,4578.643835,-2429.361268,LL
17.36400386,-0.695038437,-16.69232614,-2227.560965,4508.274208,-2280.909637,LL
27.96022153,-11.91164775,-16.07189535,-2303.444474,4433.455274,-2130.206965,LL
38.52878429,-23.11647572,-15.43559057,-2377.0549,4354.260939,-1977.401959,LL
49.05926151,-34.29846381,-14.78403968,-2448.319543,4270.769289,-1822.645437,LL
59.54126162,-45.44657747,-14.11788577,-2517.168129,4183.06279,-1666.090107,LL
69.96443942,-56.54981414,-13.43778615,-2583.532656,4091.227929,-1507.890488,LL
80.31850922,-67.59721698,-12.7444121,-2647.347688,3995.355403,-1348.202686,LL
90.59325206,-78.57788282,-12.0384478,-2708.55019,3895.539759,-1187.184313,LL
100.7785288,-89.4809758,-11.32059004,-2767.079819,3791.879572,-1024.994255,LL
110.864287,-100.2957351,-10.59154718,-2822.878757,3684.477074,-861.7925924,LL
120.8405739,-111.0114887,-9.852038774,-2875.891993,3573.438325,-697.7403671,LL
130.6975436,-121.6176606,-9.102794547,-2926.067155,3458.87284,-532.9994984,LL
140.425469,-132.1037846,-8.344553998,-2973.35478,3340.893748,-367.7325457,LL
150.0147491,-142.4595114,-7.578065332,-3017.708145,3219.617414,-202.1026273,LL
159.4559213,-152.6746219,-6.804085067,-3059.083536,3095.163589,-36.27318025,LL
168.7396674,-162.7390343,-6.023376942,-3097.440064,2967.655028,129.5921221,LL
177.8568263,-172.6428168,-5.236711509,-3132.739931,2837.217633,295.3296104,LL
186.7983997,-182.3761951,-4.444865025,-3164.948245,2703.980063,460.7757021,LL
195.5555642,-191.9295641,-3.648619033,-3194.033276,2568.073874,625.7671415,LL
204.1196766,-201.293495,-2.848759245,-3219.966264,2429.633123,790.1410824,LL
212.482286,-210.4587476,-2.046075114,-3242.721674,2288.7945,953.7353272,LL
220.6351387,-219.4162761,-1.241358705,-3262.276991,2145.69693,1116.388408,LL
228.5701897,-228.1572413,-0.435404262,-3278.612974,2000.4817,1277.939827,LL
236.2796072,-236.673016,0.37099292,-3291.713445,1853.292051,1438.230131,LL
243.7557837,-244.9551971,1.17703694,-3301.56553,1704.273311,1597.101153,LL
250.9913404,-252.9956103,1.981932414,-3308.159452,1553.572475,1754.396088,LL
257.9791375,-260.7863214,2.784884923,-3311.488759,1401.338333,1909.959723,LL
264.712278,-268.3196411,3.585102133,-3311.550109,1247.721056,2063.638516,LL
271.1841179,-275.5881358,4.381794243,-3308.343498,1092.872313,2215.280825,LL
277.3882695,-282.5846315,5.174175099,-3301.872034,936.9448525,2364.736978,LL
283.3186109,-289.3022243,5.961462631,-3292.142159,780.0926238,2511.859498,LL
288.9692887,-295.7342841,6.742879965,-3279.163421,622.4703546,2656.503174,LL
294.3347272,-301.8744638,7.517655853,-3262.948683,464.233665,2798.52528,LL
299.4096306,-307.7167032,8.28502577,-3243.513892,305.5386498,2937.785638,LL
304.1889913,-313.2552373,9.044232328,-3220.878283,146.5419874,3074.146834,LL
308.6680919,-318.4845996,9.794526367,-3195.064139,-12.59947712,3207.474275,LL
312.8425128,-323.3996301,10.53516735,-3166.09699,-171.728625,3337.636405,LL
316.7081337,-327.9954775,11.26542445,-3134.00537,-330.6884804,3464.504749,LL
320.2611403,-332.2676069,11.98457689,-3098.821003,-489.3221037,3587.954122,LL
323.4980256,-336.2118016,12.69191505,-3060.578557,-647.473008,3707.862676,LL
326.4155958,-339.8241699,13.38674078,-3019.315828,-804.9850522,3824.112095,LL
329.0109711,-343.101146,14.06836846,-2975.073482,-961.7028561,3936.587635,LL
331.2815906,-346.0394967,14.73612532,-2927.895236,-1117.471693,4045.178316,LL
333.225213,-348.6363215,15.38935244,-2877.827595,-1272.137903,4149.776952,LL
334.8399207,-350.8890584,16.0274051,-2824.920023,-1425.548784,4250.280337,LL
336.1241196,-352.7954834,16.64965369,-2769.22468,-1577.553003,4346.589267,LL
337.0765431,-354.3537158,17.25548404,-2710.796584,-1728.000486,4438.608716,LL
337.6962504,-355.5622172,17.84429836,-2649.693343,-1876.742824,4526.247852,LL
337.9826308,-356.4197957,18.41551547,-2585.975312,-2023.63316,4609.420205,LL
337.9354009,-356.9256041,18.96857173,-2519.70532,-2168.526598,4688.043675,LL
337.5546079,-357.079144,19.50292127,-2450.948821,-2311.28008,4762.04069,LL
336.8406271,-356.8802632,20.01803682,-2379.773615,-2451.752789,4831.338204,LL
335.7941637,-356.3291587,20.51340994,-2306.249997,-2589.806033,4895.867847,LL
334.4162497,-355.4263736,20.98855185,-2230.450474,-2725.303633,4955.565919,LL
332.7082457,-354.1727996,21.44299356,-2152.449902,-2858.111805,5010.373522,LL
330.6718366,-352.5696731,21.87628666,-2072.325206,-2988.099548,5060.236551,LL
328.3090328,-350.6185769,22.28800347,-1990.155513,-3115.138517,5105.105814,LL
325.6221653,-348.3214357,22.67773776,-1906.021862,-3239.103401,5144.937012,LL
322.6138866,-345.6805174,23.04510481,-1820.007333,-3359.8718,5179.690856,LL
319.2871646,-342.6984274,23.38974217,-1732.196762,-3477.324593,5209.333029,LL
315.6452832,-339.3781094,23.71130965,-1642.676859,-3591.345805,5233.834296,LL
311.6918357,-335.7228395,24.00948996,-1551.535917,-3701.822974,5253.17046,LL
307.4307245,-331.7362257,24.28398877,-1458.863933,-3808.647009,5267.322455,LL
302.866154,-327.4222016,24.53453525,-1364.752311,-3911.712551,5276.276298,LL
298.0026297,-322.7850253,24.76088207,-1269.29398,-4010.917824,5280.023171,LL
292.8449505,-317.8292724,24.96280594,-1172.583094,-4106.164987,5278.559356,LL
287.3982071,-312.5598344,25.14010748,-1074.715147,-4197.359979,5271.886318,LL
281.6677742,-306.9819109,25.29261182,-975.786671,-4284.412866,5260.010623,LL
275.6593076,-301.1010072,25.42016836,-875.8953477,-4367.237673,5242.94401,LL
269.3787363,-294.9229266,25.52265131,-775.1397066,-4445.752725,5220.703303,LL
262.8322592,-288.4537666,25.59995944,-673.6192326,-4519.880475,5193.310469,LL
256.0263361,-281.6999108,25.65201655,-571.4340629,-4589.54783,5160.792523,LL
248.9676844,-274.6680252,25.67877117,-468.6850932,-4654.685974,5123.181575,LL
241.6632694,-267.3650488,25.68019698,-365.4736731,-4715.230687,5080.514724,LL
234.1203003,-259.7981893,25.6562925,-261.9017109,-4771.122155,5032.834096,LL
226.3462206,-251.9749136,25.6070814,-158.0713687,-4822.305283,4980.186726,LL
218.3487029,-243.9029432,25.53261216,-54.08516538,-4868.729497,4922.624591,LL
210.1356392,-235.5902432,25.43295836,49.95432812,-4910.349043,4860.204478,LL
201.7151354,-227.0450181,25.30821825,153.9443865,-4947.122788,4792.988007,LL
193.0955009,-218.2757003,25.15851503,257.782435,-4979.0145,4721.041495,LL
184.2852429,-209.2909447,24.98399636,361.3659472,-5005.992646,4644.435961,LL
175.2930553,-200.0996175,24.78483453,464.5927494,-5028.030662,4563.246989,LL
166.1278132,-190.7107901,24.56122602,567.3609186,-5045.106738,4477.554719,LL
156.7985607,-181.1337275,24.31339159,669.5690855,-5057.204084,4387.443703,LL
147.3145053,-171.3778818,24.04157574,771.1163325,-5064.3107,4293.002886,LL
137.6850062,-161.4528801,23.74604679,871.9024953,-5066.419633,4194.325453,LL
127.919567,-151.3685178,23.42709632,971.8280596,-5063.528741,4091.508803,LL
118.0278244,-141.1347464,23.08503918,1070.794461,-5055.640938,3984.654387,LL
108.019541,-130.761666,22.72021284,1168.703982,-5042.763948,3873.867675,LL
97.90459312,-120.259513,22.33297744,1265.460048,-5024.910539,3759.257983,LL
87.69296369,-109.6386523,21.92371505,1360.967121,-5002.09827,3640.938433,LL
77.39472967,-98.90956474,21.49282963,1455.130999,-4974.349714,3519.025776,LL
67.02005484,-88.08283938,21.04074635,1547.858702,-4941.692195,3393.640342,LL
56.57917708,-77.16916021,20.56791142,1639.058769,-4904.158003,3264.905854,LL
46.08240093,-66.17929836,20.07479141,1728.641148,-4861.78412,3132.949374,LL
35.5400848,-55.12409884,19.56187305,1816.517481,-4814.612422,2997.901111,LL
24.96263333,-44.01447245,19.02966243,1902.600994,-4762.689404,2859.894358,LL
14.36048454,-32.86138241,18.47868487,1986.806785,-4706.066366,2719.065293,LL
3.744102119,-21.6758361,17.90948404,2069.051701,-4644.799129,2575.552916,LL
-6.876037498,-10.46887168,17.32262175,2149.254627,-4578.948216,2429.498838,LL
-17.48945286,0.748450305,16.71867708,2227.336363,-4508.578554,2281.047215,LL
-28.08567046,11.96506034,16.09824613,2303.2199,-4433.75965,2130.344533,LL
-38.65423247,23.16988836,15.46194112,2376.830303,-4354.56528,1977.539534,LL
-49.18470963,34.35187717,14.81039007,2448.094974,-4271.07366,1822.783002,LL
-59.66670898,45.49999088,14.14423592,2516.943536,-4183.367126,1666.22768,LL
-70.08988671,56.60322827,13.46413614,2583.308093,-4091.532294,1508.028051,LL
-80.44395575,67.65063116,12.77076185,2647.123101,-3995.659734,1348.340257,LL
-90.71869853,78.63129772,12.0647974,2708.325631,-3895.84412,1187.321873,LL
-100.9039745,89.53439074,11.3469394,2766.855236,-3792.183899,1025.131823,LL
-110.9897326,100.3491508,10.61789638,2822.654203,-3684.78143,861.93015,LL
-120.9660188,111.0649044,9.878387741,2875.667416,-3573.742647,697.8779328,LL
-130.8229884,121.6710771,9.129143358,2925.842606,-3459.17719,533.1370535,LL
-140.550913,132.1572011,8.370902571,2973.130207,-3341.198065,367.8701088,LL
-150.1401931,142.5129286,7.604413748,3017.483601,-3219.92176,202.24018,LL
-159.5813645,152.7280392,6.830433245,3058.858968,-3095.467901,36.41074097,LL
-168.8651106,162.7924522,6.049724964,3097.215524,-2967.959369,-129.4545718,LL
-177.9822687,172.6962349,5.263059293,3132.515368,-2837.52194,-295.1920522,LL
-186.9238421,182.4296138,4.471212652,3164.72371,-2704.284399,-460.6381543,LL
-195.6810058,191.9829829,3.674966422,3193.808718,-2568.378176,-625.6295858,LL
-204.2451181,201.3469145,2.875106478,3219.741735,-2429.937454,-790.0035371,LL
-212.6077267,210.5121672,2.072422109,3242.497121,-2289.098798,-953.597774,LL
-220.7605794,219.4696964,1.267705543,3262.052467,-2146.001256,-1116.250866,LL
-228.6956296,228.2106616,0.461750863,3278.388426,-2000.785992,-1277.802276,LL
-236.4050471,236.7264371,-0.344646477,3291.488925,-1853.596372,-1438.092591,LL
-243.8812229,245.0086182,-1.150690733,3301.340987,-1704.577598,-1596.963605,LL
-251.1167795,253.0490321,-1.955586365,3307.934937,-1553.876791,-1754.25855,LL
-258.1045758,260.8397433,-2.75853911,3311.264221,-1401.642616,-1909.822177,LL
-264.8377162,268.3730637,-3.558756479,3311.325599,-1248.025367,-2063.500981,LL
-271.3095554,275.6415584,-4.355448826,3308.118965,-1093.17659,-2215.143282,LL
-277.5137069,282.6380549,-5.147829839,3301.647529,-937.2491585,-2364.599445,LL
-283.4440475,289.3556477,-5.935117607,3291.917631,-780.3968965,-2511.721957,LL
-289.0947253,295.7877082,-6.7165351,3278.938921,-622.7746555,-2656.365644,LL
-294.4601631,301.927888,-7.491311224,3262.72416,-464.5379328,-2798.387742,LL
-299.5350664,307.770128,-8.258681299,3243.289397,-305.8429458,-2937.64811,LL
-304.3144263,313.3086622,-9.017888093,3220.653765,-146.8462504,-3074.009298,LL
-308.7935268,318.5380253,-9.76818229,3194.839648,12.29518614,-3207.33675,LL
-312.967947,323.4530558,-10.50882351,3165.872477,171.424367,-3337.498872,LL
-316.8335678,328.0489039,-11.23908076,3133.780885,330.3841944,-3464.367226,LL
-320.3865737,332.3210334,-11.95823344,3098.596495,489.0178506,-3587.816591,LL
-323.6234589,336.2652288,-12.66557176,3060.354077,647.168727,-3707.725155,LL
-326.5410284,339.8775971,-13.36039772,3019.091325,804.680804,-3823.974566,LL
-329.1364035,343.154574,-14.04202556,2974.849007,961.39858,-3936.450117,LL
-331.4070223,346.0929247,-14.70978266,2927.670738,1117.16745,-4045.04079,LL
-333.3506446,348.6897503,-15.36300995,2877.603124,1271.833632,-4149.639436,LL
-334.9653516,350.9424872,-16.00106284,2824.695529,1425.244546,-4250.142814,LL
-336.2495505,352.8489129,-16.62331159,2769.000214,1577.248737,-4346.451754,LL
-337.2019732,354.4071454,-17.22914217,2710.572095,1727.696253,-4438.471195,LL
-337.8216804,355.6156475,-17.81795665,2649.468882,1876.438563,-4526.110341,LL
-338.1080601,356.473226,-18.38917399,2585.750829,2023.328932,-4609.282686,LL
-338.06083,356.9790351,-18.94223042,2519.480864,2168.222342,-4687.906167,LL
-337.6800364,357.1325751,-19.47658019,2450.724342,2310.975856,-4761.903174,LL
-336.9660554,356.933695,-19.9916959,2379.549164,2451.448538,-4831.200697,LL
-335.9195913,356.3825905,-20.48706926,2306.025524,2589.501814,-4895.730334,LL
-334.5416772,355.4798062,-20.96221133,2230.226027,2724.999386,-4955.428415,LL
-332.8336725,354.2262322,-21.41665327,2152.225433,2857.807591,-5010.236011,LL
-330.7972633,352.6231064,-21.84994653,2072.100765,2987.795307,-5060.099049,LL
-328.4344588,350.6720102,-22.26166357,1989.93105,3114.834308,-5104.968305,LL
-325.7475912,348.3748698,-22.65139802,1905.797425,3238.799165,-5144.799513,LL
-322.7393117,345.7339515,-23.01876531,1819.782874,3359.567596,-5179.55335,LL
-319.4125897,342.7518623,-23.36340283,1731.97233,3477.020362,-5209.195533,LL
-315.7707075,339.4315444,-23.68497054,1642.452405,3591.041606,-5233.696793,LL
-311.81726,335.7762752,-23.98315101,1551.31149,3701.518748,-5253.032966,LL
-307.556148,331.7896614,-24.25765005,1458.639484,3808.342815,-5267.184954,LL
-302.9915775,327.475638,-24.5081967,1364.527889,3911.40833,-5276.138807,LL
-298.1280524,322.8384617,-24.73454375,1269.069536,4010.613635,-5279.885672,LL
-292.9703731,317.8827096,-24.93646777,1172.358677,4105.860771,-5278.421867,LL
-287.523629,312.6132716,-25.11376956,1074.490708,4197.055795,-5271.748822,LL
-281.793196,307.0353488,-25.26627405,975.5622585,4284.108655,-5259.873137,LL
-275.7847286,301.1544452,-25.39383083,875.6709137,4366.933493,-5242.806516,LL
-269.5041573,294.9763653,-25.49631394,774.915299,4445.448519,-5220.565819,LL
-262.9576794,288.5072053,-25.5736223,673.3948035,4519.5763,-5193.172978,LL
-256.1517562,281.7533503,-25.62567957,571.2096602,4589.243629,-5160.655042,LL
-249.0931038,274.7214648,-25.65243442,468.460669,4654.381804,-5123.044086,LL
-241.7886887,267.418489,-25.6538604,365.2492753,4714.92649,-5080.377245,LL
-234.2457189,259.8516296,-25.62995615,261.6772917,4770.81799,-5032.69661,LL
-226.4716391,252.0283546,-25.58074521,157.8469758,4822.001091,-4980.04925,LL
-218.4741207,243.9563842,-25.50627621,53.86075113,4868.425337,-4922.487107,LL
-210.2610569,235.643685,-25.40662256,-50.17871618,4910.044857,-4860.067004,LL
-201.8405523,227.09846,-25.28188269,-154.1687958,4946.818633,-4792.850526,LL
-193.2209177,218.3291428,-25.13217963,-258.0068182,4978.710319,-4720.904023,LL
-184.410659,209.3443873,-24.95766119,-361.5903516,5005.688495,-4644.298482,LL
-175.4184713,200.1530608,-24.75849952,-464.8171277,5027.726485,-4563.109519,LL
-166.2532285,190.7642335,-24.53489125,-567.585318,5044.802593,-4477.417243,LL
-156.9239758,181.1871716,-24.28705698,-669.7934589,5056.899913,-4387.306236,LL
-147.4399198,171.4313259,-24.01524136,-771.340727,5064.006559,-4292.865412,LL
-137.8104205,161.5063249,-23.71971258,-872.1268638,5066.115466,-4194.187988,LL
-128.0449806,151.4219627,-23.40076234,-972.0524491,5063.224605,-4091.371332,LL
-118.1532379,141.188192,-23.05870535,-1071.018825,5055.336777,-3984.516925,LL
-108.1449538,130.8151117,-22.69387926,-1168.928367,5042.459817,-3873.730206,LL
-98.03000585,120.3129593,-22.30664401,-1265.684407,5024.606382,-3759.120523,LL
-87.8183757,109.6920987,-21.89738185,-1361.191501,5001.794144,-3640.800967,LL
-77.52014158,98.96301188,-21.4664966,-1455.355352,4974.045562,-3518.888319,LL
-67.14546603,88.13628661,-21.01441355,-1548.083076,4941.388074,-3393.502878,LL
-56.70458816,77.22260812,-20.54157878,-1639.283118,4903.853857,-3264.768399,LL
-46.2078113,66.23274635,-20.04845901,-1728.865518,4861.480004,-3132.811912,LL
-35.66549506,55.17754752,-19.5355408,-1816.741825,4814.308281,-2997.763659,LL
-25.08804288,44.06792121,-19.00333042,-1902.825359,4762.385293,-2859.756898,LL
-14.48589398,32.91483185,-18.45235302,-1987.031124,4705.762229,-2718.927843,LL
-3.869510844,21.72928563,-17.88315242,-2069.276061,4644.495023,-2575.415459,LL
6.750628881,10.52232189,-17.29629029,-2149.478961,4578.644084,-2429.361391,LL
17.36404496,-0.69500001,-16.69234586,-2227.560718,4508.274453,-2280.909761,LL
27.96026267,-11.91160936,-16.07191507,-2303.44423,4433.455523,-2130.207088,LL
38.52882539,-23.11643729,-15.43561029,-2377.054653,4354.261184,-1977.402083,LL
49.05930265,-34.29842543,-14.7840594,-2448.319299,4270.769539,-1822.64556,LL
59.54130272,-45.44653904,-14.11790548,-2517.167881,4183.063035,-1666.090231,LL
69.96448056,-56.54977576,-13.43780587,-2583.532412,4091.228178,-1507.890611,LL
80.31855031,-67.59717856,-12.74443181,-2647.347441,3995.355648,-1348.20281,LL
90.59329321,-78.57784445,-12.03846752,-2708.549946,3895.540009,-1187.184436,LL
100.7785699,-89.48093738,-11.32060976,-2767.079572,3791.879817,-1024.994379,LL
110.8643281,-100.2956968,-10.5915669,-2822.878513,3684.477323,-861.7927152,LL
120.840615,-111.0114503,-9.852058488,-2875.891746,3573.43857,-697.7404911,LL
130.6975847,-121.6176223,-9.102814266,-2926.066911,3458.873089,-532.9996212,LL
140.4255101,-132.1037462,-8.344573711,-2973.354532,3340.893993,-367.7326697,LL
150.0147903,-142.4594731,-7.578085051,-3017.707901,3219.617663,-202.1027501,LL
159.4559624,-152.6745835,-6.80410478,-3059.083289,3095.163834,-36.27330425,LL
168.7397085,-162.7389959,-6.023396661,-3097.43982,2967.655277,129.5919993,LL
177.8568674,-172.6427784,-5.236731222,-3132.739683,2837.217878,295.3294864,LL
186.7984409,-182.3761567,-4.444884743,-3164.948001,2703.980312,460.7755793,LL
195.5556053,-191.9295256,-3.648638746,-3194.033028,2568.074119,625.7670175,LL
204.1197177,-201.2934567,-2.848778964,-3219.96602,2429.633372,790.1409597,LL
212.4823271,-210.4587092,-2.046094826,-3242.721426,2288.794745,953.7352032,LL
220.6351799,-219.4162377,-1.241378423,-3262.276747,2145.697179,1116.388286,LL
228.5702308,-228.1572028,-0.435423974,-3278.612727,2000.481945,1277.939703,LL
236.2796483,-236.6729777,0.370973203,-3291.713201,1853.292301,1438.230008,LL
243.7558248,-244.9551587,1.177017228,-3301.565283,1704.273556,1597.101029,LL
250.9913816,-252.995572,1.981912697,-3308.159208,1553.572724,1754.395965,LL
257.9791786,-260.786283,2.784865211,-3311.488511,1401.338578,1909.959599,LL
264.7123191,-268.3196028,3.585082416,-3311.549865,1247.721306,2063.638394,LL
271.184159,-275.5880974,4.381774532,-3308.34325,1092.872558,2215.280701,LL
277.3883106,-282.5845932,5.174155382,-3301.87179,936.9451016,2364.736855,LL
283.318652,-289.3021859,5.961442919,-3292.141912,780.0928687,2511.859374,LL
288.9693298,-295.7342457,6.742860249,-3279.163178,622.4706037,2656.503052,LL
294.3347683,-301.8744254,7.517636143,-3262.948436,464.23391,2798.525156,LL
299.4096717,-307.7166648,8.285006054,-3243.513648,305.5388989,2937.785515,LL
304.1890324,-313.2551989,9.044212617,-3220.878035,146.5422324,3074.14671,LL
308.668133,-318.4845612,9.794506651,-3195.063895,-12.59922804,3207.474153,LL
312.8425539,-323.3995917,10.53514764,-3166.096743,-171.72838,3337.636281,LL
316.7081748,-327.9954391,11.26540473,-3134.005126,-330.6882313,3464.504626,LL
320.2611814,-332.2675685,11.98455718,-3098.820756,-489.3218587,3587.953998,LL
323.4980667,-336.2117633,12.69189533,-3060.578314,-647.4727589,3707.862553,LL
326.4156369,-339.8241315,13.38672107,-3019.315581,-804.9848072,3824.111971,LL
329.0110122,-343.1011076,14.06834874,-2975.073239,-961.702607,3936.587512,LL
331.2816317,-346.0394583,14.73610561,-2927.894989,-1117.471448,4045.178192,LL
333.2252541,-348.6362832,15.38933273,-2877.827351,-1272.137654,4149.776829,LL
334.8399618,-350.88902,16.02738539,-2824.919775,-1425.548539,4250.280213,LL
336.1241608,-352.795445,16.64963398,-2769.224436,-1577.552754,4346.589145,LL
337.0765842,-354.3536774,17.25546433,-2710.796336,-1728.000241,4438.608592,LL
337.6962916,-355.5621789,17.84427864,-2649.693099,-1876.742575,4526.247729,LL
337.9826719,-356.4197573,18.41549576,-2585.975065,-2023.632915,4609.420081,LL
337.935442,-356.9255657,18.96855202,-2519.705076,-2168.526349,4688.043552,LL
337.554649,-357.0791056,19.50290156,-2450.948574,-2311.279835,4762.040566,LL
336.8406682,-356.8802249,20.0180171,-2379.773371,-2451.75254,4831.338081,LL
335.7942047,-356.3291203,20.51339024,-2306.24975,-2589.805788,4895.867723,LL
334.4162908,-355.4263352,20.98853214,-2230.45023,-2725.303384,4955.565796,LL
332.7082868,-354.1727612,21.44297385,-2152.449655,-2858.11156,5010.373398,LL
330.6718778,-352.5696347,21.87626695,-2072.324963,-2988.099299,5060.236428,LL
328.3090739,-350.6185385,22.28798376,-1990.155266,-3115.138272,5105.10569,LL
325.6222065,-348.3213974,22.67771804,-1906.021618,-3239.103152,5144.936889,LL
322.6139276,-345.680479,23.04508511,-1820.007086,-3359.871555,5179.690732,LL
319.2872057,-342.698389,23.38972246,-1732.196518,-3477.324344,5209.332906,LL
315.6453242,-339.378071,23.71128994,-1642.676612,-3591.34556,5233.834173,LL
311.6918768,-335.7228012,24.00947025,-1551.535673,-3701.822725,5253.170337,LL
307.4307656,-331.7361873,24.28396906,-1458.863686,-3808.646764,5267.322332,LL
302.8661952,-327.4221632,24.53451554,-1364.752067,-3911.712302,5276.276176,LL
298.0026708,-322.7849869,24.76086237,-1269.293733,-4010.917579,5280.023047,LL
292.8449916,-317.829234,24.96278622,-1172.58285,-4106.164738,5278.559233,LL
287.3982482,-312.559796,25.14008778,-1074.7149,-4197.359734,5271.886194,LL
281.6678153,-306.9818725,25.29259211,-975.7864271,-4284.412617,5260.010501,LL
275.6593487,-301.1009688,25.42014866,-875.8951006,-4367.237428,5242.943886,LL
269.3787774,-294.9228882,25.5226316,-775.1394626,-4445.752476,5220.70318,LL
262.8323002,-288.4537282,25.59993974,-673.6189855,-4519.88023,5193.310345,LL
256.0263772,-281.6998725,25.65199684,-571.433819,-4589.547581,5160.7924,LL
248.9677254,-274.6679868,25.67875146,-468.6848461,-4654.685729,5123.181451,LL
241.6633105,-267.3650104,25.68017727,-365.4734292,-4715.230438,5080.514602,LL
234.1203414,-259.7981509,25.6562728,-261.9014638,-4771.12191,5032.833972,LL
226.3462617,-251.9748753,25.60706169,-158.0711248,-4822.305034,4980.186604,LL
218.348744,-243.9029048,25.53259246,-54.08491829,-4868.729252,4922.624467,LL
210.1356803,-235.5902049,25.43293865,49.95457204,-4910.348794,4860.204355,LL
201.7151765,-227.0449797,25.30819855,153.9446336,-4947.122543,4792.987883,LL
193.095542,-218.275662,25.15849532,257.7826789,-4979.014251,4721.041372,LL
184.2852839,-209.2909063,24.98397665,361.3661943,-5005.992401,4644.435837,LL
175.2930964,-200.0995792,24.78481482,464.5929933,-5028.030413,4563.246866,LL
166.1278542,-190.7107517,24.56120632,567.3611656,-5045.106493,4477.554595,LL
156.7986018,-181.1336892,24.31337188,669.5693294,-5057.203835,4387.44358,LL
147.3145464,-171.3778434,24.04155604,771.1165796,-5064.310455,4293.002762,LL
137.6850473,-161.4528417,23.74602708,871.9027392,-5066.419384,4194.32533,LL
127.919608,-151.3684794,23.42707662,971.8283066,-5063.528496,4091.508679,LL
118.0278655,-141.1347081,23.08501947,1070.794705,-5055.640689,3984.654264,LL
108.019582,-130.7616276,22.72019314,1168.704229,-5042.763703,3873.867552,LL
97.90463423,-120.2594746,22.33295774,1265.460292,-5024.91029,3759.25786,LL
87.69300476,-109.6386139,21.92369535,1360.967368,-5002.098025,3640.938309,LL
77.39477078,-98.90952639,21.49280992,1455.131242,-4974.349465,3519.025653,LL
67.0200959,-88.082801,21.04072664,1547.858949,-4941.69195,3393.640218,LL
56.57921818,-77.16912187,20.56789172,1639.059013,-4904.157755,3264.905731,LL
46.08244199,-66.17925997,20.07477171,1728.641395,-4861.783875,3132.94925,LL
35.54012591,-55.1240605,19.56185334,1816.517725,-4814.612173,2997.900988,LL
24.9626744,-44.01443407,19.02964273,1902.601241,-4762.689159,2859.894234,LL
14.36052564,-32.86134406,18.47866517,1986.807029,-4706.066117,2719.06517,LL
3.744143181,-21.67579772,17.90946434,2069.051948,-4644.798884,2575.552792,LL
-6.875996396,-10.46883333,17.32260204,2149.254871,-4578.947967,2429.498715,LL
-17.4894118,0.748488689,16.71865738,2227.33661,-4508.578309,2281.047091,LL
-28.08562936,11.96509869,16.09822643,2303.220144,-4433.759401,2130.34441,LL
-38.65419141,23.16992674,15.46192142,2376.83055,-4354.565035,1977.53941,LL
-49.18466852,34.35191551,14.81037037,2448.095218,-4271.073411,1822.782879,LL
-59.66666792,45.50002926,14.14421622,2516.943783,-4183.366881,1666.227556,LL
-70.08984561,56.60326661,13.46411644,2583.308337,-4091.532046,1508.027928,LL
-80.44391469,67.65066954,12.77074215,2647.123348,-3995.659489,1348.340133,LL
-90.71865744,78.63133607,12.06477769,2708.325875,-3895.843872,1187.321751,LL
-100.9039334,89.53442912,11.3469197,2766.855483,-3792.183654,1025.131699,LL
-110.9896915,100.3491892,10.61787668,2822.654447,-3684.781181,861.9300273,LL
-120.9659778,111.0649428,9.878368041,2875.667663,-3573.742402,697.877809,LL
-130.8229473,121.6711154,9.129123653,2925.842849,-3459.176942,533.1369308,LL
-140.550872,132.1572395,8.370882871,2973.130454,-3341.19782,367.869985,LL
-150.140152,142.512967,7.604394043,3017.483845,-3219.921511,202.2400573,LL
-159.5813235,152.7280775,6.830413546,3058.859215,-3095.467656,36.41061714,LL
-168.8650695,162.7924906,6.04970526,3097.215768,-2967.95912,-129.4546946,LL
-177.9822277,172.6962732,5.263039594,3132.515615,-2837.521695,-295.192176,LL
-186.923801,182.4296522,4.471192948,3164.723954,-2704.28415,-460.638277,LL
-195.6809647,191.9830212,3.674946724,3193.808965,-2568.377931,-625.6297096,LL
-204.245077,201.3469529,2.875086775,3219.741979,-2429.937205,-790.0036599,LL
-212.6076857,210.5122055,2.072402411,3242.497368,-2289.098552,-953.5978978,LL
-220.7605383,219.4697347,1.26768584,3262.052711,-2146.001008,-1116.250988,LL
-228.6955886,228.2107,0.461731165,3278.388673,-2000.785747,-1277.8024,LL
-236.405006,236.7264754,-0.34466618,3291.489169,-1853.596124,-1438.092713,LL
-243.8811818,245.0086566,-1.150710431,3301.341234,-1704.577353,-1596.963729,LL
-251.1167384,253.0490705,-1.955606067,3307.935181,-1553.876542,-1754.258673,LL
-258.1045347,260.8397816,-2.758558808,3311.264468,-1401.642371,-1909.822301,LL
-264.8376751,268.373102,-3.558776181,3311.325843,-1248.025119,-2063.501104,LL
-271.3095143,275.6415968,-4.355468523,3308.119211,-1093.176345,-2215.143406,LL
-277.5136658,282.6380932,-5.147849541,3301.647773,-937.2489099,-2364.599568,LL
-283.4440065,289.3556861,-5.935137304,3291.917878,-780.3966514,-2511.722081,LL
-289.0946842,295.7877465,-6.716554801,3278.939165,-622.774407,-2656.365767,LL
-294.460122,301.9279263,-7.491330921,3262.724407,-464.5376878,-2798.387866,LL
-299.5350253,307.7701664,-8.258701,3243.289641,-305.8426972,-2937.648233,LL
-304.3143852,313.3087006,-9.01790779,3220.654011,-146.8460053,-3074.009421,LL
-308.7934857,318.5380636,-9.768201991,3194.839892,12.2954347,-3207.336873,LL
-312.967906,323.4530942,-10.50884321,3165.872724,171.424612,-3337.498995,LL
-316.8335267,328.0489422,-11.23910047,3133.781129,330.3844429,-3464.367348,LL
-320.3865326,332.3210717,-11.95825314,3098.596742,489.0180956,-3587.816715,LL
-323.6234178,336.2652671,-12.66559146,3060.354321,647.1689755,-3707.725278,LL
-326.5409874,339.8776355,-13.36041742,3019.091572,804.681049,-3823.97469,LL
-329.1363624,343.1546123,-14.04204526,2974.84925,961.3988286,-3936.450239,LL
-331.4069813,346.0929631,-14.70980235,2927.670985,1117.167695,-4045.040914,LL
-333.3506035,348.6897886,-15.36302965,2877.603368,1271.83388,-4149.639559,LL
-334.9653106,350.9425255,-16.00108253,2824.695776,1425.244791,-4250.142938,LL
-336.2495094,352.8489512,-16.62333129,2769.000457,1577.248986,-4346.451877,LL
-337.2019321,354.4071837,-17.22916187,2710.572342,1727.696498,-4438.471319,LL
-337.8216394,355.6156858,-17.81797635,2649.469126,1876.438811,-4526.110464,LL
-338.108019,356.4732643,-18.38919369,2585.751075,2023.329177,-4609.28281,LL
-338.060789,356.9790734,-18.94225012,2519.481108,2168.22259,-4687.906289,LL
-337.6799953,357.1326134,-19.47659988,2450.724589,2310.976101,-4761.903297,LL
-336.9660144,356.9337333,-19.9917156,2379.549407,2451.448786,-4831.20082,LL
-335.9195503,356.3826289,-20.48708895,2306.02577,2589.502059,-4895.730457,LL
-334.5416362,355.4798445,-20.96223103,2230.226271,2724.999635,-4955.428538,LL
-332.8336315,354.2262706,-21.41667296,2152.22568,2857.807836,-5010.236135,LL
-330.7972223,352.6231447,-21.84996623,2072.101009,2987.795556,-5060.099172,LL
-328.4344177,350.6720486,-22.26168327,1989.931296,3114.834553,-5104.968429,LL
-325.7475502,348.3749081,-22.65141772,1905.797669,3238.799413,-5144.799636,LL
-322.7392707,345.7339899,-23.018785,1819.783121,3359.567841,-5179.553474,LL
-319.4125486,342.7519006,-23.36342253,1731.972574,3477.02061,-5209.195656,LL
-315.7706665,339.4315827,-23.68499023,1642.452652,3591.041851,-5233.696917,LL
-311.8172189,335.7763135,-23.98317071,1551.311734,3701.518996,-5253.033089,LL
-307.556107,331.7896998,-24.25766975,1458.63973,3808.34306,-5267.185078,LL
-302.9915364,327.4756763,-24.5082164,1364.528133,3911.408578,-5276.13893,LL
-298.1280114,322.8385001,-24.73456345,1269.069783,4010.61388,-5279.885796,LL
-292.970332,317.8827479,-24.93648747,1172.358921,4105.861019,-5278.42199,LL
-287.523588,312.61331,-25.11378925,1074.490955,4197.05604,-5271.748946,LL
-281.7931549,307.0353871,-25.26629375,975.5625024,4284.108903,-5259.87326,LL
-275.7846876,301.1544836,-25.39385052,875.6711603,4366.933738,-5242.80664,LL
-269.5041162,294.9764036,-25.49633363,774.9155429,4445.448767,-5220.565942,LL
-262.9576384,288.5072437,-25.573642,673.3950502,4519.576545,-5193.173101,LL
-256.1517151,281.7533886,-25.62569926,571.2099041,4589.243877,-5160.655164,LL
-249.0930627,274.7215031,-25.65245412,468.4609157,4654.382049,-5123.04421,LL
-241.7886476,267.4185273,-25.65388009,365.2495191,4714.926739,-5080.377368,LL
-234.2456779,259.8516679,-25.62997585,261.6775384,4770.818235,-5032.696733,LL
-226.471598,252.028393,-25.58076491,157.8472196,4822.00134,-4980.049373,LL
-218.4740796,243.9564226,-25.5062959,53.86099776,4868.425582,-4922.487231,LL
-210.2610158,235.6437233,-25.40664226,-50.17847231,4910.045105,-4860.067127,LL
-201.8405113,227.0984983,-25.28190238,-154.1685492,4946.818878,-4792.85065,LL
-193.2208767,218.3291812,-25.13219933,-258.0065743,4978.710567,-4720.904146,LL
-184.410618,209.3444257,-24.95768088,-361.590105,5005.68874,-4644.298606,LL
-175.4184303,200.1530991,-24.75851922,-464.8168838,5027.726734,-4563.109642,LL
-166.2531874,190.7642719,-24.53491094,-567.5850714,5044.802838,-4477.417367,LL
-156.9239348,181.1872099,-24.28707668,-669.793215,5056.900161,-4387.306359,LL
-147.4398788,171.4313643,-24.01526105,-771.3404804,5064.006804,-4292.865536,LL
-137.8103795,161.5063632,-23.71973227,-872.1266199,5066.115715,-4194.188111,LL
-128.0449396,151.4220011,-23.40078203,-972.0522025,5063.22485,-4091.371455,LL
-118.1531968,141.1882303,-23.05872505,-1071.018581,5055.337025,-3984.517048,LL
-108.1449128,130.8151501,-22.69389894,-1168.92812,5042.460062,-3873.73033,LL
-98.02996479,120.3129976,-22.30666371,-1265.684163,5024.606631,-3759.120646,LL
-87.81833468,109.692137,-21.89740154,-1361.191254,5001.794389,-3640.801091,LL
-77.52010052,98.96305019,-21.46651629,-1455.355109,4974.045811,-3518.888442,LL
-67.145425,88.13632495,-21.01443323,-1548.08283,4941.388319,-3393.503002,LL
-56.7045471,77.22264643,-20.54159848,-1639.282874,4903.854105,-3264.768522,LL
-46.20777027,66.2327847,-20.0484787,-1728.865271,4861.480249,-3132.812036,LL
-35.665454,55.17758583,-19.53556049,-1816.741581,4814.308529,-2997.763781,LL
-25.08800186,44.06795956,-19.00335011,-1902.825113,4762.385538,-2859.757022,LL
-14.48585292,32.91487016,-18.45237271,-1987.03088,4705.762478,-2718.927966,LL
-3.86946982,21.72932397,-17.88317211,-2069.275814,4644.495268,-2575.415583,LL
6.75066994,10.52236019,-17.29630999,-2149.478718,4578.644333,-2429.361514,LL
17.36408598,-0.694961669,-16.69236555,-2227.560471,4508.274698,-2280.909885,LL
27.96030373,-11.91157106,-16.07193476,-2303.443986,4433.455771,-2130.207211,LL
38.52886641,-23.11639895,-15.43562998,-2377.054406,4354.261429,-1977.402206,LL
49.05934371,-34.29838712,-14.78407909,-2448.319055,4270.769787,-1822.645683,LL
59.54134374,-45.44650071,-14.11792517,-2517.167635,4183.06328,-1666.090354,LL
69.96452162,-56.54973745,-13.43782556,-2583.532169,4091.228426,-1507.890734,LL
80.31859133,-67.59714022,-12.7444515,-2647.347194,3995.355893,-1348.202934,LL
90.59333426,-78.57780614,-12.03848721,-2708.549702,3895.540257,-1187.184559,LL
100.7786109,-89.48089904,-11.32062944,-2767.079325,3791.880062,-1024.994502,LL
110.8643691,-100.2956585,-10.59158659,-2822.878269,3684.477571,-861.7928379,LL
120.840656,-111.011412,-9.852078174,-2875.8915,3573.438815,-697.7406148,LL
130.6976258,-121.617584,-9.102833956,-2926.066667,3458.873337,-532.9997439,LL
140.4255511,-132.1037079,-8.344593397,-2973.354286,3340.894238,-367.7327933,LL
150.0148313,-142.4594348,-7.57810474,-3017.707657,3219.617911,-202.1028728,LL
159.4560034,-152.6745452,-6.804124466,-3059.083042,3095.164079,-36.27342791,LL
168.7397496,-162.7389576,-6.023416351,-3097.439576,2967.655525,129.5918766,LL
177.8569084,-172.6427401,-5.236750908,-3132.739437,2837.218123,295.3293627,LL
186.7984819,-182.3761184,-4.444904433,-3164.947757,2703.98056,460.7754566,LL
195.5556463,-191.9294873,-3.648658431,-3194.032782,2568.074364,625.7668939,LL
204.1197588,-201.2934184,-2.848798652,-3219.965777,2429.63362,790.1408369,LL
212.4823681,-210.4586709,-2.046114511,-3242.72118,2288.79499,953.7350796,LL
220.6352209,-219.4161995,-1.241398111,-3262.276504,2145.697428,1116.388163,LL
228.5702718,-228.1571645,-0.435443659,-3278.61248,2000.48219,1277.939579,LL
236.2796894,-236.6729394,0.370953514,-3291.712957,1853.292549,1438.229886,LL
243.7558658,-244.9551204,1.176997544,-3301.565036,1704.273801,1597.100906,LL
250.9914226,-252.9955337,1.981893009,-3308.158965,1553.572972,1754.395842,LL
257.9792196,-260.7862446,2.784845527,-3311.488265,1401.338823,1909.959475,LL
264.7123602,-268.3195645,3.585062728,-3311.549621,1247.721554,2063.638271,LL
271.1842,-275.588059,4.381754848,-3308.343004,1092.872803,2215.280578,LL
277.3883517,-282.5845549,5.174135695,-3301.871546,936.9453498,2364.736732,LL
283.318693,-289.3021476,5.961423236,-3292.141666,780.0931138,2511.85925,LL
288.9693709,-295.7342074,6.742840562,-3279.162934,622.4708518,2656.502929,LL
294.3348093,-301.8743871,7.517616459,-3262.94819,464.234155,2798.525033,LL
299.4097128,-307.7166265,8.284986367,-3243.513405,305.539147,2937.785393,LL
304.1890734,-313.2551606,9.044192934,-3220.877789,146.5424775,3074.146586,LL
308.6681741,-318.484523,9.794486964,-3195.063651,-12.59897996,3207.47403,LL
312.8425949,-323.3995533,10.53512796,-3166.096497,-171.728135,3337.636158,LL
316.7082158,-327.9954008,11.26538504,-3134.004883,-330.6879832,3464.504503,LL
320.2612224,-332.2675302,11.9845375,-3098.820509,-489.3216137,3587.953874,LL
323.4981078,-336.211725,12.69187564,-3060.57807,-647.4725108,3707.862431,LL
326.4156779,-339.8240931,13.38670138,-3019.315334,-804.9845622,3824.111847,LL
329.0110532,-343.1010694,14.06832906,-2975.072995,-961.702359,3936.587389,LL
331.2816727,-346.03942,14.73608592,-2927.894743,-1117.471203,4045.178068,LL
333.2252951,-348.6362449,15.38931304,-2877.827107,-1272.137406,4149.776707,LL
334.8400028,-350.8889816,16.02736571,-2824.919529,-1425.548294,4250.28009,LL
336.1242018,-352.7954067,16.64961429,-2769.224192,-1577.552506,4346.589022,LL
337.0766252,-354.3536391,17.25544465,-2710.79609,-1727.999996,4438.608468,LL
337.6963326,-355.5621406,17.84425896,-2649.692855,-1876.742327,4526.247606,LL
337.9827129,-356.4197189,18.41547608,-2585.974819,-2023.63267,4609.419957,LL
337.935483,-356.9255274,18.96853233,-2519.704833,-2168.526101,4688.04343,LL
337.55469,-357.0790673,19.50288188,-2450.948327,-2311.27959,4762.040442,LL
336.8407092,-356.8801866,20.01799742,-2379.773127,-2451.752292,4831.337958,LL
335.7942458,-356.329082,20.51337056,-2306.249504,-2589.805543,4895.8676,LL
334.4163319,-355.426297,20.98851246,-2230.449986,-2725.303136,4955.565673,LL
332.7083278,-354.1727229,21.44295417,-2152.449408,-2858.111315,5010.373275,LL
330.6719188,-352.5695964,21.87624727,-2072.324719,-2988.099051,5060.236305,LL
328.3091149,-350.6185001,22.28796408,-1990.15502,-3115.138027,5105.105566,LL
325.6222475,-348.3213591,22.67769836,-1906.021374,-3239.102904,5144.936767,LL
322.6139686,-345.6804407,23.04506543,-1820.00684,-3359.87131,5179.690608,LL
319.2872467,-342.6983508,23.38970278,-1732.196274,-3477.324096,5209.332784,LL
315.6453652,-339.3780327,23.71127026,-1642.676365,-3591.345315,5233.834049,LL
311.6919179,-335.7227629,24.00945057,-1551.535429,-3701.822477,5253.170214,LL
307.4308066,-331.736149,24.28394938,-1458.863439,-3808.646519,5267.322208,LL
302.8662362,-327.422125,24.53449586,-1364.751823,-3911.712054,5276.276053,LL
298.0027118,-322.7849486,24.76084269,-1269.293487,-4010.917334,5280.022923,LL
292.8450326,-317.8291958,24.96276654,-1172.582607,-4106.16449,5278.559111,LL
287.3982892,-312.5597577,25.1400681,-1074.714654,-4197.359489,5271.886071,LL
281.6678563,-306.9818342,25.29257243,-975.7861832,-4284.412369,5260.010378,LL
275.6593897,-301.1009305,25.42012898,-875.8948544,-4367.237183,5242.943763,LL
269.3788184,-294.9228499,25.52261192,-775.1392188,-4445.752228,5220.703057,LL
262.8323412,-288.4536899,25.59992006,-673.6187392,-4519.879985,5193.310221,LL
256.0264182,-281.6998342,25.65197715,-571.4335752,-4589.547333,5160.792278,LL
248.9677664,-274.6679485,25.67873178,-468.6845999,-4654.685484,5123.181328,LL
241.6633515,-267.3649721,25.68015759,-365.4731854,-4715.23019,5080.514479,LL
234.1203824,-259.7981126,25.65625312,-261.9012176,-4771.121665,5032.833848,LL
226.3463027,-251.974837,25.60704201,-158.070881,-4822.304786,4980.186481,LL
218.348785,-243.9028664,25.53257278,-54.08467209,-4868.729007,4922.624344,LL
210.1357213,-235.5901666,25.43291897,49.95481585,-4910.348547,4860.204233,LL
201.7152175,-227.0449414,25.30817887,153.9448798,-4947.122298,4792.98776,LL
193.095583,-218.2756237,25.15847564,257.7829227,-4979.014003,4721.041249,LL
184.2853249,-209.290868,24.98395697,361.3664405,-5005.992156,4644.435714,LL
175.2931375,-200.0995409,24.78479514,464.5932371,-5028.030165,4563.246743,LL
166.1278952,-190.7107134,24.56118664,567.3614118,-5045.106248,4477.554472,LL
156.7986428,-181.1336509,24.3133522,669.5695732,-5057.203587,4387.443457,LL
147.3145874,-171.3778051,24.04153636,771.1168258,-5064.31021,4293.002639,LL
137.6850883,-161.4528034,23.7460074,871.902983,-5066.419136,4194.325207,LL
127.919649,-151.3684411,23.42705694,971.8285528,-5063.528251,4091.508556,LL
118.0279065,-141.1346698,23.08499979,1070.794949,-5055.640441,3984.654142,LL
108.019623,-130.7615893,22.72017347,1168.704475,-5042.763458,3873.867428,LL
97.90467525,-120.2594363,22.33293806,1265.460535,-5024.910042,3759.257737,LL
87.69304575,-109.6385756,21.92367567,1360.967614,-5002.09778,3640.938186,LL
77.3948118,-98.90948812,21.49279025,1455.131486,-4974.349217,3519.025531,LL
67.02013689,-88.08276269,21.04070697,1547.859195,-4941.691705,3393.640095,LL
56.5792592,-77.1690836,20.56787204,1639.059257,-4904.157507,3264.905608,LL
46.08248298,-66.17922167,20.07475204,1728.641641,-4861.78363,3132.949127,LL
35.54016692,-55.12402223,19.56183366,1816.517968,-4814.611926,2997.900865,LL
24.96271538,-44.01439577,19.02962305,1902.601488,-4762.688914,2859.89411,LL
14.36056666,-32.86130579,18.47864549,1986.807272,-4706.065869,2719.065048,LL
3.744184166,-21.67575942,17.90944467,2069.052194,-4644.798639,2575.552669,LL
-6.87595538,-10.46879506,17.32258237,2149.255115,-4578.947719,2429.498593,LL
-17.48937082,0.748526987,16.71863771,2227.336856,-4508.578064,2281.046968,LL
-28.08558835,11.96513695,16.09820675,2303.220388,-4433.759153,2130.344287,LL
-38.65415042,23.16996503,15.46190175,2376.830796,-4354.56479,1977.539287,LL
-49.18462751,34.35195378,14.81035069,2448.095462,-4271.073164,1822.782757,LL
-59.66662694,45.50006755,14.14419654,2516.944029,-4183.366636,1666.227432,LL
-70.0898046,56.60330488,13.46409676,2583.30858,-4091.531798,1508.027805,LL
-80.44387371,67.65070783,12.77072248,2647.123594,-3995.659244,1348.34001,LL
-90.71861642,78.63137433,12.06475802,2708.326119,-3895.843624,1187.321628,LL
-100.9038924,89.53446742,11.34690003,2766.855729,-3792.183409,1025.131575,LL
-110.9896505,100.3492274,10.617857,2822.654691,-3684.780933,861.9299046,LL
-120.9659368,111.0649811,9.878348369,2875.667909,-3573.742157,697.8776855,LL
-130.8229063,121.6711537,9.129103977,2925.843093,-3459.176694,533.1368081,LL
-140.550831,132.1572778,8.370863199,2973.1307,-3341.197575,367.8698615,LL
-150.140111,142.5130053,7.604374368,3017.484089,-3219.921263,202.2399346,LL
-159.5812825,152.7281158,6.830393874,3058.859461,-3095.467411,36.41049364,LL
-168.8650285,162.7925288,6.049685585,3097.216012,-2967.958872,-129.4548173,LL
-177.9821867,172.6963115,5.263019923,3132.515861,-2837.52145,-295.1922995,LL
-186.92376,182.4296904,4.471173273,3164.724198,-2704.283902,-460.6383997,LL
-195.6809237,191.9830595,3.674927052,3193.809211,-2568.377686,-625.6298331,LL
-204.245036,201.3469911,2.8750671,3219.742222,-2429.936957,-790.0037826,LL
-212.6076447,210.5122438,2.07238274,3242.497614,-2289.098308,-953.5980213,LL
-220.7604973,219.469773,1.267666166,3262.052954,-2146.00076,-1116.251111,LL
-228.6955476,228.2107383,0.461711494,3278.388919,-2000.785502,-1277.802523,LL
-236.404965,236.7265137,-0.344685854,3291.489413,-1853.595876,-1438.092836,LL
-243.8811408,245.0086949,-1.150730102,3301.34148,-1704.577108,-1596.963852,LL
-251.1166974,253.0491087,-1.955625741,3307.935425,-1553.876294,-1754.258795,LL
-258.1044938,260.8398199,-2.758578478,3311.264714,-1401.642126,-1909.822424,LL
-264.8376341,268.3731403,-3.558795854,3311.326087,-1248.024871,-2063.501226,LL
-271.3094733,275.6416351,-4.355488193,3308.119457,-1093.1761,-2215.143529,LL
-277.5136248,282.6381315,-5.147869214,3301.648016,-937.2486622,-2364.59969,LL
-283.4439655,289.3557244,-5.935156974,3291.918124,-780.3964065,-2511.722204,LL
-289.0946432,295.7877848,-6.716574474,3278.939409,-622.7741593,-2656.365889,LL
-294.460081,301.9279646,-7.491350591,3262.724653,-464.5374428,-2798.387989,LL
-299.5349843,307.7702046,-8.258720672,3243.289885,-305.8424496,-2937.648355,LL
-304.3143443,313.3087389,-9.017927459,3220.654257,-146.8457604,-3074.009545,LL
-308.7934447,318.5381018,-9.768221663,3194.840136,12.29568232,-3207.336995,LL
-312.967865,323.4531324,-10.50886288,3165.87297,171.424857,-3337.499119,LL
-316.8334857,328.0489805,-11.23912014,3133.781372,330.3846905,-3464.367471,LL
-320.3864917,332.32111,-11.95827281,3098.596987,489.0183406,-3587.816838,LL
-323.6233768,336.2653054,-12.66561113,3060.354564,647.1692231,-3707.725401,LL
-326.5409464,339.8776738,-13.36043709,3019.091817,804.681294,-3823.974814,LL
-329.1363215,343.1546505,-14.04206493,2974.849494,961.3990762,-3936.450362,LL
-331.4069403,346.0930014,-14.70982202,2927.67123,1117.16794,-4045.041037,LL
-333.3505625,348.6898268,-15.36304932,2877.603611,1271.834128,-4149.639682,LL
-334.9652696,350.9425638,-16.0011022,2824.696022,1425.245036,-4250.143061,LL
-336.2494684,352.8489894,-16.62335096,2769.000701,1577.249234,-4346.451999,LL
-337.2018912,354.407222,-17.22918154,2710.572588,1727.696743,-4438.471442,LL
-337.8215984,355.6157241,-17.81799602,2649.469369,1876.439059,-4526.110586,LL
-338.1079781,356.4733026,-18.38921336,2585.751321,2023.329422,-4609.282934,LL
-338.060748,356.9791117,-18.94226979,2519.481352,2168.222838,-4687.906412,LL
-337.6799544,357.1326517,-19.47661955,2450.724835,2310.976346,-4761.903421,LL
-336.9659734,356.9337716,-19.99173527,2379.549651,2451.449034,-4831.200943,LL
-335.9195093,356.3826672,-20.48710862,2306.026016,2589.502304,-4895.730581,LL
-334.5415952,355.4798827,-20.9622507,2230.226515,2724.999882,-4955.42866,LL
-332.8335905,354.2263088,-21.41669263,2152.225926,2857.808081,-5010.236258,LL
-330.7971813,352.623183,-21.8499859,2072.101252,2987.795803,-5060.099295,LL
-328.4343768,350.6720869,-22.26170293,1989.931542,3114.834798,-5104.968552,LL
-325.7475092,348.3749464,-22.65143739,1905.797912,3238.799661,-5144.799759,LL
-322.7392297,345.7340282,-23.01880467,1819.783367,3359.568086,-5179.553597,LL
-319.4125076,342.7519388,-23.3634422,1731.972818,3477.020858,-5209.195778,LL
-315.7706255,339.431621,-23.6850099,1642.452898,3591.042096,-5233.69704,LL
-311.8171779,335.7763517,-23.98319038,1551.311977,3701.519244,-5253.033212,LL
-307.556066,331.789738,-24.25768941,1458.639976,3808.343305,-5267.185201,LL
-302.9914954,327.4757146,-24.50823606,1364.528376,3911.408826,-5276.139052,LL
-298.1279704,322.8385384,-24.73458311,1269.070029,4010.614125,-5279.885919,LL
-292.970291,317.8827861,-24.93650714,1172.359165,4105.861267,-5278.422113,LL
-287.523547,312.6133483,-25.11380891,1074.491201,4197.056285,-5271.749069,LL
-281.7931139,307.0354254,-25.26631342,975.5627461,4284.10915,-5259.873382,LL
-275.7846466,301.1545219,-25.39387019,875.6714062,4366.933983,-5242.806764,LL
-269.5040752,294.9764418,-25.4963533,774.9157866,4445.449015,-5220.566064,LL
-262.9575974,288.507282,-25.57366166,673.395296,4519.57679,-5193.173225,LL
-256.1516742,281.7534268,-25.62571893,571.2101478,4589.244124,-5160.655287,LL
-249.0930218,274.7215414,-25.65247378,468.4611615,4654.382294,-5123.044334,LL
-241.7886066,267.4185656,-25.65389976,365.2497629,4714.926986,-5080.377491,LL
-234.2456369,259.8517062,-25.62999551,261.6777842,4770.81848,-5032.696857,LL
-226.471557,252.0284312,-25.58078457,157.8474634,4822.001587,-4980.049495,LL
-218.4740387,243.9564608,-25.50631556,53.86124356,4868.425826,-4922.487354,LL
-210.2609748,235.6437615,-25.40666192,-50.17822858,4910.045353,-4860.067249,LL
-201.8404703,227.0985366,-25.28192205,-154.1683034,4946.819122,-4792.850773,LL
-193.2208357,218.3292194,-25.13221899,-258.0063306,4978.710814,-4720.904268,LL
-184.410577,209.3444639,-24.95770054,-361.5898592,5005.688985,-4644.298729,LL
-175.4183893,200.1531374,-24.75853888,-464.8166401,5027.726981,-4563.109765,LL
-166.2531465,190.7643101,-24.5349306,-567.5848256,5044.803083,-4477.41749,LL
-156.9238938,181.1872482,-24.28709634,-669.7929713,5056.900408,-4387.306481,LL
-147.4398378,171.4314025,-24.01528071,-771.3402346,5064.007049,-4292.865659,LL
-137.8103385,161.5064015,-23.71975193,-872.1263762,5066.115962,-4194.188234,LL
-128.0448986,151.4220393,-23.40080169,-972.0519568,5063.225095,-4091.371579,LL
-118.1531559,141.1882686,-23.05874471,-1071.018337,5055.337272,-3984.517171,LL
-108.1448718,130.8151883,-22.69391861,-1168.927874,5042.460307,-3873.730454,LL
-98.02992381,120.3130359,-22.30668337,-1265.683919,5024.606878,-3759.120769,LL
-87.81829373,109.6921753,-21.8974212,-1361.191008,5001.794634,-3640.801214,LL
-77.52005954,98.96308842,-21.46653596,-1455.354865,4974.046058,-3518.888565,LL
-67.14538405,88.13636321,-21.0144529,-1548.082584,4941.388564,-3393.503125,LL
-56.70450612,77.22268466,-20.54161814,-1639.282631,4903.854353,-3264.768645,LL
-46.20772933,66.23282295,-20.04849836,-1728.865025,4861.480494,-3132.81216,LL
-35.66541303,55.17762406,-19.53558016,-1816.741337,4814.308776,-2997.763904,LL
-25.08796091,44.06799781,-19.00336977,-1902.824867,4762.385783,-2859.757146,LL
-14.48581195,32.91490839,-18.45239238,-1987.030636,4705.762725,-2718.928089,LL
-3.869428873,21.72936223,-17.88319177,-2069.275569,4644.495513,-2575.415706,LL
6.750710912,10.52239842,-17.29632965,-2149.478474,4578.64458,-2429.361636,LL
17.36412693,-0.694923415,-16.69238521,-2227.560226,4508.274943,-2280.910008,LL
27.9603447,-11.91153283,-16.07195443,-2303.443742,4433.456019,-2130.207333,LL
38.52890735,-23.1163607,-15.43564964,-2377.05416,4354.261674,-1977.40233,LL
49.05938468,-34.29834889,-14.78409876,-2448.318811,4270.770034,-1822.645805,LL
59.54138469,-45.44646245,-14.11794483,-2517.167389,4183.063525,-1666.090478,LL
69.96456259,-56.54969923,-13.43784522,-2583.531925,4091.228673,-1507.890856,LL
80.31863228,-67.59710197,-12.74447116,-2647.346948,3995.356138,-1348.203057,LL
90.59337523,-78.57776792,-12.03850687,-2708.549459,3895.540504,-1187.184681,LL
100.7786518,-89.48086079,-11.3206491,-2767.079079,3791.880307,-1024.994626,LL
110.8644101,-100.2956202,-10.59160625,-2822.878026,3684.477819,-861.7929606,LL
120.840697,-111.0113737,-9.852097833,-2875.891254,3573.43906,-697.7407382,LL
130.6976667,-121.6175457,-9.102853618,-2926.066423,3458.873584,-532.9998665,LL
140.425592,-132.1036696,-8.344613056,-2973.35404,3340.894483,-367.7329167,LL
150.0148723,-142.4593965,-7.578124402,-3017.707414,3219.618158,-202.1029955,LL
159.4560443,-152.6745069,-6.804144124,-3059.082797,3095.164324,-36.27355127,LL
168.7397906,-162.7389194,-6.023436012,-3097.439332,2967.655773,129.5917539,LL
177.8569494,-172.6427018,-5.236770565,-3132.739191,2837.218368,295.3292394,LL
186.7985229,-182.3760802,-4.444924093,-3164.947513,2703.980807,460.7753339,LL
195.5556872,-191.9294491,-3.648678088,-3194.032536,2568.074609,625.7667705,LL
204.1197997,-201.2933801,-2.848818313,-3219.965533,2429.633867,790.1407143,LL
212.482409,-210.4586326,-2.046134168,-3242.720934,2288.795235,953.7349562,LL
220.6352619,-219.4161612,-1.241417771,-3262.27626,2145.697675,1116.38804,LL
228.5703127,-228.1571263,-0.435463316,-3278.612235,2000.482434,1277.939456,LL
236.2797303,-236.6729012,0.370933855,-3291.712713,1853.292796,1438.229763,LL
243.7559068,-244.9550822,1.176977887,-3301.564791,1704.274046,1597.100782,LL
250.9914636,-252.9954954,1.981873349,-3308.158721,1553.573219,1754.39572,LL
257.9792605,-260.7862064,2.78482587,-3311.488019,1401.339068,1909.959352,LL
264.7124011,-268.3195262,3.585043069,-3311.549378,1247.721801,2063.638148,LL
271.1842409,-275.5880208,4.381735192,-3308.342758,1092.873048,2215.280454,LL
277.3883927,-282.5845166,5.174116036,-3301.871302,936.945597,2364.73661,LL
283.3187339,-289.3021094,5.96140358,-3292.14142,780.0933587,2511.859127,LL
288.9694119,-295.7341692,6.742820903,-3279.16269,622.471099,2656.502806,LL
294.3348502,-301.8743488,7.517596804,-3262.947944,464.2343999,2798.524909,LL
299.4097537,-307.7165883,8.284966708,-3243.513161,305.5393942,2937.78527,LL
304.1891143,-313.2551223,9.044173279,-3220.877544,146.5427224,3074.146463,LL
308.668215,-318.4844847,9.794467306,-3195.063408,-12.59873276,3207.473907,LL
312.8426358,-323.3995151,10.5351083,-3166.096251,-171.7278901,3337.636034,LL
316.7082568,-327.9953626,11.26536539,-3134.004639,-330.687736,3464.504381,LL
320.2612633,-332.2674919,11.98451784,-3098.820264,-489.3213688,3587.953751,LL
323.4981487,-336.2116867,12.69185599,-3060.577826,-647.4722637,3707.862308,LL
326.4157189,-339.8240549,13.38668173,-3019.315089,-804.9843173,3824.111724,LL
329.0110942,-343.1010311,14.0683094,-2975.072751,-961.7021118,3936.587267,LL
331.2817136,-346.0393818,14.73606627,-2927.894497,-1117.470958,4045.177945,LL
333.2253361,-348.6362067,15.38929339,-2877.826863,-1272.137159,4149.776584,LL
334.8400437,-350.8889434,16.02734606,-2824.919284,-1425.548049,4250.279966,LL
336.1242428,-352.7953685,16.64959463,-2769.223948,-1577.552259,4346.588899,LL
337.0766661,-354.3536009,17.255425,-2710.795845,-1727.999751,4438.608345,LL
337.6963735,-355.5621024,17.8442393,-2649.692612,-1876.742079,4526.247484,LL
337.9827538,-356.4196807,18.41545643,-2585.974573,-2023.632426,4609.419834,LL
337.935524,-356.9254892,18.96851268,-2519.704589,-2168.525854,4688.043307,LL
337.5547309,-357.079029,19.50286223,-2450.948082,-2311.279345,4762.040319,LL
336.8407502,-356.8801484,20.01797776,-2379.772884,-2451.752045,4831.337835,LL
335.7942867,-356.3290437,20.5133509,-2306.249258,-2589.805298,4895.867476,LL
334.4163728,-355.4262588,20.9884928,-2230.449742,-2725.302888,4955.565551,LL
332.7083687,-354.1726846,21.44293452,-2152.449163,-2858.11107,5010.373151,LL
330.6719597,-352.5695582,21.87622761,-2072.324475,-2988.098804,5060.236182,LL
328.3091558,-350.6184619,22.28794443,-1990.154774,-3115.137782,5105.105443,LL
325.6222884,-348.3213209,22.67767871,-1906.02113,-3239.102657,5144.936644,LL
322.6140096,-345.6804024,23.04504577,-1820.006594,-3359.871065,5179.690485,LL
319.2872877,-342.6983125,23.38968312,-1732.196031,-3477.323849,5209.332661,LL
315.6454062,-339.3779945,23.71125061,-1642.67612,-3591.34507,5233.833926,LL
311.6919588,-335.7227247,24.00943091,-1551.535185,-3701.82223,5253.170092,LL
307.4308475,-331.7361108,24.28392973,-1458.863194,-3808.646274,5267.322085,LL
302.8662771,-327.4220868,24.5344762,-1364.75158,-3911.711807,5276.27593,LL
298.0027527,-322.7849103,24.76082304,-1269.293241,-4010.917089,5280.0228,LL
292.8450736,-317.8291576,24.96274689,-1172.582363,-4106.164243,5278.558988,LL
287.3983301,-312.5597195,25.14004845,-1074.714408,-4197.359244,5271.885947,LL
281.6678973,-306.981796,25.29255277,-975.7859396,-4284.412122,5260.010255,LL
275.6594306,-301.1008923,25.42010933,-875.8946089,-4367.236938,5242.943639,LL
269.3788594,-294.9228117,25.52259226,-775.1389752,-4445.751981,5220.702935,LL
262.8323822,-288.4536516,25.59990041,-673.6184938,-4519.87974,5193.310098,LL
256.0264592,-281.699796,25.6519575,-571.4333315,-4589.547086,5160.792155,LL
248.9678074,-274.6679103,25.67871213,-468.6843544,-4654.685239,5123.181204,LL
241.6633924,-267.3649339,25.68013794,-365.4729417,-4715.229943,5080.514356,LL
234.1204233,-259.7980744,25.65623347,-261.9009722,-4771.12142,5032.833725,LL
226.3463437,-251.9747988,25.60702236,-158.0706374,-4822.304539,4980.186358,LL
218.3488259,-243.9028282,25.53255313,-54.08442669,-4868.728762,4922.62422,LL
210.1357623,-235.5901284,25.43289931,49.95505947,-4910.348299,4860.20411,LL
201.7152584,-227.0449032,25.30815922,153.9451252,-4947.122053,4792.987637,LL
193.095624,-218.2755855,25.15845599,257.7831664,-4979.013756,4721.041127,LL
184.2853658,-209.2908298,24.98393733,361.3666859,-5005.991911,4644.43559,LL
175.2931784,-200.0995027,24.78477549,464.5934807,-5028.029918,4563.246621,LL
166.1279361,-190.7106752,24.56116699,567.3616572,-5045.106003,4477.554349,LL
156.7986837,-181.1336127,24.31333255,669.5698168,-5057.20334,4387.443335,LL
147.3146283,-171.3777669,24.04151671,771.1170711,-5064.309965,4293.002515,LL
137.6851292,-161.4527652,23.74598775,871.9032266,-5066.418889,4194.325084,LL
127.9196899,-151.3684029,23.4270373,971.8287981,-5063.528006,4091.508432,LL
118.0279474,-141.1346316,23.08498014,1070.795193,-5055.640194,3984.654019,LL
108.0196639,-130.7615511,22.72015382,1168.704721,-5042.763213,3873.867305,LL
97.90471618,-120.2593982,22.33291841,1265.460779,-5024.909795,3759.257615,LL
87.69308666,-109.6385373,21.92365602,1360.96786,-5002.097535,3640.938063,LL
77.39485273,-98.90944992,21.4927706,1455.13173,-4974.34897,3519.025408,LL
67.0201778,-88.08272448,21.04068732,1547.85944,-4941.69146,3393.639971,LL
56.57930013,-77.16904541,20.56785239,1639.0595,-4904.15726,3264.905486,LL
46.08252389,-66.17918346,20.07473239,1728.641886,-4861.783385,3132.949003,LL
35.54020786,-55.12398404,19.56181401,1816.518212,-4814.611679,2997.900743,LL
24.96275629,-44.01435756,19.02960341,1902.601733,-4762.688669,2859.893987,LL
14.36060759,-32.8612676,18.47862584,1986.807516,-4706.065622,2719.064925,LL
3.744225074,-21.67572121,17.90942502,2069.052439,-4644.798394,2575.552545,LL
-6.87591445,-10.46875687,17.32256272,2149.255358,-4578.947472,2429.49847,LL
-17.48932991,0.748565199,16.71861806,2227.337101,-4508.577819,2281.046844,LL
-28.08554742,11.96517514,16.0981871,2303.220632,-4433.758906,2130.344165,LL
-38.65410952,23.17000325,15.4618821,2376.831041,-4354.564545,1977.539164,LL
-49.18458658,34.35199197,14.81033104,2448.095705,-4271.072917,1822.782634,LL
-59.66658603,45.50010576,14.1441769,2516.944275,-4183.366392,1666.227309,LL
-70.08976367,56.60334306,13.46407711,2583.308824,-4091.531551,1508.027683,LL
-80.44383281,67.65074604,12.77070283,2647.123839,-3995.659,1348.339886,LL
-90.7185755,78.63141252,12.06473837,2708.326363,-3895.843377,1187.321505,LL
-100.9038515,89.53450563,11.34688038,2766.855975,-3792.183164,1025.131452,LL
-110.9896096,100.3492656,10.61783735,2822.654934,-3684.780686,861.9297819,LL
-120.9658959,111.0650193,9.878328724,2875.668154,-3573.741912,697.8775622,LL
-130.8228654,121.6711919,9.12908433,2925.843337,-3459.176447,533.1366855,LL
-140.5507901,132.157316,8.370843554,2973.130945,-3341.19733,367.8697383,LL
-150.1400701,142.5130434,7.604354721,3017.484332,-3219.921016,202.2398119,LL
-159.5812416,152.728154,6.83037423,3058.859707,-3095.467166,36.41037042,LL
-168.8649876,162.792567,6.049665938,3097.216256,-2967.958626,-129.4549399,LL
-177.9821458,172.6963497,5.263000278,3132.516106,-2837.521205,-295.1924227,LL
-186.9237191,182.4297286,4.471153627,3164.724442,-2704.283655,-460.6385223,LL
-195.6808828,191.9830977,3.674907409,3193.809456,-2568.377441,-625.6299563,LL
-204.2449951,201.3470293,2.875047454,3219.742466,-2429.936711,-790.0039052,LL
-212.6076038,210.512282,2.072363096,3242.497859,-2289.098063,-953.5981445,LL
-220.7604564,219.4698112,1.26764652,3262.053198,-2146.000513,-1116.251234,LL
-228.6955067,228.2107765,0.461691851,3278.389164,-2000.785257,-1277.802647,LL
-236.4049241,236.7265519,-0.344705499,3291.489656,-1853.595629,-1438.092959,LL
-243.8810999,245.0087331,-1.150749745,3301.341725,-1704.576863,-1596.963976,LL
-251.1166565,253.0491469,-1.955645387,3307.935669,-1553.876048,-1754.258918,LL
-258.1044529,260.8398581,-2.758598121,3311.264959,-1401.641881,-1909.822547,LL
-264.8375932,268.3731785,-3.558815499,3311.32633,-1248.024624,-2063.501349,LL
-271.3094324,275.6416733,-4.355507835,3308.119703,-1093.175855,-2215.143652,LL
-277.5135839,282.6381696,-5.147888859,3301.64826,-937.2484154,-2364.599813,LL
-283.4439246,289.3557626,-5.935176616,3291.918369,-780.3961617,-2511.722328,LL
-289.0946023,295.787823,-6.716594119,3278.939652,-622.7739125,-2656.366012,LL
-294.4600401,301.9280028,-7.491370233,3262.724898,-464.537198,-2798.388112,LL
-299.5349434,307.7702428,-8.258740317,3243.290128,-305.8422028,-2937.648478,LL
-304.3143034,313.3087771,-9.0179471,3220.654503,-146.8455156,-3074.009668,LL
-308.7934038,318.53814,-9.768241308,3194.84038,12.29592912,-3207.337118,LL
-312.9678241,323.4531706,-10.50888252,3165.873215,171.4251018,-3337.499242,LL
-316.8334448,328.0490186,-11.23913978,3133.781616,330.3849373,-3464.367594,LL
-320.3864508,332.3211482,-11.95829245,3098.597233,489.0185854,-3587.816962,LL
-323.6233359,336.2653436,-12.66563077,3060.354808,647.1694699,-3707.725523,LL
-326.5409055,339.877712,-13.36045673,3019.092063,804.6815388,-3823.974937,LL
-329.1362805,343.1546887,-14.04208458,2974.849738,961.3993229,-3936.450485,LL
-331.4068994,346.0930396,-14.70984166,2927.671476,1117.168185,-4045.04116,LL
-333.3505216,348.689865,-15.36306896,2877.603855,1271.834375,-4149.639804,LL
-334.9652287,350.942602,-16.00112184,2824.696267,1425.245281,-4250.143184,LL
-336.2494275,352.8490276,-16.6233706,2769.000945,1577.24948,-4346.452122,LL
-337.2018503,354.4072602,-17.22920118,2710.572833,1727.696988,-4438.471565,LL
-337.8215575,355.6157622,-17.81801566,2649.469613,1876.439305,-4526.110709,LL
-338.1079372,356.4733408,-18.389233,2585.751566,2023.329667,-4609.283057,LL
-338.0607071,356.9791498,-18.94228943,2519.481595,2168.223085,-4687.906535,LL
-337.6799135,357.1326899,-19.47663919,2450.72508,2310.976591,-4761.903544,LL
-336.9659325,356.9338098,-19.99175491,2379.549895,2451.449281,-4831.201066,LL
-335.9194684,356.3827054,-20.48712826,2306.026261,2589.502549,-4895.730704,LL
-334.5415543,355.4799209,-20.96227034,2230.226758,2725.000129,-4955.428783,LL
-332.8335496,354.226347,-21.41671227,2152.226171,2857.808326,-5010.236381,LL
-330.7971404,352.6232211,-21.85000554,2072.101496,2987.79605,-5060.099417,LL
-328.4343359,350.6721251,-22.26172257,1989.931787,3114.835042,-5104.968675,LL
-325.7474683,348.3749846,-22.65145703,1905.798156,3238.799908,-5144.799881,LL
-322.7391888,345.7340664,-23.01882431,1819.783612,3359.568331,-5179.55372,LL
-319.4124667,342.751977,-23.36346184,1731.973061,3477.021104,-5209.195901,LL
-315.7705846,339.4316592,-23.68502954,1642.453143,3591.04234,-5233.697163,LL
-311.817137,335.7763899,-23.98321002,1551.312221,3701.51949,-5253.033334,LL
-307.5560251,331.7897762,-24.25770905,1458.640221,3808.34355,-5267.185325,LL
-302.9914545,327.4757527,-24.5082557,1364.52862,3911.409073,-5276.139175,LL
-298.1279295,322.8385765,-24.73460275,1269.070274,4010.614369,-5279.886042,LL
-292.9702501,317.8828243,-24.93652678,1172.359408,4105.861513,-5278.422235,LL
-287.5235061,312.6133864,-25.11382855,1074.491446,4197.05653,-5271.749192,LL
-281.793073,307.0354635,-25.26633306,975.5629896,4284.109397,-5259.873505,LL
-275.7846058,301.15456,-25.39388982,875.6716512,4366.934228,-5242.806887,LL
-269.5040343,294.97648,-25.49637294,774.9160301,4445.449261,-5220.566187,LL
-262.9575565,288.5073201,-25.5736813,673.395541,4519.577035,-5193.173348,LL
-256.1516333,281.753465,-25.62573857,571.2103913,4589.244371,-5160.65541,LL
-249.0929809,274.7215796,-25.65249342,468.4614066,4654.382539,-5123.044457,LL
-241.7885657,267.4186037,-25.6539194,365.2500064,4714.927233,-5080.377613,LL
-234.2455961,259.8517444,-25.63001515,261.6780292,4770.818725,-5032.69698,LL
-226.4715161,252.0284694,-25.58080421,157.8477069,4822.001834,-4980.049618,LL
-218.4739978,243.956499,-25.5063352,53.86148859,4868.426071,-4922.487477,LL
-210.2609339,235.6437997,-25.40668156,-50.17798509,4910.045599,-4860.067372,LL
-201.8404295,227.0985748,-25.28194168,-154.1680584,4946.819367,-4792.850896,LL
-193.2207948,218.3292576,-25.13223863,-258.0060871,4978.711061,-4720.904391,LL
-184.4105361,209.3445021,-24.95772018,-361.5896142,5005.68923,-4644.298852,LL
-175.4183484,200.1531755,-24.75855852,-464.8163966,5027.727228,-4563.109887,LL
-166.2531056,190.7643483,-24.53495024,-567.5845806,5044.803328,-4477.417613,LL
-156.9238529,181.1872863,-24.28711598,-669.7927278,5056.900655,-4387.306604,LL
-147.439797,171.4314407,-24.01530035,-771.3399896,5064.007294,-4292.865782,LL
-137.8102976,161.5064396,-23.71977157,-872.1261327,5066.116209,-4194.188356,LL
-128.0448578,151.4220775,-23.40082133,-972.0517118,5063.22534,-4091.371702,LL
-118.153115,141.1883067,-23.05876435,-1071.018094,5055.337519,-3984.517293,LL
-108.144831,130.8152265,-22.69393824,-1168.927629,5042.460552,-3873.730577,LL
-98.02988292,120.313074,-22.30670301,-1265.683675,5024.607125,-3759.120891,LL
-87.81825286,109.6922135,-21.89744084,-1361.190764,5001.794879,-3640.801337,LL
-77.52001865,98.96312657,-21.46655559,-1455.354621,4974.046305,-3518.888687,LL
-67.14534318,88.13640138,-21.01447253,-1548.082339,4941.388809,-3393.503248,LL
-56.70446523,77.22272282,-20.54163778,-1639.282387,4903.854599,-3264.768767,LL
-46.20768846,66.23286113,-20.04851799,-1728.86478,4861.480738,-3132.812283,LL
-35.66537214,55.17766221,-19.53559979,-1816.741094,4814.309023,-2997.764027,LL
-25.08792004,44.06803598,-19.0033894,-1902.824622,4762.386027,-2859.757269,LL
-14.48577106,32.91494654,-18.45241201,-1987.030393,4705.762972,-2718.928211,LL
-3.869388005,21.7294004,-17.8832114,-2069.275324,4644.495757,-2575.41583,LL
6.7507518,10.52243657,-17.29634928,-2149.47823,4578.644827,-2429.361759,LL
17.3641678,-0.694885245,-16.69240484,-2227.559981,4508.275188,-2280.910131,LL
27.96038559,-11.91149468,-16.07197406,-2303.443499,4433.456265,-2130.207456,LL
38.52894822,-23.11632253,-15.43566927,-2377.053916,4354.261918,-1977.402453,LL
49.05942557,-34.29831074,-14.78411839,-2448.318568,4270.770281,-1822.645928,LL
59.54142555,-45.44642429,-14.11796446,-2517.167144,4183.06377,-1666.090601,LL
69.96460347,-56.54966108,-13.43786486,-2583.531681,4091.22892,-1507.890979,LL
80.31867314,-67.5970638,-12.74449079,-2647.346704,3995.356383,-1348.203181,LL
90.59341612,-78.57772977,-12.0385265,-2708.549215,3895.540751,-1187.184804,LL
100.7786927,-89.48082262,-11.32066873,-2767.078835,3791.880552,-1024.994749,LL
110.864451,-100.2955821,-10.59162588,-2822.877782,3684.478065,-861.7930831,LL
120.8407379,-111.0113355,-9.852117464,-2875.891009,3573.439304,-697.7408612,LL
130.6977076,-121.6175076,-9.102873251,-2926.06618,3458.873831,-532.9999891,LL
140.4256329,-132.1036315,-8.344632687,-2973.353795,3340.894728,-367.7330398,LL
150.0149132,-142.4593584,-7.578144035,-3017.70717,3219.618405,-202.103118,LL
159.4560852,-152.6744688,-6.804163755,-3059.082552,3095.164569,-36.27367435,LL
168.7398314,-162.7388812,-6.023455644,-3097.439089,2967.656019,129.5916313,LL
177.8569902,-172.6426637,-5.236790196,-3132.738946,2837.218613,295.3291163,LL
186.7985638,-182.3760421,-4.444943726,-3164.94727,2703.981054,460.7752114,LL
195.5557281,-191.9294109,-3.648697718,-3194.032291,2568.074854,625.7666475,LL
204.1198406,-201.293342,-2.848837945,-3219.965289,2429.634114,790.1405917,LL
212.4824499,-210.4585945,-2.046153798,-3242.720689,2288.79548,953.7348332,LL
220.6353027,-219.4161231,-1.241437403,-3262.276016,2145.697921,1116.387918,LL
228.5703536,-228.1570881,-0.435482945,-3278.61199,2000.482679,1277.939333,LL
236.2797712,-236.672863,0.370914223,-3291.71247,1853.293042,1438.22964,LL
243.7559476,-244.955044,1.176958258,-3301.564546,1704.27429,1597.100659,LL
250.9915045,-252.9954573,1.981853718,-3308.158477,1553.573466,1754.395597,LL
257.9793014,-260.7861682,2.784806241,-3311.487775,1401.339313,1909.959229,LL
264.712442,-268.3194881,3.585023438,-3311.549134,1247.722047,2063.638026,LL
271.1842818,-275.5879826,4.381715563,-3308.342513,1092.873292,2215.280331,LL
277.3884335,-282.5844785,5.174096405,-3301.871059,936.9458434,2364.736487,LL
283.3187748,-289.3020712,5.961383952,-3292.141175,780.0936034,2511.859004,LL
288.9694527,-295.7341311,6.742801272,-3279.162447,622.4713454,2656.502684,LL
294.3348911,-301.8743107,7.517577176,-3262.947699,464.2346446,2798.524786,LL
299.4097946,-307.7165502,8.284947078,-3243.512918,305.5396406,2937.785147,LL
304.1891552,-313.2550842,9.044153651,-3220.877299,146.542967,3074.14634,LL
308.6682559,-318.4844466,9.794447676,-3195.063164,-12.59848635,3207.473785,LL
312.8426767,-323.399477,10.53508868,-3166.096006,-171.7276454,3337.635911,LL
316.7082977,-327.9953245,11.26534576,-3134.004395,-330.6874896,3464.504258,LL
320.2613042,-332.2674538,11.98449821,-3098.820019,-489.3211241,3587.953628,LL
323.4981896,-336.2116486,12.69183636,-3060.577583,-647.4720173,3707.862185,LL
326.4157597,-339.8240168,13.3866621,-3019.314844,-804.9840726,3824.111601,LL
329.011135,-343.100993,14.06828977,-2975.072508,-961.7018654,3936.587144,LL
331.2817545,-346.0393436,14.73604664,-2927.894252,-1117.470713,4045.177822,LL
333.225377,-348.6361685,15.38927376,-2877.82662,-1272.136912,4149.776462,LL
334.8400846,-350.8889053,16.02732643,-2824.919039,-1425.547805,4250.279843,LL
336.1242836,-352.7953304,16.64957501,-2769.223705,-1577.552013,4346.588777,LL
337.076707,-354.3535627,17.25540537,-2710.7956,-1727.999507,4438.608222,LL
337.6964144,-355.5620642,17.84421967,-2649.692368,-1876.741833,4526.247361,LL
337.9827947,-356.4196426,18.4154368,-2585.974328,-2023.632181,4609.419711,LL
337.9355648,-356.9254511,18.96849305,-2519.704345,-2168.525607,4688.043185,LL
337.5547718,-357.0789909,19.5028426,-2450.947837,-2311.2791,4762.040196,LL
336.8407911,-356.8801102,20.01795814,-2379.77264,-2451.751799,4831.337713,LL
335.7943275,-356.3290056,20.51333128,-2306.249014,-2589.805053,4895.867353,LL
334.4164137,-355.4262206,20.98847317,-2230.449499,-2725.302642,4955.565428,LL
332.7084096,-354.1726465,21.44291489,-2152.448918,-2858.110826,5010.373028,LL
330.6720006,-352.5695201,21.87620798,-2072.324232,-2988.098558,5060.23606,LL
328.3091966,-350.6184238,22.28792481,-1990.15453,-3115.137537,5105.10532,LL
325.6223293,-348.3212827,22.67765908,-1906.020887,-3239.102411,5144.936521,LL
322.6140504,-345.6803643,23.04502615,-1820.00635,-3359.87082,5179.690362,LL
319.2873285,-342.6982744,23.3896635,-1732.195787,-3477.323603,5209.332538,LL
315.645447,-339.3779563,23.71123098,-1642.675875,-3591.344825,5233.833803,LL
311.6919997,-335.7226866,24.00941129,-1551.534942,-3701.821984,5253.169969,LL
307.4308883,-331.7360726,24.28391011,-1458.862949,-3808.64603,5267.321962,LL
302.866318,-327.4220486,24.53445658,-1364.751336,-3911.711561,5276.275808,LL
298.0027935,-322.7848722,24.76080341,-1269.292997,-4010.916845,5280.022677,LL
292.8451144,-317.8291194,24.96272726,-1172.58212,-4106.163997,5278.558866,LL
287.398371,-312.5596813,25.14002882,-1074.714164,-4197.359,5271.885824,LL
281.6679381,-306.9817579,25.29253315,-975.7856963,-4284.411876,5260.010133,LL
275.6594714,-301.1008542,25.4200897,-875.8943642,-4367.236693,5242.943516,LL
269.3789002,-294.9227736,25.52257264,-775.1387318,-4445.751735,5220.702812,LL
262.832423,-288.4536135,25.59988079,-673.6182491,-4519.879495,5193.309975,LL
256.0265,-281.6997579,25.65193788,-571.4330882,-4589.54684,5160.792032,LL
248.9678482,-274.6678722,25.67869251,-468.6841097,-4654.684995,5123.181081,LL
241.6634333,-267.3648958,25.68011831,-365.4726984,-4715.229697,5080.514234,LL
234.1204642,-259.7980362,25.65621385,-261.9007275,-4771.121175,5032.833602,LL
226.3463845,-251.9747607,25.60700273,-158.070394,-4822.304293,4980.186236,LL
218.3488667,-243.9027901,25.53253351,-54.084182,-4868.728517,4922.624097,LL
210.1358031,-235.5900903,25.43287969,49.95530281,-4910.348053,4860.203988,LL
201.7152992,-227.0448651,25.3081396,153.9453699,-4947.121808,4792.987514,LL
193.0956648,-218.2755474,25.15843637,257.7834097,-4979.01351,4721.041004,LL
184.2854067,-209.2907917,24.9839177,361.3669306,-5005.991666,4644.435467,LL
175.2932193,-200.0994646,24.78475586,464.5937241,-5028.029672,4563.246498,LL
166.127977,-190.7106371,24.56114737,567.3619019,-5045.105759,4477.554226,LL
156.7987246,-181.1335746,24.31331293,669.5700601,-5057.203094,4387.443212,LL
147.3146691,-171.3777287,24.04149709,771.1173158,-5064.30972,4293.002392,LL
137.6851701,-161.4527271,23.74596813,871.9034699,-5066.418643,4194.324962,LL
127.9197308,-151.3683648,23.42701768,971.8290428,-5063.527761,4091.508309,LL
118.0279883,-141.1345935,23.08496052,1070.795436,-5055.639948,3984.653897,LL
108.0197048,-130.761513,22.7201342,1168.704965,-5042.762968,3873.867182,LL
97.90475703,-120.25936,22.33289878,1265.461022,-5024.909549,3759.257492,LL
87.69312749,-109.6384992,21.9236364,1360.968104,-5002.09729,3640.93794,LL
77.39489358,-98.90941181,21.49275097,1455.131973,-4974.348724,3519.025285,LL
67.02021863,-88.08268635,21.0406677,1547.859685,-4941.691216,3393.639848,LL
56.57934098,-77.16900729,20.56783277,1639.059744,-4904.157014,3264.905363,LL
46.08256472,-66.17914533,20.07471277,1728.642131,-4861.78314,3132.94888,LL
35.5402487,-55.12394592,19.56179439,1816.518455,-4814.611432,2997.90062,LL
24.96279712,-44.01431943,19.02958379,1902.601978,-4762.688424,2859.893864,LL
14.36064844,-32.86122949,18.47860622,1986.807759,-4706.065376,2719.064802,LL
3.744265903,-21.67568308,17.9094054,2069.052684,-4644.798149,2575.552422,LL
-6.875873604,-10.46871876,17.3225431,2149.255602,-4578.947226,2429.498348,LL
-17.48928908,0.748603326,16.71859844,2227.337346,-4508.577575,2281.046721,LL
-28.08550657,11.96521325,16.09816748,2303.220875,-4433.75866,2130.344042,LL
-38.65406869,23.17004137,15.46186248,2376.831286,-4354.564301,1977.539041,LL
-49.18454574,34.35203008,14.81031142,2448.095949,-4271.07267,1822.782511,LL
-59.66654521,45.50014389,14.14415728,2516.944519,-4183.366147,1666.227186,LL
-70.08972283,56.60338117,13.46405749,2583.309067,-4091.531305,1508.02756,LL
-80.44379198,67.65078417,12.77068322,2647.124083,-3995.658755,1348.339763,LL
-90.71853465,78.63145063,12.06471875,2708.326606,-3895.843131,1187.321383,LL
-100.9038107,89.53454375,11.34686077,2766.856219,-3792.18292,1025.131329,LL
-110.9895687,100.3493037,10.61781774,2822.655178,-3684.78044,861.9296594,LL
-120.9658551,111.0650574,9.878309107,2875.668399,-3573.741667,697.8774393,LL
-130.8228245,121.67123,9.129064711,2925.84358,-3459.176201,533.136563,LL
-140.5507493,132.1573541,8.370823937,2973.13119,-3341.197085,367.8696153,LL
-150.1400292,142.5130815,7.604335102,3017.484576,-3219.92077,202.2396894,LL
-159.5812008,152.7281922,6.830354613,3058.859951,-3095.466922,36.41024746,LL
-168.8649467,162.7926051,6.049646319,3097.216499,-2967.958379,-129.4550624,LL
-177.982105,172.6963879,5.262980662,3132.516351,-2837.52096,-295.1925456,LL
-186.9236782,182.4297667,4.471134008,3164.724685,-2704.283409,-460.6386449,LL
-195.680842,191.9831358,3.674887792,3193.8097,-2568.377197,-625.6300793,LL
-204.2449542,201.3470674,2.875027835,3219.742709,-2429.936464,-790.0040277,LL
-212.607563,210.5123202,2.07234348,3242.498103,-2289.097818,-953.5982674,LL
-220.7604156,219.4698493,1.267626902,3262.053441,-2146.000267,-1116.251356,LL
-228.6954659,228.2108146,0.461672235,3278.389409,-2000.785012,-1277.80277,LL
-236.4048832,236.72659,-0.344725117,3291.489899,-1853.595383,-1438.093081,LL
-243.8810591,245.0087712,-1.15076936,3301.34197,-1704.576619,-1596.964098,LL
-251.1166157,253.049185,-1.955665004,3307.935912,-1553.875801,-1754.25904,LL
-258.104412,260.8398962,-2.758617736,3311.265203,-1401.641636,-1909.82267,LL
-264.8375524,268.3732166,-3.558835117,3311.326574,-1248.024378,-2063.501471,LL
-271.3093916,275.6417114,-4.35552745,3308.119947,-1093.175611,-2215.143775,LL
-277.5135431,282.6382077,-5.147908476,3301.648503,-937.2481693,-2364.599935,LL
-283.4438838,289.3558007,-5.935196231,3291.918614,-780.3959171,-2511.722451,LL
-289.0945615,295.7878611,-6.716613735,3278.939896,-622.7736664,-2656.366134,LL
-294.4599993,301.9280409,-7.491389847,3262.725143,-464.5369535,-2798.388235,LL
-299.5349025,307.7702809,-8.258759933,3243.290371,-305.8419567,-2937.6486,LL
-304.3142626,313.3088152,-9.017966715,3220.654747,-146.845271,-3074.009791,LL
-308.793363,318.5381781,-9.768260923,3194.840623,12.29617517,-3207.33724,LL
-312.9677833,323.4532088,-10.50890213,3165.87346,171.4253464,-3337.499365,LL
-316.833404,328.0490567,-11.2391594,3133.781859,330.3851834,-3464.367716,LL
-320.38641,332.3211863,-11.95831206,3098.597477,489.0188299,-3587.817084,LL
-323.6232951,336.2653817,-12.66565039,3060.355051,647.1697159,-3707.725646,LL
-326.5408647,339.8777501,-13.36047634,3019.092307,804.6817833,-3823.97506,LL
-329.1362397,343.1547268,-14.04210419,2974.849981,961.399569,-3936.450607,LL
-331.4068586,346.0930777,-14.70986128,2927.67172,1117.168429,-4045.041283,LL
-333.3504808,348.6899031,-15.36308857,2877.604098,1271.834621,-4149.639927,LL
-334.9651879,350.9426401,-16.00114145,2824.696512,1425.245525,-4250.143307,LL
-336.2493867,352.8490657,-16.62339021,2769.001188,1577.249726,-4346.452244,LL
-337.2018095,354.4072983,-17.22922079,2710.573077,1727.697232,-4438.471688,LL
-337.8215166,355.6158003,-17.81803528,2649.469856,1876.439551,-4526.110831,LL
-338.1078964,356.4733789,-18.38925261,2585.751811,2023.329911,-4609.28318,LL
-338.0606662,356.9791879,-18.94230904,2519.481838,2168.223331,-4687.906657,LL
-337.6798727,357.132728,-19.4766588,2450.725324,2310.976835,-4761.903667,LL
-336.9658916,356.9338478,-19.99177452,2379.550138,2451.449527,-4831.201188,LL
-335.9194276,356.3827435,-20.48714787,2306.026506,2589.502793,-4895.730827,LL
-334.5415134,355.479959,-20.96228995,2230.227001,2725.000375,-4955.428906,LL
-332.8335088,354.2263851,-21.41673188,2152.226415,2857.80857,-5010.236504,LL
-330.7970995,352.6232592,-21.85002515,2072.101739,2987.796296,-5060.09954,LL
-328.4342951,350.6721632,-22.26174218,1989.932032,3114.835287,-5104.968798,LL
-325.7474274,348.3750226,-22.65147664,1905.798399,3238.800154,-5144.800004,LL
-322.739148,345.7341045,-23.01884392,1819.783857,3359.568575,-5179.553843,LL
-319.4124259,342.7520151,-23.36348145,1731.973305,3477.02135,-5209.196023,LL
-315.7705438,339.4316973,-23.68504915,1642.453387,3591.042585,-5233.697286,LL
-311.8170962,335.776428,-23.98322963,1551.312464,3701.519736,-5253.033457,LL
-307.5559843,331.7898143,-24.25772866,1458.640466,3808.343794,-5267.185448,LL
-302.9914137,327.4757908,-24.50827532,1364.528863,3911.409319,-5276.139298,LL
-298.1278887,322.8386147,-24.73462236,1269.070518,4010.614614,-5279.886165,LL
-292.9702093,317.8828624,-24.93654639,1172.359651,4105.861759,-5278.422358,LL
-287.5234653,312.6134245,-25.11384816,1074.49169,4197.056774,-5271.749315,LL
-281.7930322,307.0355016,-25.26635267,975.5632328,4284.109643,-5259.873627,LL
-275.784565,301.1545981,-25.39390943,875.6718956,4366.934473,-5242.80701,LL
-269.5039935,294.9765181,-25.49639255,774.9162733,4445.449507,-5220.566309,LL
-262.9575157,288.5073582,-25.57370091,673.3957854,4519.577279,-5193.173471,LL
-256.1515925,281.7535031,-25.62575818,571.2106345,4589.244617,-5160.655532,LL
-249.0929401,274.7216177,-25.65251302,468.4616509,4654.382784,-5123.04458,LL
-241.7885249,267.4186418,-25.65393901,365.2502496,4714.927479,-5080.377736,LL
-234.2455553,259.8517825,-25.63003475,261.6782736,4770.818969,-5032.697103,LL
-226.4714753,252.0285074,-25.58082382,157.84795,4822.00208,-4980.04974,LL
-218.473957,243.9565371,-25.50635481,53.86173294,4868.426316,-4922.4876,LL
-210.2608931,235.6438378,-25.40670117,-50.17774191,4910.045845,-4860.067495,LL
-201.8403887,227.0986129,-25.28196129,-154.1678141,4946.819612,-4792.851019,LL
-193.220754,218.3292956,-25.13225824,-258.0058439,4978.711307,-4720.904513,LL
-184.4104953,209.3445402,-24.95773979,-361.5893698,5005.689475,-4644.298975,LL
-175.4183076,200.1532136,-24.75857813,-464.8161535,5027.727474,-4563.11001,LL
-166.2530648,190.7643864,-24.53496985,-567.5843363,5044.803572,-4477.417736,LL
-156.9238121,181.1873244,-24.28713559,-669.7924846,5056.900901,-4387.306726,LL
-147.4397562,171.4314788,-24.01531996,-771.3397453,5064.007538,-4292.865905,LL
-137.8102568,161.5064777,-23.71979118,-872.1258896,5066.116454,-4194.188479,LL
-128.044817,151.4221156,-23.40084093,-972.0514674,5063.225584,-4091.371825,LL
-118.1530742,141.1883448,-23.05878396,-1071.017851,5055.337765,-3984.517416,LL
-108.1447902,130.8152646,-22.69395785,-1168.927385,5042.460796,-3873.7307,LL
-98.02984211,120.3131121,-22.30672262,-1265.683432,5024.60737,-3759.121014,LL
-87.81821206,109.6922516,-21.89746044,-1361.190519,5001.795123,-3640.80146,LL
-77.51997785,98.96316465,-21.4665752,-1455.354378,4974.04655,-3518.88881,LL
-67.14530239,88.13643947,-21.01449214,-1548.082095,4941.389054,-3393.503371,LL
-56.70442443,77.22276089,-20.54165738,-1639.282144,4903.854845,-3264.76889,LL
-46.20764767,66.23289921,-20.0485376,-1728.864536,4861.480983,-3132.812406,LL
-35.66533133,55.17770028,-19.5356194,-1816.740851,4814.309269,-2997.764149,LL
-25.08787925,44.06807407,-19.003409,-1902.824378,4762.386272,-2859.757392,LL
-14.48573026,32.91498461,-18.45243162,-1987.03015,4705.763217,-2718.928334,LL
-3.869347216,21.72943848,-17.88323101,-2069.275079,4644.496002,-2575.415952,LL
6.750792603,10.52247464,-17.29636889,-2149.477987,4578.645072,-2429.361881,LL
17.36420858,-0.694847159,-16.69242444,-2227.559736,4508.275432,-2280.910254,LL
27.96042639,-11.91145661,-16.07199367,-2303.443256,4433.456511,-2130.207578,LL
38.52898901,-23.11628444,-15.43568887,-2377.053671,4354.262163,-1977.402576,LL
49.05946637,-34.29827267,-14.784138,-2448.318325,4270.770526,-1822.64605,LL
59.54146634,-45.4463862,-14.11798406,-2517.1669,4183.064014,-1666.090724,LL
69.96464427,-56.54962301,-13.43788446,-2583.531438,4091.229166,-1507.891102,LL
80.31871393,-67.59702572,-12.74451039,-2647.346459,3995.356627,-1348.203303,LL
90.59345692,-78.5776917,-12.03854611,-2708.548972,3895.540997,-1187.184926,LL
100.7787335,-89.48078454,-11.32068834,-2767.07859,3791.880796,-1024.994872,LL
110.8644918,-100.295544,-10.59164549,-2822.877539,3684.478311,-861.7932056,LL
120.8407786,-111.0112975,-9.852137068,-2875.890765,3573.439549,-697.7409841,LL
130.6977484,-121.6174695,-9.102892856,-2926.065937,3458.874077,-533.0001116,LL
140.4256737,-132.1035934,-8.34465229,-2973.353551,3340.894972,-367.7331626,LL
150.014954,-142.4593203,-7.57816364,-3017.706927,3219.618651,-202.1032405,LL
159.456126,-152.6744307,-6.804183358,-3059.082307,3095.164813,-36.27379719,LL
168.7398722,-162.7388432,-6.023475249,-3097.438846,2967.656265,129.5915089,LL
177.857031,-172.6426256,-5.236809799,-3132.738702,2837.218857,295.3289935,LL
186.7986046,-182.376004,-4.44496333,-3164.947027,2703.9813,460.7750889,LL
195.5557689,-191.9293728,-3.648717321,-3194.032047,2568.075098,625.7665246,LL
204.1198814,-201.2933039,-2.848857549,-3219.965046,2429.63436,790.1404693,LL
212.4824906,-210.4585564,-2.046173401,-3242.720445,2288.795724,953.7347103,LL
220.6353435,-219.416085,-1.241457007,-3262.275773,2145.698167,1116.387795,LL
228.5703944,-228.15705,-0.435502547,-3278.611745,2000.482924,1277.93921,LL
236.279812,-236.672825,0.370894619,-3291.712227,1853.293288,1438.229518,LL
243.7559884,-244.9550059,1.176938656,-3301.564302,1704.274535,1597.100536,LL
250.9915453,-252.9954192,1.981834114,-3308.158234,1553.573711,1754.395475,LL
257.9793421,-260.7861302,2.78478664,-3311.48753,1401.339557,1909.959106,LL
264.7124828,-268.31945,3.585003835,-3311.548891,1247.722293,2063.637903,LL
271.1843225,-275.5879446,4.381695962,-3308.342269,1092.873537,2215.280208,LL
277.3884743,-282.5844404,5.174076802,-3301.870816,936.9460891,2364.736365,LL
283.3188155,-289.3020331,5.961364351,-3292.140931,780.0938478,2511.858881,LL
288.9694935,-295.734093,6.74278167,-3279.162204,622.4715911,2656.502561,LL
294.3349319,-301.8742726,7.517557575,-3262.947455,464.234889,2798.524664,LL
299.4098354,-307.7165121,8.284927476,-3243.512674,305.5398863,2937.785025,LL
304.1891959,-313.2550461,9.044134051,-3220.877055,146.5432115,3074.146217,LL
308.6682967,-318.4844085,9.794428074,-3195.062921,-12.59824065,3207.473662,LL
312.8427175,-323.3994389,10.53506908,-3166.095762,-171.727401,3337.635788,LL
316.7083385,-327.9952864,11.26532616,-3134.004152,-330.6872439,3464.504136,LL
320.261345,-332.2674157,11.98447861,-3098.819775,-489.3208797,3587.953505,LL
323.4982304,-336.2116106,12.69181676,-3060.57734,-647.4717716,3707.862063,LL
326.4158005,-339.8239787,13.3866425,-3019.3146,-804.9838282,3824.111478,LL
329.0111758,-343.100955,14.06827017,-2975.072265,-961.7016197,3936.587022,LL
331.2817952,-346.0393055,14.73602704,-2927.894008,-1117.470469,4045.177699,LL
333.2254177,-348.6361305,15.38925416,-2877.826377,-1272.136667,4149.776339,LL
334.8401254,-350.8888672,16.02730683,-2824.918795,-1425.54756,4250.279721,LL
336.1243244,-352.7952923,16.6495554,-2769.223462,-1577.551767,4346.588654,LL
337.0767477,-354.3535246,17.25538577,-2710.795356,-1727.999262,4438.608099,LL
337.6964552,-355.5620262,17.84420007,-2649.692125,-1876.741587,4526.247239,LL
337.9828354,-356.4196045,18.4154172,-2585.974084,-2023.631936,4609.419588,LL
337.9356056,-356.925413,18.96847345,-2519.704102,-2168.525362,4688.043062,LL
337.5548125,-357.0789528,19.502823,-2450.947593,-2311.278856,4762.040073,LL
336.8408318,-356.8800722,20.01793854,-2379.772397,-2451.751553,4831.33759,LL
335.7943683,-356.3289675,20.51331168,-2306.248769,-2589.804809,4895.86723,LL
334.4164545,-355.4261826,20.98845357,-2230.449256,-2725.302396,4955.565306,LL
332.7084503,-354.1726084,21.4428953,-2152.448674,-2858.110581,5010.372906,LL
330.6720414,-352.569482,21.87618838,-2072.323989,-2988.098312,5060.235937,LL
328.3092374,-350.6183857,22.28790521,-1990.154285,-3115.137293,5105.105197,LL
325.6223701,-348.3212447,22.67763948,-1906.020644,-3239.102165,5144.936399,LL
322.6140912,-345.6803262,23.04500655,-1820.006106,-3359.870576,5179.690239,LL
319.2873693,-342.6982364,23.3896439,-1732.195544,-3477.323357,5209.332416,LL
315.6454878,-339.3779183,23.71121139,-1642.675631,-3591.344581,5233.83368,LL
311.6920405,-335.7226485,24.00939169,-1551.534699,-3701.821738,5253.169847,LL
307.4309291,-331.7360346,24.28389051,-1458.862705,-3808.645785,5267.321839,LL
302.8663588,-327.4220106,24.53443698,-1364.751093,-3911.711315,5276.275685,LL
298.0028343,-322.7848341,24.76078382,-1269.292752,-4010.9166,5280.022554,LL
292.8451552,-317.8290814,24.96270766,-1172.581877,-4106.163751,5278.558743,LL
287.3984117,-312.5596433,25.14000923,-1074.71392,-4197.358755,5271.885702,LL
281.6679789,-306.9817199,25.29251355,-975.7854532,-4284.41163,5260.01001,LL
275.6595122,-301.1008161,25.42007011,-875.8941202,-4367.236449,5242.943394,LL
269.378941,-294.9227356,25.52255304,-775.1384888,-4445.751489,5220.70269,LL
262.8324638,-288.4535754,25.59986119,-673.6180051,-4519.879251,5193.309852,LL
256.0265408,-281.6997198,25.65191828,-571.4328452,-4589.546594,5160.79191,LL
248.967889,-274.6678341,25.67867292,-468.6838657,-4654.68475,5123.180959,LL
241.6634741,-267.3648578,25.68009872,-365.4724554,-4715.229451,5080.514111,LL
234.1205049,-259.7979982,25.65619425,-261.9004835,-4771.120931,5032.833479,LL
226.3464253,-251.9747226,25.60698314,-158.070151,-4822.304047,4980.186113,LL
218.3489075,-243.902752,25.53251391,-54.08393798,-4868.728273,4922.623975,LL
210.1358439,-235.5900522,25.43286009,49.95554582,-4910.347808,4860.203865,LL
201.71534,-227.044827,25.30812001,153.9456139,-4947.121564,4792.987391,LL
193.0957056,-218.2755093,25.15841677,257.7836527,-4979.013264,4721.040882,LL
184.2854474,-209.2907536,24.98389811,361.3671746,-5005.991422,4644.435345,LL
175.29326,-200.0994265,24.78473627,464.5939671,-5028.029426,4563.246376,LL
166.1280177,-190.710599,24.56112778,567.3621459,-5045.105514,4477.554103,LL
156.7987653,-181.1335366,24.31329333,669.5703031,-5057.202849,4387.44309,LL
147.3147099,-171.3776907,24.0414775,771.1175598,-5064.309476,4293.00227,LL
137.6852109,-161.4526891,23.74594854,871.9037129,-5066.418397,4194.324839,LL
127.9197715,-151.3683267,23.42699808,971.8292868,-5063.527517,4091.508187,LL
118.028029,-141.1345554,23.08494092,1070.795679,-5055.639703,3984.653774,LL
108.0197455,-130.7614749,22.7201146,1168.705209,-5042.762724,3873.867059,LL
97.9047978,-120.259322,22.33287919,1265.461265,-5024.909303,3759.25737,LL
87.69316824,-109.6384612,21.92361681,1360.968348,-5002.097046,3640.937817,LL
77.39493435,-98.90937377,21.49273138,1455.132216,-4974.348478,3519.025163,LL
67.02025938,-88.0826483,21.04064811,1547.859929,-4941.690971,3393.639726,LL
56.57938174,-77.16896926,20.56781317,1639.059987,-4904.156768,3264.905241,LL
46.08260547,-66.17910728,20.07469318,1728.642375,-4861.782896,3132.948758,LL
35.54028947,-55.12390789,19.5617748,1816.518698,-4814.611187,2997.900498,LL
24.96283787,-44.01428138,19.0295642,1902.602221,-4762.68818,2859.893741,LL
14.3606892,-32.86119146,18.47858662,1986.808002,-4706.065131,2719.06468,LL
3.744306652,-21.67564503,17.90938581,2069.052928,-4644.797905,2575.5523,LL
-6.875832843,-10.46868073,17.3225235,2149.255845,-4578.946981,2429.498225,LL
-17.48924833,0.74864137,16.71857885,2227.33759,-4508.57733,2281.046599,LL
-28.08546581,11.96525128,16.09814789,2303.221118,-4433.758415,2130.34392,LL
-38.65402794,23.17007942,15.46184289,2376.83153,-4354.564056,1977.538918,LL
-49.18450498,34.35206811,14.81029183,2448.096192,-4271.072425,1822.782389,LL
-59.66650446,45.50018193,14.14413769,2516.944763,-4183.365903,1666.227063,LL
-70.08968207,56.6034192,13.4640379,2583.30931,-4091.531059,1508.027438,LL
-80.44375123,67.65082221,12.77066363,2647.124327,-3995.658511,1348.339641,LL
-90.7184939,78.63148865,12.06469916,2708.326849,-3895.842885,1187.32126,LL
-100.90377,89.53458179,11.34684118,2766.856463,-3792.182675,1025.131206,LL
-110.989528,100.3493417,10.61779814,2822.655421,-3684.780195,861.929537,LL
-120.9658143,111.0650955,9.878289516,2875.668643,-3573.741423,697.8773166,LL
-130.8227838,121.671268,9.129045119,2925.843823,-3459.175956,533.1364406,LL
-140.5507085,132.1573922,8.370804347,2973.131434,-3341.196841,367.8694926,LL
-150.1399885,142.5131196,7.604315511,3017.484819,-3219.920525,202.2395671,LL
-159.58116,152.7282302,6.830335023,3058.860195,-3095.466677,36.41012474,LL
-168.864906,162.7926431,6.049626728,3097.216742,-2967.958134,-129.4551848,LL
-177.9820642,172.6964259,5.262961073,3132.516595,-2837.520716,-295.1926684,LL
-186.9236375,182.4298047,4.471114418,3164.724928,-2704.283164,-460.6387672,LL
-195.6808013,191.9831739,3.674868203,3193.809944,-2568.376953,-625.630202,LL
-204.2449135,201.3471054,2.875008245,3219.742952,-2429.936219,-790.00415,LL
-212.6075223,210.5123582,2.072323891,3242.498347,-2289.097574,-953.5983901,LL
-220.7603748,219.4698873,1.267607312,3262.053684,-2146.000021,-1116.251479,LL
-228.6954252,228.2108526,0.461652647,3278.389653,-2000.784768,-1277.802892,LL
-236.4048425,236.726628,-0.344744707,3291.490142,-1853.595138,-1438.093204,LL
-243.8810184,245.0088093,-1.150788948,3301.342214,-1704.576375,-1596.964221,LL
-251.1165749,253.049223,-1.955684593,3307.936155,-1553.875556,-1754.259163,LL
-258.1043713,260.8399343,-2.758637324,3311.265447,-1401.641392,-1909.822793,LL
-264.8375116,268.3732546,-3.558854706,3311.326817,-1248.024133,-2063.501594,LL
-271.3093509,275.6417494,-4.355547038,3308.120191,-1093.175367,-2215.143898,LL
-277.5135023,282.6382458,-5.147928064,3301.648746,-937.247924,-2364.600058,LL
-283.4438431,289.3558387,-5.935215818,3291.918858,-780.3956728,-2511.722573,LL
-289.0945207,295.7878991,-6.716633324,3278.940139,-622.7734211,-2656.366257,LL
-294.4599586,301.928079,-7.491409434,3262.725386,-464.5367092,-2798.388358,LL
-299.5348618,307.7703189,-8.258779521,3243.290614,-305.8417113,-2937.648723,LL
-304.3142218,313.3088532,-9.017986301,3220.654991,-146.8450268,-3074.009914,LL
-308.7933223,318.5382161,-9.768280511,3194.840866,12.29642054,-3207.337363,LL
-312.9677425,323.4532468,-10.50892172,3165.873703,171.4255906,-3337.499488,LL
-316.8333632,328.0490947,-11.23917898,3133.782102,330.3854287,-3464.367838,LL
-320.3863692,332.3212244,-11.95833165,3098.597721,489.0190742,-3587.817207,LL
-323.6232543,336.2654197,-12.66566998,3060.355294,647.1699613,-3707.725768,LL
-326.540824,339.8777881,-13.36049593,3019.092551,804.6820276,-3823.975182,LL
-329.136199,343.1547648,-14.04212378,2974.850224,961.3998143,-3936.450729,LL
-331.4068179,346.0931157,-14.70988086,2927.671964,1117.168673,-4045.041406,LL
-333.3504401,348.6899411,-15.36310816,2877.604341,1271.834866,-4149.640049,LL
-334.9651472,350.9426781,-16.00116104,2824.696755,1425.245769,-4250.14343,LL
-336.2493459,352.8491037,-16.6234098,2769.001431,1577.249972,-4346.452367,LL
-337.2017687,354.4073363,-17.22924037,2710.573321,1727.697476,-4438.471811,LL
-337.8214759,355.6158383,-17.81805486,2649.470099,1876.439797,-4526.110954,LL
-338.1078556,356.4734169,-18.38927219,2585.752055,2023.330155,-4609.283302,LL
-338.0606255,356.9792259,-18.94232863,2519.482081,2168.223576,-4687.90678,LL
-337.6798319,357.132766,-19.47667838,2450.725568,2310.977079,-4761.90379,LL
-336.9658509,356.9338859,-19.99179411,2379.550381,2451.449772,-4831.20131,LL
-335.9193869,356.3827815,-20.48716745,2306.02675,2589.503037,-4895.730949,LL
-334.5414727,355.479997,-20.96230954,2230.227244,2725.000621,-4955.429028,LL
-332.8334681,354.2264232,-21.41675146,2152.226659,2857.808815,-5010.236627,LL
-330.7970588,352.6232972,-21.85004474,2072.101982,2987.796541,-5060.099662,LL
-328.4342544,350.6722012,-22.26176177,1989.932275,3114.835531,-5104.968921,LL
-325.7473867,348.3750607,-22.65149622,1905.798642,3238.800399,-5144.800126,LL
-322.7391073,345.7341425,-23.0188635,1819.7841,3359.568819,-5179.553966,LL
-319.4123851,342.7520531,-23.36350104,1731.973547,3477.021596,-5209.196146,LL
-315.7705031,339.4317353,-23.68506873,1642.453631,3591.042829,-5233.697409,LL
-311.8170554,335.776466,-23.98324922,1551.312707,3701.519982,-5253.033579,LL
-307.5559436,331.7898523,-24.25774824,1458.64071,3808.344038,-5267.18557,LL
-302.991373,327.4758288,-24.5082949,1364.529106,3911.409564,-5276.13942,LL
-298.127848,322.8386527,-24.73464194,1269.070762,4010.614858,-5279.886288,LL
-292.9701686,317.8829004,-24.93656597,1172.359894,4105.862004,-5278.42248,LL
-287.5234246,312.6134626,-25.11386774,1074.491934,4197.057018,-5271.749438,LL
-281.7929914,307.0355396,-25.26637225,975.5634757,4284.109888,-5259.87375,LL
-275.7845242,301.1546362,-25.39392902,875.6721393,4366.934717,-5242.807132,LL
-269.5039527,294.9765561,-25.49641214,774.9165161,4445.449752,-5220.566432,LL
-262.957475,288.5073962,-25.57372049,673.3960291,4519.577524,-5193.173593,LL
-256.1515517,281.7535411,-25.62577776,571.2108773,4589.244862,-5160.655654,LL
-249.0928994,274.7216557,-25.65253261,468.4618946,4654.383028,-5123.044702,LL
-241.7884842,267.4186798,-25.65395859,365.2504924,4714.927724,-5080.377858,LL
-234.2455145,259.8518205,-25.63005434,261.6785173,4770.819213,-5032.697225,LL
-226.4714346,252.0285454,-25.58084341,157.8481929,4822.002325,-4980.049863,LL
-218.4739163,243.9565751,-25.50637439,53.86197665,4868.42656,-4922.487723,LL
-210.2608524,235.6438758,-25.40672075,-50.17749908,4910.046091,-4860.067617,LL
-201.840348,227.0986509,-25.28198087,-154.1675704,4946.819856,-4792.851142,LL
-193.2207132,218.3293336,-25.13227782,-258.0056011,4978.711552,-4720.904636,LL
-184.4104546,209.3445782,-24.95775937,-361.5891262,5005.689719,-4644.299098,LL
-175.4182669,200.1532516,-24.75859771,-464.8159106,5027.727719,-4563.110132,LL
-166.2530241,190.7644244,-24.53498943,-567.5840926,5044.803816,-4477.417859,LL
-156.9237714,181.1873624,-24.28715517,-669.7922418,5056.901146,-4387.306849,LL
-147.4397155,171.4315168,-24.01533954,-771.3395016,5064.007783,-4292.866028,LL
-137.8102161,161.5065157,-23.71981076,-872.1256467,5066.1167,-4194.188601,LL
-128.0447763,151.4221536,-23.40086051,-972.0512238,5063.225829,-4091.371947,LL
-118.1530334,141.1883828,-23.05880354,-1071.017608,5055.33801,-3984.517538,LL
-108.1447494,130.8153026,-22.69397743,-1168.927142,5042.46104,-3873.730822,LL
-98.02980139,120.3131501,-22.3067422,-1265.683189,5024.607616,-3759.121136,LL
-87.81817135,109.6922896,-21.89748002,-1361.190276,5001.795367,-3640.801583,LL
-77.51993712,98.96320264,-21.46659478,-1455.354135,4974.046796,-3518.888932,LL
-67.14526168,88.13647748,-21.01451171,-1548.081851,4941.389298,-3393.503494,LL
-56.7043837,77.22279888,-20.54167696,-1639.281901,4903.85509,-3264.769012,LL
-46.20760695,66.23293722,-20.04855717,-1728.864293,4861.481227,-3132.812528,LL
-35.66529061,55.17773828,-19.53563898,-1816.740608,4814.309514,-2997.764271,LL
-25.08783854,44.06811208,-19.00342858,-1902.824134,4762.386516,-2859.757514,LL
-14.48568953,32.9150226,-18.4524512,-1987.029907,4705.763463,-2718.928456,LL
-3.869306506,21.72947649,-17.88325059,-2069.274836,4644.496246,-2575.416075,LL
6.750833324,10.52251264,-17.29638847,-2149.477745,4578.645318,-2429.362004,LL
17.36424929,-0.694809157,-16.69244402,-2227.559493,4508.275676,-2280.910377,LL
27.96046711,-11.91141862,-16.07201325,-2303.443013,4433.456756,-2130.207701,LL
38.52902972,-23.11624644,-15.43570845,-2377.053428,4354.262407,-1977.402698,LL
49.05950709,-34.29823468,-14.78415758,-2448.318082,4270.770772,-1822.646173,LL
59.54150705,-45.4463482,-14.11800364,-2517.166656,4183.064258,-1666.090846,LL
69.96468499,-56.54958502,-13.43790404,-2583.531195,4091.229411,-1507.891224,LL
80.31875464,-67.59698772,-12.74452997,-2647.346216,3995.356871,-1348.203426,LL
90.59349763,-78.57765371,-12.03856569,-2708.548729,3895.541242,-1187.185049,LL
100.7787742,-89.48074654,-11.32070791,-2767.078347,3791.881041,-1024.994994,LL
110.8645325,-100.295506,-10.59166507,-2822.877296,3684.478556,-861.7933279,LL
120.8408193,-111.0112595,-9.852156644,-2875.890521,3573.439793,-697.7411067,LL
130.6977891,-121.6174315,-9.102912434,-2926.065694,3458.874322,-533.0002339,LL
140.4257144,-132.1035554,-8.344671866,-2973.353307,3340.895216,-367.7332852,LL
150.0149947,-142.4592823,-7.578183217,-3017.706684,3219.618896,-202.1033628,LL
159.4561667,-152.6743927,-6.804202934,-3059.082064,3095.165057,-36.2739198,LL
168.739913,-162.7388052,-6.023494826,-3097.438603,2967.65651,129.5913866,LL
177.8570717,-172.6425876,-5.236829374,-3132.738459,2837.219101,295.3288709,LL
186.7986453,-182.375966,-4.444982907,-3164.946784,2703.981545,460.7749666,LL
195.5558096,-191.9293348,-3.648736896,-3194.031803,2568.075342,625.766402,LL
204.1199221,-201.2932659,-2.848877126,-3219.964804,2429.634605,790.140347,LL
212.4825313,-210.4585184,-2.046192976,-3242.720201,2288.795968,953.7345877,LL
220.6353842,-219.416047,-1.241476583,-3262.275531,2145.698412,1116.387673,LL
228.5704351,-228.157012,-0.435522122,-3278.611502,2000.483168,1277.939087,LL
236.2798527,-236.672787,0.370875043,-3291.711984,1853.293533,1438.229396,LL
243.7560291,-244.9549679,1.176919081,-3301.564058,1704.274779,1597.100414,LL
250.991586,-252.9953813,1.981814539,-3308.157992,1553.573956,1754.395352,LL
257.9793828,-260.7860922,2.784767066,-3311.487287,1401.339801,1909.958983,LL
264.7125235,-268.3194121,3.58498426,-3311.548648,1247.722538,2063.637781,LL
271.1843632,-275.5879066,4.381676388,-3308.342026,1092.873781,2215.280086,LL
277.388515,-282.5844025,5.174057227,-3301.870573,936.9463342,2364.736242,LL
283.3188562,-289.3019951,5.961344777,-3292.140687,780.0940919,2511.858759,LL
288.9695342,-295.734055,6.742762095,-3279.161961,622.4718362,2656.502439,LL
294.3349726,-301.8742346,7.517538002,-3262.947211,464.2351331,2798.524541,LL
299.4098761,-307.7164741,8.284907901,-3243.512432,305.5401314,2937.784903,LL
304.1892366,-313.2550081,9.044114478,-3220.876811,146.5434555,3074.146094,LL
308.6683374,-318.4843706,9.7944085,-3195.062678,-12.5979956,3207.47354,LL
312.8427582,-323.3994009,10.5350495,-3166.095519,-171.727157,3337.635666,LL
316.7083792,-327.9952484,11.26530658,-3134.00391,-330.6869989,3464.504013,LL
320.2613857,-332.2673777,11.98445904,-3098.819531,-489.3206356,3587.953383,LL
323.4982711,-336.2115726,12.69179718,-3060.577097,-647.4715265,3707.861941,LL
326.4158412,-339.8239407,13.38662293,-3019.314356,-804.9835841,3824.111355,LL
329.0112165,-343.100917,14.06825059,-2975.072022,-961.7013747,3936.5869,LL
331.2818359,-346.0392676,14.73600747,-2927.893765,-1117.470225,4045.177576,LL
333.2254584,-348.6360925,15.38923458,-2877.826134,-1272.136422,4149.776217,LL
334.840166,-350.8888292,16.02728726,-2824.918551,-1425.547316,4250.279598,LL
336.1243651,-352.7952544,16.64953583,-2769.223219,-1577.551522,4346.588532,LL
337.0767884,-354.3534867,17.2553662,-2710.795112,-1727.999018,4438.607976,LL
337.6964959,-355.5619882,17.8441805,-2649.691882,-1876.741342,4526.247116,LL
337.9828761,-356.4195665,18.41539763,-2585.973841,-2023.631692,4609.419466,LL
337.9356463,-356.9253751,18.96845388,-2519.70386,-2168.525117,4688.04294,LL
337.5548532,-357.0789148,19.50280343,-2450.947349,-2311.278612,4762.039951,LL
336.8408725,-356.8800342,20.01791896,-2379.772155,-2451.751308,4831.337468,LL
335.794409,-356.3289295,20.51329211,-2306.248526,-2589.804565,4895.867108,LL
334.4164952,-355.4261446,20.988434,-2230.449013,-2725.302151,4955.565183,LL
332.708491,-354.1725704,21.44287573,-2152.448431,-2858.110337,5010.372783,LL
330.6720821,-352.5694441,21.87616881,-2072.323746,-2988.098067,5060.235815,LL
328.3092781,-350.6183477,22.28788564,-1990.154042,-3115.137049,5105.105074,LL
325.6224108,-348.3212067,22.67761991,-1906.020401,-3239.10192,5144.936277,LL
322.6141319,-345.6802882,23.04498698,-1820.005862,-3359.870332,5179.690117,LL
319.28741,-342.6981984,23.38962433,-1732.195302,-3477.323112,5209.332294,LL
315.6455285,-339.3778803,23.71119182,-1642.675388,-3591.344337,5233.833557,LL
311.6920812,-335.7226105,24.00937212,-1551.534456,-3701.821493,5253.169725,LL
307.4309698,-331.7359966,24.28387094,-1458.862462,-3808.645541,5267.321716,LL
302.8663995,-327.4219726,24.53441741,-1364.75085,-3911.71107,5276.275563,LL
298.002875,-322.7847962,24.76076425,-1269.292509,-4010.916356,5280.022432,LL
292.8451959,-317.8290434,24.96268809,-1172.581634,-4106.163506,5278.558621,LL
287.3984524,-312.5596053,25.13998966,-1074.713676,-4197.358511,5271.885579,LL
281.6680196,-306.9816819,25.29249398,-975.7852106,-4284.411385,5260.009888,LL
275.6595529,-301.1007781,25.42005054,-875.8938767,-4367.236205,5242.943271,LL
269.3789817,-294.9226976,25.52253347,-775.1382461,-4445.751244,5220.702568,LL
262.8325044,-288.4535375,25.59984162,-673.6177616,-4519.879007,5193.30973,LL
256.0265815,-281.6996818,25.65189871,-571.4326025,-4589.546349,5160.791788,LL
248.9679296,-274.6677961,25.67865335,-468.6836223,-4654.684506,5123.180836,LL
241.6635148,-267.3648198,25.68007915,-365.4722127,-4715.229206,5080.513989,LL
234.1205456,-259.7979602,25.65617469,-261.9002401,-4771.120687,5032.833357,LL
226.346466,-251.9746847,25.60696357,-158.0699083,-4822.303802,4980.185991,LL
218.3489482,-243.9027141,25.53249435,-54.08369457,-4868.728029,4922.623852,LL
210.1358846,-235.5900143,25.43284053,49.95578847,-4910.347563,4860.203743,LL
201.7153806,-227.044789,25.30810044,153.9458573,-4947.12132,4792.987268,LL
193.0957463,-218.2754714,25.1583972,257.7838954,-4979.01302,4721.040759,LL
184.2854881,-209.2907156,24.98387854,361.367418,-5005.991178,4644.435222,LL
175.2933007,-200.0993886,24.7847167,464.5942097,-5028.029181,4563.246253,LL
166.1280584,-190.7105611,24.56110821,567.3623893,-5045.10527,4477.55398,LL
156.798806,-181.1334986,24.31327377,669.5705458,-5057.202604,4387.442968,LL
147.3147506,-171.3776527,24.04145793,771.1178032,-5064.309232,4293.002147,LL
137.6852515,-161.4526511,23.74592897,871.9039555,-5066.418152,4194.324717,LL
127.9198122,-151.3682887,23.42697852,971.8295302,-5063.527273,4091.508064,LL
118.0280697,-141.1345175,23.08492136,1070.795922,-5055.639458,3984.653652,LL
108.0197862,-130.761437,22.72009504,1168.705453,-5042.76248,3873.866936,LL
97.90483848,-120.259284,22.33285962,1265.461508,-5024.909059,3759.257248,LL
87.69320891,-109.6384232,21.92359724,1360.968592,-5002.096802,3640.937694,LL
77.39497503,-98.90933582,21.49271181,1455.132459,-4974.348234,3519.025041,LL
67.02030005,-88.08261034,21.04062854,1547.860172,-4941.690727,3393.639603,LL
56.57942242,-77.1689313,20.56779361,1639.060229,-4904.156523,3264.905118,LL
46.08264614,-66.17906932,20.07467361,1728.642618,-4861.782652,3132.948635,LL
35.54033015,-55.12386994,19.56175523,1816.518941,-4814.610942,2997.900375,LL
24.96287854,-44.01424342,19.02954463,1902.602465,-4762.687936,2859.893619,LL
14.36072988,-32.86115351,18.47856706,1986.808245,-4706.064886,2719.064558,LL
3.744347322,-21.67560707,17.90936625,2069.053171,-4644.797661,2575.552177,LL
-6.875792164,-10.46864278,17.32250394,2149.256087,-4578.946736,2429.498103,LL
-17.48920766,0.748679331,16.71855929,2227.337833,-4508.577086,2281.046476,LL
-28.08542514,11.96528923,16.09812832,2303.221361,-4433.75817,2130.343797,LL
-38.65398727,23.17011738,15.46182333,2376.831773,-4354.563812,1977.538795,LL
-49.1844643,34.35210606,14.81027226,2448.096434,-4271.07218,1822.782267,LL
-59.66646379,45.50021989,14.14411812,2516.945006,-4183.365659,1666.226941,LL
-70.08964139,56.60345715,13.46401834,2583.309553,-4091.530815,1508.027316,LL
-80.44371057,67.65086017,12.77064406,2647.124571,-3995.658267,1348.339518,LL
-90.71845322,78.6315266,12.06467959,2708.327091,-3895.84264,1187.321138,LL
-100.9037293,89.53461975,11.34682161,2766.856707,-3792.182431,1025.131084,LL
-110.9894873,100.3493797,10.61777858,2822.655663,-3684.77995,861.9294148,LL
-120.9657736,111.0651334,9.878269954,2875.668886,-3573.741179,697.8771941,LL
-130.8227431,121.671306,9.129025556,2925.844066,-3459.175711,533.1363183,LL
-140.5506679,132.1574301,8.370784785,2973.131677,-3341.196597,367.8693701,LL
-150.1399478,142.5131575,7.604295947,3017.485061,-3219.92028,202.2394448,LL
-159.5811194,152.7282682,6.830315461,3058.860438,-3095.466433,36.41000225,LL
-168.8648653,162.7926811,6.049607165,3097.216985,-2967.957889,-129.455307,LL
-177.9820236,172.6964638,5.262941511,3132.516838,-2837.520472,-295.1927909,LL
-186.9235968,182.4298427,4.471094855,3164.72517,-2704.282919,-460.6388895,LL
-195.6807606,191.9832118,3.674848642,3193.810188,-2568.376709,-625.6303245,LL
-204.2448728,201.3471434,2.874988683,3219.743195,-2429.935974,-790.0042723,LL
-212.6074816,210.5123961,2.07230433,3242.498591,-2289.09733,-953.5985126,LL
-220.7603341,219.4699252,1.26758775,3262.053927,-2145.999777,-1116.251601,LL
-228.6953845,228.2108906,0.461633086,3278.389896,-2000.784524,-1277.803015,LL
-236.4048018,236.7266659,-0.344764268,3291.490385,-1853.594893,-1438.093326,LL
-243.8809777,245.0088472,-1.150808509,3301.342457,-1704.576131,-1596.964344,LL
-251.1165342,253.049261,-1.955704155,3307.936397,-1553.875311,-1754.259285,LL
-258.1043306,260.8399722,-2.758656884,3311.265691,-1401.641148,-1909.822916,LL
-264.8374709,268.3732925,-3.558874267,3311.327059,-1248.023888,-2063.501716,LL
-271.3093102,275.6417874,-4.355566598,3308.120434,-1093.175123,-2215.144021,LL
-277.5134617,282.6382837,-5.147947625,3301.648989,-937.2476792,-2364.60018,LL
-283.4438024,289.3558767,-5.935235378,3291.919101,-780.3954289,-2511.722696,LL
-289.0944801,295.787937,-6.716652884,3278.940381,-622.7731763,-2656.366379,LL
-294.4599179,301.9281169,-7.491428994,3262.72563,-464.5364653,-2798.388481,LL
-299.5348211,307.7703569,-8.258799082,3243.290857,-305.8414666,-2937.648845,LL
-304.3141812,313.3088912,-9.018005861,3220.655234,-146.8447829,-3074.010036,LL
-308.7932816,318.5382541,-9.768300072,3194.841108,12.29666527,-3207.337485,LL
-312.9677019,323.4532847,-10.50894128,3165.873947,171.4258345,-3337.49961,LL
-316.8333226,328.0491327,-11.23919854,3133.782345,330.3856735,-3464.367961,LL
-320.3863286,332.3212623,-11.95835121,3098.597964,489.0193181,-3587.81733,LL
-323.6232137,336.2654576,-12.66568954,3060.355537,647.170206,-3707.72589,LL
-326.5407833,339.877826,-13.36051549,3019.092794,804.6822715,-3823.975305,LL
-329.1361583,343.1548028,-14.04214334,2974.850466,961.400059,-3936.450852,LL
-331.4067772,346.0931537,-14.70990042,2927.672207,1117.168917,-4045.041528,LL
-333.3503994,348.689979,-15.36312772,2877.604584,1271.835111,-4149.640171,LL
-334.9651065,350.9427161,-16.0011806,2824.696999,1425.246013,-4250.143552,LL
-336.2493053,352.8491417,-16.62342936,2769.001673,1577.250216,-4346.452489,LL
-337.2017281,354.4073743,-17.22925993,2710.573564,1727.69772,-4438.471933,LL
-337.8214352,355.6158763,-17.81807442,2649.470341,1876.440041,-4526.111076,LL
-338.107815,356.4734549,-18.38929175,2585.752298,2023.330399,-4609.283425,LL
-338.0605848,356.9792639,-18.94234819,2519.482324,2168.223821,-4687.906902,LL
-337.6797913,357.132804,-19.47669794,2450.725811,2310.977323,-4761.903912,LL
-336.9658102,356.9339238,-19.99181366,2379.550623,2451.450017,-4831.201433,LL
-335.9193462,356.3828194,-20.48718701,2306.026993,2589.503281,-4895.731072,LL
-334.541432,355.4800349,-20.96232909,2230.227487,2725.000865,-4955.42915,LL
-332.8334275,354.2264611,-21.41677102,2152.226902,2857.809059,-5010.23675,LL
-330.7970182,352.6233352,-21.85006429,2072.102224,2987.796786,-5060.099784,LL
-328.4342137,350.6722391,-22.26178132,1989.932519,3114.835775,-5104.969043,LL
-325.747346,348.3750986,-22.65151578,1905.798884,3238.800643,-5144.800248,LL
-322.7390667,345.7341804,-23.01888306,1819.784343,3359.569063,-5179.554088,LL
-319.4123445,342.752091,-23.36352059,1731.97379,3477.02184,-5209.196268,LL
-315.7704624,339.4317732,-23.68508828,1642.453874,3591.043073,-5233.697531,LL
-311.8170148,335.7765039,-23.98326877,1551.312949,3701.520226,-5253.033701,LL
-307.555903,331.7898903,-24.2577678,1458.640953,3808.344282,-5267.185693,LL
-302.9913323,327.4758667,-24.50831446,1364.529348,3911.409809,-5276.139542,LL
-298.1278073,322.8386906,-24.7346615,1269.071005,4010.615102,-5279.88641,LL
-292.9701279,317.8829383,-24.93658553,1172.360137,4105.862249,-5278.422602,LL
-287.5233839,312.6135005,-25.1138873,1074.492177,4197.057262,-5271.74956,LL
-281.7929508,307.0355775,-25.26639181,975.5637182,4284.110133,-5259.873872,LL
-275.7844836,301.1546741,-25.39394857,875.6723825,4366.934961,-5242.807255,LL
-269.5039121,294.976594,-25.49643169,774.9167586,4445.449997,-5220.566554,LL
-262.9574344,288.5074342,-25.57374004,673.3962722,4519.577767,-5193.173716,LL
-256.1515111,281.753579,-25.62579732,571.2111198,4589.245107,-5160.655777,LL
-249.0928587,274.7216936,-25.65255216,468.4621378,4654.383272,-5123.044825,LL
-241.7884435,267.4187177,-25.65397815,365.2507349,4714.927969,-5080.37798,LL
-234.2454739,259.8518584,-25.63007389,261.6787604,4770.819457,-5032.697348,LL
-226.4713939,252.0285834,-25.58086296,157.8484353,4822.00257,-4980.049985,LL
-218.4738757,243.9566131,-25.50639394,53.86221976,4868.426804,-4922.487845,LL
-210.2608117,235.6439137,-25.40674031,-50.17725663,4910.046335,-4860.067739,LL
-201.8403073,227.0986888,-25.28200042,-154.1673273,4946.8201,-4792.851264,LL
-193.2206726,218.3293716,-25.13229738,-258.0053587,4978.711797,-4720.904758,LL
-184.410414,209.3446161,-24.95777892,-361.5888831,5005.689963,-4644.29922,LL
-175.4182262,200.1532895,-24.75861727,-464.8156682,5027.727963,-4563.110254,LL
-166.2529834,190.7644623,-24.53500898,-567.5838495,5044.80406,-4477.417981,LL
-156.9237307,181.1874003,-24.28717472,-669.7919994,5056.901391,-4387.306971,LL
-147.4396748,171.4315548,-24.01535909,-771.3392585,5064.008026,-4292.86615,LL
-137.8101754,161.5065536,-23.71983031,-872.1254043,5066.116944,-4194.188723,LL
-128.0447356,151.4221915,-23.40088006,-972.0509807,5063.226072,-4091.37207,LL
-118.1529928,141.1884207,-23.05882309,-1071.017365,5055.338255,-3984.51766,LL
-108.1447088,130.8153405,-22.69399698,-1168.926898,5042.461284,-3873.730945,LL
-98.02976075,120.313188,-22.30676175,-1265.682947,5024.60786,-3759.121258,LL
-87.81813072,109.6923275,-21.89749957,-1361.190032,5001.795611,-3640.801705,LL
-77.51989648,98.96324056,-21.46661433,-1455.353893,4974.04704,-3518.889054,LL
-67.14522104,88.1365154,-21.01453127,-1548.081608,4941.389541,-3393.503616,LL
-56.70434306,77.2228368,-20.54169652,-1639.281659,4903.855335,-3264.769134,LL
-46.20756632,66.23297514,-20.04857672,-1728.864049,4861.481471,-3132.812651,LL
-35.66524997,55.17777619,-19.53565853,-1816.740365,4814.309758,-2997.764394,LL
-25.08779791,44.06815,-19.00344813,-1902.823891,4762.38676,-2859.757637,LL
-14.4856489,32.91506052,-18.45247075,-1987.029665,4705.763707,-2718.928578,LL
-3.869265876,21.72951441,-17.88327014,-2069.274593,4644.49649,-2575.416197,LL
6.750873961,10.52255055,-17.29640802,-2149.477502,4578.645562,-2429.362126,LL
17.36428992,-0.694771237,-16.69246357,-2227.55925,4508.27592,-2280.910499,LL
27.96050775,-11.91138071,-16.0720328,-2303.442771,4433.457001,-2130.207823,LL
38.52907034,-23.11620852,-15.435728,-2377.053185,4354.262651,-1977.402821,LL
49.05954772,-34.29819677,-14.78417713,-2448.317839,4270.771016,-1822.646295,LL
59.54154767,-45.44631028,-14.11802319,-2517.166413,4183.064502,-1666.090969,LL
69.96472563,-56.54954711,-13.43792359,-2583.530953,4091.229655,-1507.891346,LL
80.31879526,-67.5969498,-12.74454952,-2647.345973,3995.357115,-1348.203548,LL
90.59353827,-78.5776158,-12.03858524,-2708.548487,3895.541486,-1187.185171,LL
100.7788148,-89.48070862,-11.32072746,-2767.078104,3791.881284,-1024.995117,LL
110.8645732,-100.2954681,-10.59168462,-2822.877054,3684.4788,-861.7934501,LL
120.84086,-111.0112215,-9.852176193,-2875.890278,3573.440037,-697.7412291,LL
130.6978298,-121.6173936,-9.102931984,-2926.065451,3458.874566,-533.000356,LL
140.425755,-132.1035175,-8.344691415,-2973.353064,3340.89546,-367.7334076,LL
150.0150353,-142.4592444,-7.578202766,-3017.706442,3219.61914,-202.103485,LL
159.4562073,-152.6743548,-6.804222482,-3059.081821,3095.165301,-36.27404218,LL
168.7399536,-162.7387673,-6.023514375,-3097.438361,2967.656754,129.5912644,LL
177.8571123,-172.6425497,-5.236848922,-3132.738216,2837.219345,295.3287485,LL
186.7986859,-182.3759281,-4.445002456,-3164.946542,2703.981789,460.7748444,LL
195.5558502,-191.9292969,-3.648756444,-3194.03156,2568.075586,625.7662796,LL
204.1199627,-201.293228,-2.848896674,-3219.964561,2429.634849,790.1402248,LL
212.482572,-210.4584805,-2.046212523,-3242.719958,2288.796212,953.7344653,LL
220.6354249,-219.4160091,-1.241496132,-3262.275288,2145.698657,1116.387551,LL
228.5704757,-228.1569741,-0.435541669,-3278.611259,2000.483411,1277.938965,LL
236.2798934,-236.6727491,0.370855495,-3291.711742,1853.293778,1438.229273,LL
243.7560697,-244.95493,1.176899535,-3301.563815,1704.275023,1597.100292,LL
250.9916266,-252.9953434,1.981794991,-3308.157749,1553.574201,1754.39523,LL
257.9794235,-260.7860543,2.784747519,-3311.487044,1401.340045,1909.958861,LL
264.7125641,-268.3193742,3.584964712,-3311.548406,1247.722783,2063.637659,LL
271.1844039,-275.5878687,4.381656842,-3308.341783,1092.874024,2215.279964,LL
277.3885556,-282.5843646,5.17403768,-3301.870331,936.9465787,2364.73612,LL
283.3188969,-289.3019572,5.961325231,-3292.140444,780.0943356,2511.858636,LL
288.9695748,-295.7340171,6.742742548,-3279.161718,622.4720807,2656.502317,LL
294.3350132,-301.8741967,7.517518456,-3262.946969,464.2353768,2798.524419,LL
299.4099167,-307.7164362,8.284888355,-3243.512189,305.5403758,2937.784781,LL
304.1892772,-313.2549702,9.044094932,-3220.876568,146.5436992,3074.145972,LL
308.668378,-318.4843327,9.794388954,-3195.062436,-12.59775117,3207.473418,LL
312.8427988,-323.399363,10.53502996,-3166.095276,-171.7269132,3337.635543,LL
316.7084198,-327.9952105,11.26528704,-3134.003667,-330.6867545,3464.503891,LL
320.2614263,-332.2673398,11.9844395,-3098.819288,-489.3203919,3587.95326,LL
323.4983117,-336.2115347,12.69177764,-3060.576854,-647.4712821,3707.861819,LL
326.4158818,-339.8239028,13.38660339,-3019.314113,-804.9833405,3824.111233,LL
329.0112572,-343.1008791,14.06823105,-2975.07178,-961.7011303,3936.586777,LL
331.2818766,-346.0392296,14.73598793,-2927.893522,-1117.469981,4045.177454,LL
333.2254991,-348.6360546,15.38921504,-2877.825892,-1272.136177,4149.776095,LL
334.8402067,-350.8887913,16.02726772,-2824.918308,-1425.547073,4250.279476,LL
336.1244057,-352.7952165,16.64951629,-2769.222977,-1577.551278,4346.58841,LL
337.076829,-354.3534488,17.25534666,-2710.794869,-1727.998775,4438.607854,LL
337.6965365,-355.5619503,17.84416096,-2649.69164,-1876.741098,4526.246994,LL
337.9829167,-356.4195286,18.41537809,-2585.973598,-2023.631449,4609.419343,LL
337.9356869,-356.9253372,18.96843433,-2519.703617,-2168.524872,4688.042818,LL
337.5548938,-357.0788769,19.50278389,-2450.947106,-2311.278368,4762.039828,LL
336.8409132,-356.8799963,20.01789942,-2379.771912,-2451.751063,4831.337346,LL
335.7944496,-356.3288916,20.51327257,-2306.248283,-2589.804321,4895.866986,LL
334.4165358,-355.4261067,20.98841446,-2230.448771,-2725.301907,4955.565061,LL
332.7085316,-354.1725325,21.44285618,-2152.448188,-2858.110093,5010.372661,LL
330.6721227,-352.5694062,21.87614927,-2072.323504,-2988.097823,5060.235693,LL
328.3093187,-350.6183098,22.2878661,-1990.153799,-3115.136805,5105.104952,LL
325.6224514,-348.3211688,22.67760037,-1906.020159,-3239.101676,5144.936154,LL
322.6141725,-345.6802503,23.04496744,-1820.005619,-3359.870088,5179.689994,LL
319.2874506,-342.6981605,23.38960479,-1732.195059,-3477.322868,5209.332172,LL
315.6455691,-339.3778424,23.71117228,-1642.675145,-3591.344093,5233.833435,LL
311.6921218,-335.7225727,24.00935257,-1551.534214,-3701.821249,5253.169602,LL
307.4310104,-331.7359587,24.2838514,-1458.862219,-3808.645298,5267.321594,LL
302.8664401,-327.4219347,24.53439787,-1364.750608,-3911.710826,5276.275441,LL
298.0029156,-322.7847583,24.76074471,-1269.292266,-4010.916113,5280.022309,LL
292.8452365,-317.8290055,24.96266855,-1172.581392,-4106.163262,5278.558499,LL
287.398493,-312.5595674,25.13997012,-1074.713433,-4197.358268,5271.885457,LL
281.6680602,-306.981644,25.29247444,-975.7849683,-4284.411141,5260.009766,LL
275.6595935,-301.1007402,25.420031,-875.8936339,-4367.235961,5242.943149,LL
269.3790223,-294.9226597,25.52251393,-775.1380039,-4445.751,5220.702445,LL
262.832545,-288.4534996,25.59982208,-673.6175188,-4519.878763,5193.309607,LL
256.0266221,-281.699644,25.65187917,-571.4323602,-4589.546105,5160.791666,LL
248.9679702,-274.6677582,25.67863381,-468.6833795,-4654.684263,5123.180714,LL
241.6635554,-267.3647819,25.68005961,-365.4719705,-4715.228962,5080.513867,LL
234.1205862,-259.7979223,25.65615515,-261.8999973,-4771.120443,5032.833234,LL
226.3465066,-251.9746468,25.60694403,-158.0696661,-4822.303558,4980.185869,LL
218.3489888,-243.9026762,25.53247481,-54.08345176,-4868.727785,4922.62373,LL
210.1359252,-235.5899764,25.43282099,49.95603072,-4910.347318,4860.203621,LL
201.7154212,-227.0447511,25.3080809,153.9461001,-4947.121076,4792.987146,LL
193.0957869,-218.2754335,25.15837766,257.7841376,-4979.012775,4721.040637,LL
184.2855287,-209.2906777,24.983859,361.3676608,-5005.990934,4644.4351,LL
175.2933413,-200.0993507,24.78469716,464.594452,-5028.028937,4563.246131,LL
166.128099,-190.7105232,24.56108867,567.3626321,-5045.105027,4477.553858,LL
156.7988466,-181.1334607,24.31325423,669.570788,-5057.202359,4387.442845,LL
147.3147912,-171.3776148,24.04143839,771.118046,-5064.308988,4293.002025,LL
137.6852921,-161.4526133,23.74590943,871.9041978,-5066.417908,4194.324595,LL
127.9198528,-151.3682509,23.42695898,971.8297729,-5063.527029,4091.507942,LL
118.0281103,-141.1344796,23.08490182,1070.796164,-5055.639213,3984.65353,LL
108.0198268,-130.7613991,22.7200755,1168.705696,-5042.762236,3873.866814,LL
97.90487908,-120.2592462,22.33284008,1265.46175,-5024.908814,3759.257126,LL
87.69324951,-109.6383853,21.92357771,1360.968834,-5002.096558,3640.937572,LL
77.39501563,-98.90929794,21.49269227,1455.132701,-4974.347989,3519.024919,LL
67.02034065,-88.08257245,21.04060901,1547.860415,-4941.690484,3393.639481,LL
56.57946302,-77.16889343,20.56777407,1639.060472,-4904.156279,3264.904996,LL
46.08268674,-66.17903144,20.07465408,1728.642861,-4861.782408,3132.948513,LL
35.54037074,-55.12383206,19.56173569,1816.519183,-4814.610698,2997.900253,LL
24.96291913,-44.01420554,19.02952509,1902.602708,-4762.687692,2859.893496,LL
14.36077048,-32.86111563,18.47854752,1986.808487,-4706.064642,2719.064436,LL
3.744387911,-21.67556919,17.90934671,2069.053414,-4644.797418,2575.552055,LL
-6.875751567,-10.46860491,17.3224844,2149.256329,-4578.946492,2429.497981,LL
-17.48916708,0.74871721,16.71853975,2227.338076,-4508.576843,2281.046354,LL
-28.08538454,11.96532711,16.09810879,2303.221603,-4433.757926,2130.343675,LL
-38.65394669,23.17015525,15.46180379,2376.832016,-4354.563569,1977.538673,LL
-49.18442371,34.35214393,14.81025273,2448.096677,-4271.071936,1822.782145,LL
-59.6664232,45.50025777,14.14409859,2516.945249,-4183.365415,1666.226819,LL
-70.0896008,56.60349502,13.4639988,2583.309795,-4091.53057,1508.027194,LL
-80.44366998,67.65089805,12.77062453,2647.124813,-3995.658023,1348.339396,LL
-90.71841263,78.63156447,12.06466006,2708.327334,-3895.842396,1187.321016,LL
-100.9036887,89.53465763,11.34680208,2766.856949,-3792.182188,1025.130962,LL
-110.9894467,100.3494176,10.61775904,2822.655905,-3684.779706,861.9292927,LL
-120.9657331,111.0651713,9.878250419,2875.669129,-3573.740935,697.8770718,LL
-130.8227025,121.6713438,9.12900602,2925.844308,-3459.175467,533.1361963,LL
-140.5506273,132.157468,8.37076525,2973.13192,-3341.196354,367.8692478,LL
-150.1399072,142.5131954,7.604276412,3017.485303,-3219.920036,202.2393227,LL
-159.5810788,152.728306,6.830295927,3058.860681,-3095.46619,36.40987997,LL
-168.8648247,162.792719,6.04958763,3097.217227,-2967.957645,-129.4554291,LL
-177.981983,172.6965017,5.262921977,3132.517081,-2837.520229,-295.1929131,LL
-186.9235562,182.4298806,4.47107532,3164.725413,-2704.282675,-460.6390116,LL
-195.68072,191.9832497,3.674829108,3193.81043,-2568.376465,-625.6304467,LL
-204.2448322,201.3471812,2.874969148,3219.743437,-2429.93573,-790.0043944,LL
-212.607441,210.512434,2.072284796,3242.498833,-2289.097086,-953.5986349,LL
-220.7602936,219.4699631,1.267568215,3262.054169,-2145.999533,-1116.251723,LL
-228.6953439,228.2109284,0.461613552,3278.390139,-2000.784281,-1277.803137,LL
-236.4047612,236.7267038,-0.344783803,3291.490627,-1853.594649,-1438.093448,LL
-243.8809371,245.0088851,-1.150828042,3301.3427,-1704.575887,-1596.964466,LL
-251.1164937,253.0492988,-1.955723689,3307.93664,-1553.875067,-1754.259407,LL
-258.1042901,260.8400101,-2.758676417,3311.265933,-1401.640905,-1909.823038,LL
-264.8374304,268.3733304,-3.558893801,3311.327301,-1248.023644,-2063.501838,LL
-271.3092696,275.6418252,-4.355586131,3308.120677,-1093.174879,-2215.144143,LL
-277.5134211,282.6383216,-5.147967159,3301.649231,-937.247435,-2364.600302,LL
-283.4437618,289.3559146,-5.93525491,3291.919344,-780.3951854,-2511.722818,LL
-289.0944395,295.7879749,-6.716672417,3278.940623,-622.7729322,-2656.366501,LL
-294.4598774,301.9281548,-7.491448526,3262.725872,-464.5362218,-2798.388603,LL
-299.5347805,307.7703947,-8.258818614,3243.291099,-305.8412225,-2937.648967,LL
-304.3141406,313.308929,-9.018025392,3220.655477,-146.8445393,-3074.010158,LL
-308.793241,318.5382919,-9.768319604,3194.84135,12.29690941,-3207.337607,LL
-312.9676613,323.4533226,-10.50896081,3165.874189,171.426078,-3337.499732,LL
-316.833282,328.0491705,-11.23921808,3133.782587,330.3859176,-3464.368083,LL
-320.386288,332.3213002,-11.95837074,3098.598207,489.0195616,-3587.817452,LL
-323.6231731,336.2654955,-12.66570907,3060.355779,647.1704501,-3707.726013,LL
-326.5407427,339.8778639,-13.36053502,3019.093037,804.682515,-3823.975427,LL
-329.1361177,343.1548406,-14.04216287,2974.850709,961.4003032,-3936.450974,LL
-331.4067367,346.0931915,-14.70991995,2927.67245,1117.169161,-4045.04165,LL
-333.3503588,348.6900169,-15.36314725,2877.604826,1271.835355,-4149.640294,LL
-334.965066,350.9427539,-16.00120013,2824.697241,1425.246257,-4250.143675,LL
-336.2492647,352.8491795,-16.62344889,2769.001915,1577.25046,-4346.452611,LL
-337.2016875,354.4074121,-17.22927946,2710.573807,1727.697964,-4438.472055,LL
-337.8213947,355.6159141,-17.81809395,2649.470584,1876.440286,-4526.111198,LL
-338.1077744,356.4734927,-18.38931128,2585.75254,2023.330643,-4609.283547,LL
-338.0605443,356.9793017,-18.94236772,2519.482566,2168.224065,-4687.907024,LL
-337.6797507,357.1328418,-19.47671747,2450.726054,2310.977567,-4761.904034,LL
-336.9657697,356.9339616,-19.99183319,2379.550865,2451.450261,-4831.201555,LL
-335.9193057,356.3828573,-20.48720654,2306.027235,2589.503525,-4895.731194,LL
-334.5413915,355.4800728,-20.96234862,2230.227729,2725.001109,-4955.429272,LL
-332.8333869,354.226499,-21.41679055,2152.227145,2857.809302,-5010.236872,LL
-330.7969776,352.623373,-21.85008382,2072.102467,2987.79703,-5060.099907,LL
-328.4341731,350.672277,-22.26180085,1989.932761,3114.836018,-5104.969166,LL
-325.7473055,348.3751364,-22.65153531,1905.799126,3238.800888,-5144.80037,LL
-322.7390261,345.7342183,-23.01890259,1819.784586,3359.569307,-5179.55421,LL
-319.4123039,342.7521289,-23.36354012,1731.974032,3477.022084,-5209.19639,LL
-315.7704219,339.4318111,-23.68510781,1642.454117,3591.043316,-5233.697653,LL
-311.8169742,335.7765418,-23.9832883,1551.313191,3701.52047,-5253.033823,LL
-307.5558624,331.7899281,-24.25778733,1458.641195,3808.344526,-5267.185815,LL
-302.9912917,327.4759046,-24.50833398,1364.52959,3911.410053,-5276.139664,LL
-298.1277668,322.8387285,-24.73468102,1269.071248,4010.615345,-5279.886533,LL
-292.9700874,317.8829762,-24.93660506,1172.360379,4105.862493,-5278.422724,LL
-287.5233434,312.6135383,-25.11390682,1074.49242,4197.057506,-5271.749682,LL
-281.7929102,307.0356154,-25.26641134,975.5639602,4284.110377,-5259.873994,LL
-275.784443,301.1547119,-25.3939681,875.672625,4366.935204,-5242.807377,LL
-269.5038715,294.9766318,-25.49645122,774.9170007,4445.450241,-5220.566676,LL
-262.9573938,288.507472,-25.57375957,673.3965148,4519.578011,-5193.173838,LL
-256.1514705,281.7536168,-25.62581685,571.2113618,4589.245351,-5160.655899,LL
-249.0928182,274.7217315,-25.65257169,468.4623803,4654.383515,-5123.044947,LL
-241.788403,267.4187556,-25.65399768,365.2509769,4714.928213,-5080.378102,LL
-234.2454333,259.8518963,-25.63009342,261.679003,4770.819701,-5032.69747,LL
-226.4713534,252.0286212,-25.58088249,157.8486774,4822.002814,-4980.050107,LL
-218.4738351,243.9566509,-25.50641347,53.86246229,4868.427047,-4922.487968,LL
-210.2607712,235.6439515,-25.40675984,-50.17701459,4910.046579,-4860.067861,LL
-201.8402668,227.0987266,-25.28201995,-154.1670847,4946.820343,-4792.851386,LL
-193.220632,218.3294094,-25.1323169,-258.0051166,4978.712041,-4720.90488,LL
-184.4103734,209.344654,-24.95779844,-361.5886405,5005.690206,-4644.299343,LL
-175.4181857,200.1533274,-24.75863679,-464.8154262,5027.728207,-4563.110376,LL
-166.2529429,190.7645002,-24.53502851,-567.583607,5044.804303,-4477.418103,LL
-156.9236902,181.1874382,-24.28719425,-669.7917574,5056.901635,-4387.307093,LL
-147.4396343,171.4315926,-24.01537861,-771.339016,5064.00827,-4292.866272,LL
-137.8101349,161.5065914,-23.71984984,-872.1251623,5066.117188,-4194.188845,LL
-128.0446951,151.4222294,-23.40089959,-972.0507382,5063.226316,-4091.372192,LL
-118.1529522,141.1884585,-23.05884262,-1071.017123,5055.338499,-3984.517782,LL
-108.1446683,130.8153784,-22.6940165,-1168.926656,5042.461528,-3873.731067,LL
-98.02972019,120.3132259,-22.30678128,-1265.682705,5024.608104,-3759.12138,LL
-87.81809017,109.6923653,-21.8975191,-1361.18979,5001.795854,-3640.801827,LL
-77.51985592,98.96327839,-21.46663386,-1455.353651,4974.047284,-3518.889176,LL
-67.14518049,88.13655324,-21.01455079,-1548.081366,4941.389785,-3393.503738,LL
-56.70430251,77.22287463,-20.54171604,-1639.281417,4903.855579,-3264.769256,LL
-46.20752577,66.23301298,-20.04859625,-1728.863807,4861.481714,-3132.812773,LL
-35.66520942,55.17781402,-19.53567805,-1816.740123,4814.310002,-2997.764516,LL
-25.08775736,44.06818784,-19.00346766,-1902.823649,4762.387003,-2859.757759,LL
-14.48560834,32.91509835,-18.45249027,-1987.029423,4705.763951,-2718.9287,LL
-3.869225327,21.72955225,-17.88328966,-2069.27435,4644.496733,-2575.41632,LL
6.750914517,10.52258838,-17.29642754,-2149.47726,4578.645806,-2429.362248,LL
17.36433047,-0.694733399,-16.69248309,-2227.559007,4508.276163,-2280.910621,LL
27.9605483,-11.91134288,-16.07205232,-2303.442529,4433.457245,-2130.207945,LL
38.52911089,-23.11617069,-15.43574752,-2377.052942,4354.262894,-1977.402943,LL
49.05958828,-34.29815894,-14.78419665,-2448.317598,4270.77126,-1822.646417,LL
59.54158822,-45.44627245,-14.11804271,-2517.166171,4183.064745,-1666.091091,LL
69.96476618,-56.54950928,-13.43794311,-2583.530711,4091.229899,-1507.891468,LL
80.31883581,-67.59691197,-12.74456904,-2647.34573,3995.357358,-1348.203671,LL
90.59357882,-78.57757797,-12.03860476,-2708.548245,3895.54173,-1187.185293,LL
100.7788554,-89.48067079,-11.32074698,-2767.077861,3791.881528,-1024.995239,LL
110.8646137,-100.2954303,-10.59170414,-2822.876812,3684.479044,-861.7935721,LL
120.8409005,-111.0111837,-9.852195714,-2875.890036,3573.44028,-697.7413513,LL
130.6978703,-121.6173558,-9.102951505,-2926.065209,3458.87481,-533.0004781,LL
140.4257955,-132.1034796,-8.344710936,-2973.352822,3340.895703,-367.7335298,LL
150.0150759,-142.4592066,-7.578222288,-3017.7062,3219.619384,-202.103607,LL
159.4562478,-152.6743169,-6.804242003,-3059.081578,3095.165544,-36.27416436,LL
168.7399941,-162.7387294,-6.023533896,-3097.438119,2967.656998,129.5911424,LL
177.8571529,-172.6425119,-5.236868443,-3132.737973,2837.219588,295.3286263,LL
186.7987265,-182.3758903,-4.445021977,-3164.9463,2703.982033,460.7747224,LL
195.5558907,-191.9292591,-3.648775964,-3194.031318,2568.075829,625.7661575,LL
204.1200033,-201.2931902,-2.848916195,-3219.964319,2429.635093,790.1401028,LL
212.4826125,-210.4584426,-2.046232043,-3242.719716,2288.796456,953.7343432,LL
220.6354654,-219.4159713,-1.241515652,-3262.275046,2145.6989,1116.387429,LL
228.5705162,-228.1569363,-0.435561189,-3278.611017,2000.483655,1277.938843,LL
236.2799339,-236.6727112,0.370835975,-3291.7115,1853.294022,1438.229151,LL
243.7561103,-244.9548922,1.176880015,-3301.563573,1704.275266,1597.100169,LL
250.9916671,-252.9953055,1.981775471,-3308.157507,1553.574445,1754.395108,LL
257.979464,-260.7860164,2.784728,-3311.486802,1401.340288,1909.958739,LL
264.7126047,-268.3193363,3.584945193,-3311.548164,1247.723027,2063.637537,LL
271.1844444,-275.5878308,4.381637323,-3308.34154,1092.874268,2215.279841,LL
277.3885962,-282.5843267,5.174018161,-3301.870089,936.9468225,2364.735998,LL
283.3189374,-289.3019194,5.961305712,-3292.140202,780.0945789,2511.858514,LL
288.9696154,-295.7339793,6.742723029,-3279.161477,622.4723245,2656.502195,LL
294.3350537,-301.8741589,7.517498938,-3262.946726,464.2356201,2798.524296,LL
299.4099573,-307.7163984,8.284868836,-3243.511947,305.5406197,2937.784659,LL
304.1893178,-313.2549324,9.044075414,-3220.876326,146.5439425,3074.14585,LL
308.6684185,-318.4842949,9.794369435,-3195.062194,-12.59750732,3207.473296,LL
312.8428393,-323.3993252,10.53501044,-3166.095033,-171.7266699,3337.635421,LL
316.7084603,-327.9951727,11.26526752,-3134.003425,-330.6865106,3464.503769,LL
320.2614668,-332.267302,11.98441998,-3098.819046,-489.3201486,3587.953138,LL
323.4983522,-336.2114969,12.69175812,-3060.576613,-647.4710383,3707.861697,LL
326.4159223,-339.823865,13.38658387,-3019.313871,-804.9830972,3824.111111,LL
329.0112977,-343.1008413,14.06821153,-2975.071538,-961.7008864,3936.586655,LL
331.2819171,-346.0391918,14.73596841,-2927.893279,-1117.469738,4045.177332,LL
333.2255396,-348.6360168,15.38919552,-2877.82565,-1272.135933,4149.775973,LL
334.8402472,-350.8887535,16.0272482,-2824.918066,-1425.546829,4250.279354,LL
336.1244463,-352.7951786,16.64949677,-2769.222735,-1577.551034,4346.588288,LL
337.0768696,-354.3534109,17.25532714,-2710.794627,-1727.998531,4438.607732,LL
337.6965771,-355.5619125,17.84414144,-2649.691398,-1876.740854,4526.246872,LL
337.9829573,-356.4194908,18.41535857,-2585.973355,-2023.631205,4609.419221,LL
337.9357275,-356.9252994,18.96841482,-2519.703376,-2168.524629,4688.042696,LL
337.5549344,-357.0788391,19.50276437,-2450.946864,-2311.278125,4762.039706,LL
336.8409537,-356.8799585,20.0178799,-2379.77167,-2451.75082,4831.337224,LL
335.7944901,-356.3288538,20.51325305,-2306.248041,-2589.804078,4895.866863,LL
334.4165763,-355.4260689,20.98839494,-2230.448529,-2725.301663,4955.564939,LL
332.7085722,-354.1724947,21.44283667,-2152.447945,-2858.10985,5010.372539,LL
330.6721632,-352.5693684,21.87612975,-2072.323262,-2988.097579,5060.235571,LL
328.3093592,-350.618272,22.28784658,-1990.153557,-3115.136562,5105.10483,LL
325.6224919,-348.321131,22.67758085,-1906.019917,-3239.101432,5144.936033,LL
322.614213,-345.6802125,23.04494793,-1820.005377,-3359.869845,5179.689872,LL
319.2874912,-342.6981227,23.38958527,-1732.194818,-3477.322624,5209.33205,LL
315.6456096,-339.3778046,23.71115276,-1642.674903,-3591.34385,5233.833313,LL
311.6921623,-335.7225349,24.00933306,-1551.533972,-3701.821005,5253.16948,LL
307.4310509,-331.7359209,24.28383189,-1458.861976,-3808.645054,5267.321472,LL
302.8664806,-327.4218969,24.53437835,-1364.750366,-3911.710582,5276.275319,LL
298.0029561,-322.7847204,24.76072519,-1269.292024,-4010.915869,5280.022187,LL
292.8452771,-317.8289677,24.96264904,-1172.58115,-4106.163018,5278.558377,LL
287.3985335,-312.5595296,25.1399506,-1074.713191,-4197.358025,5271.885335,LL
281.6681007,-306.9816062,25.29245492,-975.7847265,-4284.410897,5260.009644,LL
275.659634,-301.1007024,25.42001149,-875.8933916,-4367.235718,5242.943027,LL
269.3790628,-294.9226219,25.52249442,-775.137762,-4445.750756,5220.702323,LL
262.8325856,-288.4534618,25.59980257,-673.6172765,-4519.87852,5193.309485,LL
256.0266626,-281.6996062,25.65185966,-571.4321184,-4589.545861,5160.791544,LL
248.9680108,-274.6677204,25.6786143,-468.6831372,-4654.684019,5123.180592,LL
241.6635959,-267.3647441,25.68004009,-365.4717286,-4715.228718,5080.513745,LLL
234.1206267,-259.7978845,25.65613563,-261.899755,-4771.1202,5032.833112,LLL
241.6844486,-236.6400133,-5.065902241,19.93895438,-4644.333301,4624.20353,LLL
235.9854611,-226.2699429,-9.739133012,140.7232685,-4673.962298,4533.023535,LLL
238.0212569,-207.7105172,-30.33433869,349.5340444,-4610.832284,4261.084619,LLL
234.3374232,-194.429523,-39.93137767,492.6979441,-4608.439369,4115.53117,LLL
233.3168031,-178.0626878,-55.27686348,661.7788295,-4575.100814,3913.121373,LLL
229.8446396,-163.740813,-66.12502309,806.7893251,-4560.659171,3753.688246,LLL
227.1056897,-148.297397,-78.82953802,954.4561376,-4538.264776,3583.625746,LLL
223.1514965,-133.6984155,-89.47459726,1093.920321,-4518.650609,3424.543847,LLL
219.2417144,-118.7027984,-100.5613016,1227.992051,-4498.888894,3270.699938,LLL
214.5888433,-104.1165312,-110.4957985,1359.93717,-4475.601711,3115.455349,LLL
209.7464773,-89.40512659,-120.3647302,1483.904385,-4454.531904,2970.420678,LLL
204.3515557,-74.95086296,-129.4236633,1608.119249,-4427.354185,2819.034068,LLL
198.6969834,-60.48048732,-138.2385937,1723.652944,-4402.899714,2679.056512,LLL
192.5759724,-46.22060274,-146.3766986,1840.368376,-4371.217867,2530.668248,LLL
186.1840685,-31.99581856,-154.2097603,1948.31355,-4342.174599,2393.676834,LLL
179.3731693,-17.97455044,-161.4206281,2057.790985,-4305.391787,2247.410399,LLL
172.3018735,-4.018791697,-168.3058885,2158.588939,-4271.007247,2112.218419,LLL
164.8447584,9.725312059,-174.5933823,2261.016802,-4228.648307,1967.42639,LLL
157.1453162,23.38030015,-180.5486747,2354.881779,-4188.446299,1833.363117,LLL
149.0875564,36.80913427,-185.9192014,2450.349049,-4140.18531,1689.641977,LLL
140.8076491,50.12675176,-190.9562258,2537.345968,-4093.889242,1556.356963,LLL
132.1947013,63.20097069,-195.4171949,2625.851351,-4039.541296,1413.506873,LLL
123.3808029,76.14245139,-199.5450922,2705.954901,-3987.015934,1280.873537,LLL
114.2587921,88.82258694,-203.1037681,2787.441778,-3926.50292,1138.867031,LLL
104.958042,101.3492079,-206.3301958,2860.581041,-3867.710407,1006.92878,LLL
95.37421832,113.5964633,-208.9937664,2934.961517,-3801.037505,865.8744524,LLL
85.63431647,125.6696494,-211.3266919,3001.035255,-3736.024003,734.7918834,LLL
75.63627707,137.4452942,-213.1037721,3068.195888,-3663.276139,594.8899024,LLL
65.50476152,149.0264936,-214.5530271,3127.078052,-3592.163342,464.8996591,LLL
55.14019824,160.2923075,-215.4542642,3186.889922,-3513.491076,326.4153259,LLL
44.66524576,171.3440046,-216.0313906,3238.45093,-3436.456702,197.8149304,LLL
33.98293035,182.0634045,-216.0689493,3290.791278,-3352.056963,61.06932746,LLL
23.21395784,192.5500618,-215.7869403,3334.913419,-3269.31912,-65.79407024,LLL
12.26364256,202.6883432,-214.9748237,3379.671611,-3179.428896,-200.4409306,LLL
1.250576975,212.576004,-213.8490322,3416.247051,-3091.247701,-325.1927976,LLL
-9.917848505,222.0998336,-212.204026,3453.32122,-2996.146857,-457.3628807,LLL
-21.12507118,231.3559506,-210.2527223,3482.252683,-2902.823156,-579.6161299,LLL
-32.46148385,240.2337914,-207.7943019,3511.557147,-2802.826295,-708.9195217,LLL
-43.81237231,248.8280988,-205.0380936,3532.769937,-2704.688839,-828.2744751,LLL
-55.26590599,257.0310428,-201.7878416,3554.245856,-2600.13373,-954.3092747,LLL
-66.70931338,264.9359747,-198.2494689,3567.692913,-2497.53311,-1070.357943,LLL
-78.22881448,272.4376023,-194.2313978,3581.306437,-2388.781433,-1192.720373,LLL
-89.71372216,279.62782,-189.9363608,3586.962696,-2282.09452,-1305.059428,LLL
-101.2484237,286.4038321,-185.177407,3592.700892,-2169.534642,-1423.354427,LLL
-112.7242048,292.8562615,-180.1540292,3590.564163,-2059.162314,-1531.590126,LLL
-124.2235295,298.8849726,-174.6836392,3588.441089,-1943.201727,-1645.430441,LLL
-135.6395546,304.5794901,-168.9624405,3578.539927,-1829.559427,-1749.175371,LLL
-147.0529057,309.8423231,-162.8121155,3568.601722,-1710.617994,-1858.1806,LLL
-158.3587425,314.7618345,-156.4257537,3550.995313,-1594.134085,-1957.057483,LLL
-169.6360833,319.2430138,-149.6293587,3533.315588,-1472.646811,-2060.861983,LLL
-180.7821754,323.3730424,-142.6130286,3508.088202,-1353.7662,-2154.512163,LLL
-191.8744803,327.0594031,-135.206956,3482.765409,-1230.183849,-2252.770311,LLL
-202.8122192,330.3882704,-127.5981658,3450.028252,-1109.364045,-2340.854257,LLL
-213.6712538,333.269723,-119.6208134,3417.190693,-984.1459704,-2433.237531,LLL
-224.3527438,335.7890218,-111.4588411,3377.086632,-861.8501135,-2515.431949,LLL
-234.931083,337.8587649,-102.9503158,3336.893805,-735.4605825,-2601.629202,LLL
-245.3094973,339.5632253,-94.27624793,3289.59458,-612.1578442,-2677.631249,LLL
-255.5610897,340.8173947,-85.27860905,3242.23203,-485.0687304,-2757.355093,LLL
-265.5911822,341.7045781,-76.13552661,3187.933928,-361.236103,-2826.887746,LLL
-275.4715982,342.1421963,-66.69270596,3133.612155,-233.925385,-2899.876528,LLL
-285.1096582,342.2127284,-57.12531008,3072.538261,-110.0427761,-2962.687057,LLL
-294.5759056,341.8360676,-47.28259645,3011.496284,17.01174831,-3028.701859,LLL
-303.7796703,341.0938965,-37.33678802,2943.89854,140.466346,-3084.560192,LLL
-312.7903604,339.908474,-27.14065944,2876.402723,266.7887118,-3143.386295,LLL
-321.5194164,338.3606196,-16.86360744,2802.557923,389.3381027,-3192.089169,LLL
-330.0352342,336.3748681,-6.361869123,2728.897279,514.4524142,-3243.540761,LLL
-338.2513531,334.0312185,4.197986635,2649.104114,635.6202155,-3284.914566,LLL
-346.2351502,331.2565157,14.95644138,2569.590205,759.0535623,-3328.834618,LLL
-353.9021899,328.1300379,25.74981867,2484.17121,878.3692125,-3362.733099,LLL
-361.3188627,324.5809302,36.71545863,2399.140062,999.6566813,-3398.990977,LLL
-368.4027928,320.6877354,47.69253348,2308.441511,1116.658465,-3425.294754,LLL
-375.2195179,316.3817832,58.81527717,2218.250886,1235.343574,-3453.78825,LLL
-381.6887885,311.7408295,69.92563564,2122.638521,1349.577539,-3472.408282,LLL
-387.8753645,306.698326,81.15482726,2027.664071,1465.211604,-3493.066553,LLL
-393.7010835,301.3312905,92.34760192,1927.521232,1576.232926,-3503.944988,LLL
-399.2299178,295.5753137,103.632334,1828.156769,1688.378585,-3516.727158,LLL
-404.3857412,289.5067307,114.856619,1723.885573,1795.756016,-3519.834927,LLL
-409.2317901,283.0632212,126.1460935,1620.5434,1903.99084,-3524.728436,LLL
-413.6940145,276.3203968,137.351148,1512.563077,2007.308333,-3520.0655,LLL
-417.8350239,269.2179137,148.5947261,1405.670506,2111.224636,-3517.08807,LLL
-421.582874,261.8306242,159.7299729,1294.413411,2210.080654,-3504.685791,LLL
-424.9995841,254.1001155,170.8772502,1184.409805,2309.285832,-3493.88668,LLL
-428.0152624,246.100522,181.8924982,1070.320246,2403.295467,-3473.807204,LLL
-430.6913312,237.7753546,192.8936482,957.6571921,2497.415458,-3455.265157,LLL
-432.959918,229.1980465,203.7394538,841.191665,2586.213935,-3427.599212,LLL
-434.8819056,220.3139553,214.5454974,726.331998,2674.895495,-3401.421386,LLL
-436.391472,211.1957598,225.1732979,607.9565641,2758.138796,-3366.288777,LLL
-437.5490378,201.7905619,235.7361447,491.3707362,2841.049095,-3332.612167,LLL
-438.2908281,192.1702626,246.0983068,371.5576032,2918.413733,-3290.162906,LLL
-438.6768112,182.2836693,256.3708993,253.7214799,2995.241316,-3249.15419,LLL
-438.6451996,172.201932,266.4209784,132.948173,3066.42665,-3199.566899,LLL
-438.2555066,161.8755313,276.3576101,14.34284096,3136.884355,-3151.420133,LLL
-437.4479093,151.374853,286.0506366,-106.9084606,3201.614993,-3094.900136,LLL
-436.2815181,140.6519593,295.6071394,-225.7985735,3265.441103,-3039.836005,LLL
-434.6984881,129.7764159,304.899705,-347.0440636,3323.466868,-2976.615668,LLL
-432.7575724,118.7017773,314.0334955,-465.7345675,3380.424677,-2914.882116,LLL
-430.4028743,107.4967728,322.8838412,-586.4915773,3431.520739,-2845.220805,LLL
-427.6927806,96.11640981,331.554098,-704.4997529,3481.399763,-2777.091807,LLL
-424.573282,84.6285909,339.9223659,-824.2874895,3525.368692,-2701.273717,LLL
-421.1023991,72.9897236,348.0902934,-941.1329258,3567.986767,-2627.046968,LLL
-417.2279892,61.26685004,355.9387329,-1059.473818,3604.659864,-2545.379468,LLL
-413.0077452,49.41768202,363.5676788,-1174.680769,3639.863408,-2465.375696,LLL
-408.3913837,37.50834967,370.8607015,-1291.103471,3669.100252,-2378.189255,LLL
-403.4362869,25.49779149,377.9162095,-1404.203746,3696.763854,-2292.751997,LLL
-398.0939812,13.45121267,384.6204951,-1518.245266,3718.452588,-2200.399161,LLL
-392.4215173,1.328734821,391.0704815,-1628.779461,3738.480121,-2109.89282,LLL
-386.3721718,-10.80536855,397.1551922,-1739.985936,3752.538944,-2012.745794,LLL
-380.0026629,-22.9898593,402.9701384,-1847.50445,3764.864743,-1917.553429,LLL
-373.2679922,-35.16143973,408.4070467,-1955.432886,3771.242288,-1816.002563,LLL
-366.2245669,-47.35784761,413.5600607,-2059.498363,3775.830737,-1716.525081,LLL
-358.8290858,-59.51680527,418.3235801,-2163.719311,3774.505341,-1610.978277,LLL
-351.1376384,-71.67509346,422.7904469,-2263.908936,3771.350449,-1507.633432,LLL
-343.1085583,-83.77146699,426.8577345,-2364.008046,3762.330382,-1398.514411,LLL
-334.7975895,-95.84179787,430.6170645,-2459.91449,3751.456526,-1291.734472,LLL
-326.1646418,-107.8258925,433.9681756,-2555.493349,3734.780757,-1179.480313,LLL
-317.2651087,-119.7587872,437.0015206,-2646.726,3716.242965,-1069.709996,LLL
-308.0604432,-131.5813863,439.6194668,-2737.403958,3691.98075,-954.769685,LLL
-298.6056914,-143.3279742,441.9113349,-2823.591146,3665.863799,-842.4651086,LLL
-288.863804,-154.9405884,443.7820918,-2909.007476,3634.113755,-725.2984324,LLL
-278.8894559,-166.4528195,445.3199839,-2989.798135,3600.531641,-610.9255374,LLL
-268.6470254,-177.8078509,446.432569,-3069.613092,3561.421719,-492.0009202,LLL
-258.1907847,-189.0386309,447.2070787,-3144.677486,3520.517868,-376.0329924,LLL
-247.4864818,-200.0895146,447.5536368,-3218.573132,3474.205364,-255.825144,LLL
-236.5879744,-210.9928805,447.5584931,-3287.604093,3426.152127,-138.7409052,LLL
-225.4623383,-221.6942977,447.1342935,-3355.285956,3372.822656,-17.7293648,LLL
-214.1630038,-232.2256466,446.3663346,-3418.000675,3317.820054,99.98831657,LLL
-202.658315,-242.5337362,445.1697528,-3479.199288,3257.686444,221.3206882,LLL
-191.0012396,-252.6499984,443.628937,-3535.340363,3195.961442,339.1867482,LLL
-179.1613179,-262.5224949,441.6614926,-3589.811887,3129.26333,460.3560982,LLL
-167.1910212,-272.1822603,439.3509385,-3639.147829,3061.069455,577.885684,LLL
-155.061028,-281.5786358,436.6173098,-3686.674762,2988.072596,698.4093225,LLL
-142.8232947,-290.7423248,433.5432725,-3729.001046,2913.688797,815.1195463,LLL
-130.4495872,-299.6239816,430.0512417,-3769.393506,2834.683595,934.5174159,LLL
-117.9913212,-308.2540364,426.2230498,-3804.533792,2754.412728,1049.928828,LLL
-105.4212831,-316.5844727,421.9834548,-3837.630405,2669.712945,1167.725248,LLL
-92.79030668,-324.6454894,417.4134858,-3865.437021,2583.880791,1281.363925,LLL
-80.07212709,-332.3904095,412.4402083,-3891.10515,2493.82272,1397.089866,LLL
-67.31696194,-339.8492476,407.1438664,-3911.459336,2402.77704,1508.489599,LLL
-54.49943718,-346.9766891,401.4537813,-3929.595551,2307.71823,1621.684581,LLL
-41.66913,-353.8026197,395.4494161,-3942.408168,2211.827151,1730.38846,LLL
-28.80150022,-360.2831089,389.0622927,-3952.939016,2112.144635,1840.601994,LLL
-15.94545044,-366.447957,382.3711024,-3958.151137,2011.794956,1946.163952,LLL
-3.077204551,-372.2546244,375.3095233,-3961.033409,1907.883784,2052.957336,LLL
9.755052052,-377.7328588,367.9554893,-3958.616286,1803.479719,2154.944161,LLL
22.57439959,-382.8415174,360.2447862,-3953.836862,1695.751729,2257.892524,LLL
35.33340329,-387.6103345,352.2545921,-3943.791864,1587.713482,2355.885726,LLL
48.05450429,-391.9995786,343.9227394,-3931.367843,1476.595591,2454.579623,LLL
60.69104663,-396.0390123,335.325643,-3913.726705,1365.357448,2548.176812,LLL
73.26489207,-399.6903241,326.4031218,-3893.705602,1251.289706,2642.223562,LLL
85.730201,-402.9833338,317.2308274,-3868.530402,1137.298217,2731.039927,LLL
98.10832378,-405.8811469,307.7505126,-3840.989837,1020.732193,2820.065282,LLL
110.3542774,-408.4136635,298.0370644,-3808.37249,904.4446707,2903.735348,LLL
122.4889632,-410.5454049,288.0341106,-3773.419667,785.841885,2987.385173,LLL
134.4682856,-412.3063802,277.8157618,-3733.481514,667.7246464,3065.564277,LLL
146.3127514,-413.6625297,267.3274526,-3691.252941,547.5546073,3143.505804,LLL
157.9791815,-414.643998,256.6425015,-3644.144499,428.0809087,3215.871218,LLL
169.4877463,-415.2181396,245.708086,-3594.805605,306.8191001,3287.794187,LLL
180.79622,-415.4152493,234.5967219,-3540.705961,186.4672781,3354.046382,LLL
191.9244988,-415.204083,223.2572701,-3484.450287,64.5934438,3419.664424,LLL
202.8313446,-414.6150982,211.7614305,-3423.566185,-56.15476529,3479.528451,LLL
213.5364343,-413.618442,200.0596799,-3360.614501,-178.1583989,3538.580321,LLL
223.9995443,-412.2447505,188.2228805,-3293.179564,-298.8197979,3591.806843,LLL
234.2401816,-410.465553,176.2030535,-3223.77916,-420.4705842,3644.057293,LLL
244.2191639,-408.3116748,164.0702009,-3150.053132,-540.5625883,3690.423388,LLL
253.9558817,-405.7560093,151.7778213,-3074.476907,-661.3794337,3735.664015,LLL
263.4122253,-402.8295731,139.3950384,-2994.74456,-780.4219021,3774.97412,LLL
272.6075219,-399.5066009,126.876763,-2913.289788,-899.9270067,3813.024341,LLL
281.5047615,-395.8183014,114.2912179,-2827.859651,-1017.443996,3845.111149,LLL
290.1232532,-391.7402308,101.5946544,-2740.846775,-1135.164704,3875.818947,LLL
298.4271071,-387.3037921,88.85436613,-2650.050002,-1250.686427,3900.543977,LLL
306.4356568,-382.485841,76.02787225,-2557.821509,-1366.157235,3923.786348,LLL
314.1141538,-377.3179714,63.18151063,-2462.010671,-1479.22202,3941.040375,LLL
321.4820012,-371.7783082,50.27400048,-2364.929741,-1591.986413,3956.723811,LLL
328.5056148,-365.8986255,37.37070001,-2264.47734,-1702.142422,3966.427388,LLL
335.2045093,-359.6582857,24.43146034,-2162.926285,-1811.754547,3974.488367,LLL
341.5462819,-353.089233,11.52063185,-2058.223197,-1918.561485,3976.592205,LLL
347.5505935,-346.1720366,-1.400874755,-1952.601971,-2024.58793,3976.99742,LLL
353.1862355,-338.9388005,-14.26974816,-1844.056006,-2127.618871,3971.482478,LLL
358.4730478,-331.3712666,-27.12408905,-1734.780733,-2229.640483,3964.228854,LLL
363.3810293,-323.5016816,-39.90165317,-1622.815067,-2328.483606,3951.106356,LLL
367.930233,-315.3129204,-52.63961939,-1510.316359,-2426.097103,3936.2211,LLL
372.0918774,-306.8373512,-65.27683724,-1395.367763,-2520.357214,3915.532584,LLL
375.8862578,-298.058941,-77.84963134,-1280.08893,-2613.176688,3893.07316,LLL
379.2858186,-289.010159,-90.29797511,-1162.606023,-2702.476753,3864.890331,LLL
382.3111204,-279.6760246,-102.6574087,-1045.001372,-2790.135243,3834.944182,LLL
384.9358367,-270.0890854,-114.8690598,-925.4429296,-2874.117962,3799.368531,LLL
387.1808153,-260.2353696,-126.9677507,-805.9760414,-2956.268965,3762.052663,LLL
389.0209616,-250.1474755,-138.8957906,-684.8091948,-3034.598185,3719.215057,LLL
390.4774316,-239.8123914,-150.687347,-563.9510323,-3110.916971,3674.675629,LLL
391.5263634,-229.2627368,-162.2859368,-441.6493372,-3183.278927,3624.735867,LLL
392.1892369,-218.4864124,-173.7251365,-319.8763376,-3253.463766,3573.147664,LLL
392.4434171,-207.5160292,-184.9496992,-196.9179136,-3319.568328,3516.293833,LLL
392.3107189,-196.3403528,-195.9926743,-74.71016592,-3383.341737,3457.859512,LLL
391.7697266,-184.9919538,-206.8000776,48.42412427,-3442.923625,3394.307167,LLL
390.8425996,-173.4604112,-217.4044914,170.5847416,-3500.033499,3329.256423,LLL
389.5091335,-161.7782197,-227.7532176,293.4132147,-3552.853297,3259.247753,LLL
387.7918396,-149.9357176,-237.8784281,415.0449963,-3603.073843,3187.836467,LLL
385.6717128,-137.9652873,-247.7287339,537.087109,-3648.918892,3111.639394,LLL
383.1716183,-125.8579737,-257.3359534,657.7104429,-3692.051498,3034.148642,LLL
380.2737334,-113.6460107,-266.6500299,778.488661,-3730.736758,2952.055722,LLL
377.0012759,-101.3210967,-275.7024836,897.6278671,-3766.610833,2868.790606,LLL
373.3375869,-88.91527873,-284.4446102,1016.669508,-3797.979656,2781.117831,LLL
369.3062338,-76.42085248,-292.9076828,1133.854711,-3826.453309,2692.406267,LLL
364.8917016,-63.86963755,-301.0443668,1250.693847,-3850.378023,2599.491843,LLL
360.1179014,-51.25447014,-308.885736,1365.46288,-3871.33857,2505.683314,LLL
354.9704383,-38.6069019,-316.3858424,1479.642212,-3887.720944,2407.886357,LLL
349.4735564,-25.92025426,-323.5756076,1591.542441,-3901.085356,2309.350531,LLL
343.6139529,-13.22577096,-330.4104854,1702.615069,-3909.857021,2207.049608,LLL
337.4161917,-0.517202768,-336.92129,1811.205133,-3915.572297,2104.174829,LLL
330.8680328,12.17455619,-343.0648888,1918.736299,-3916.69504,1997.766434,LLL
323.994345,24.85538325,-348.8720283,2023.587867,-3914.738398,1890.958202,LLL
316.7839205,37.49477654,-354.3009985,2127.156713,-3908.204273,1780.855228,LLL
309.2619147,50.09829827,-359.3825158,2227.856209,-3898.583208,1670.534634,LLL
301.418117,62.63588023,-364.0763003,2327.057448,-3884.414548,1557.164746,LLL
293.2779475,75.11282471,-368.4130741,2423.207673,-3867.166817,1443.766788,LLL
284.8321552,87.49953804,-372.3539934,2517.653159,-3845.416183,1327.570704,LLL
276.1064009,99.80111794,-375.9298172,2608.874822,-3820.609682,1211.542542,LLL
267.0923548,111.988487,-379.1031397,2698.195079,-3791.359656,1092.972277,LLL
257.8158925,124.066594,-381.9047851,2784.128321,-3759.092133,974.771487,LLL
248.2695651,136.0069192,-384.2987841,2867.974035,-3722.454962,854.2886005,LLL
238.4794345,147.8143163,-386.3160512,2948.279871,-3682.853608,734.3813876,LLL
228.4388888,159.4608626,-387.9220514,3026.323267,-3638.970755,612.4551558,LLL
218.1741446,170.9513689,-389.1478121,3100.684901,-3592.191723,491.3144919,LLL
207.6793815,182.2585483,-389.9602269,3172.621013,-3541.233337,368.4200242,LLL
196.9809383,193.3872205,-390.3904549,3240.745074,-3487.461142,246.5237639,LLL
186.0737398,204.3107728,-390.4068088,3306.292957,-3429.625381,123.1401301,LLL
174.9842128,215.0340843,-390.0405939,3367.910681,-3369.072145,0.969146441,LLL
163.7079793,225.5312539,-389.2615309,3426.814543,-3304.584364,-122.4224939,LLL
152.2715172,235.8072684,-388.1010832,3481.682843,-3237.488973,-244.3862001,LLL
140.6710957,245.8369726,-386.5303653,3533.713047,-3166.600845,-367.3045105,LLL
128.9332051,255.6255075,-384.5810083,3581.615452,-3093.228025,-488.5797351,LLL
117.0547109,265.1484976,-382.2255031,3626.569406,-3016.216566,-610.545124,LLL
105.0620769,274.4112829,-379.4956537,3667.316912,-2936.855841,-730.6533644,LLL
92.95271291,283.3902999,-376.3653071,3705.019883,-2854.022301,-851.1898685,LLL
80.75301596,292.0911309,-372.8664417,3738.451717,-2768.986831,-969.6571935,LLL
68.46088797,300.4910544,-368.9742376,3768.757535,-2680.65549,-1088.294346,LLL
56.10261696,308.595935,-364.7208469,3794.741792,-2590.280835,-1204.653267,LLL
43.67654283,316.383921,-360.0827578,3817.533416,-2496.797734,-1320.927971,LLL
31.20880203,323.8611969,-355.0922918,3835.967564,-2401.440546,-1434.719307,LLL
18.69811853,331.0068064,-349.727217,3851.157535,-2303.172131,-1548.177675,LLL
6.170434444,337.8272903,-344.0200167,3861.968821,-2203.208743,-1658.95236,LLL
-6.375196159,344.3026112,-337.9497074,3869.499622,-2100.540403,-1769.151497,LLL
-18.91306883,350.4396995,-331.5489233,3872.645375,-1996.365328,-1876.472342,LLL
-31.4438539,356.2194575,-324.7978963,3872.489668,-1889.699866,-1982.982087,LLL
-43.94212869,361.6492351,-317.7293985,3867.957463,-1781.724244,-2086.425508,LLL
-56.40834259,366.7108927,-310.3248413,3860.118182,-1671.480301,-2188.830151,LLL
-68.81739855,371.4122267,-302.6171184,3847.925877,-1560.130291,-2287.987858,LLL
-81.16957897,375.7360716,-294.5887825,3832.436218,-1446.740692,-2385.887785,LLL
-93.44015575,379.6906956,-286.2728297,3812.631892,-1332.45578,-2480.368384,LLL
-105.6292977,383.2599202,-277.6529128,3789.555192,-1216.365815,-2573.381643,LLL
-117.7126889,386.4525072,-268.7621086,3762.216964,-1099.597071,-2662.812173,LLL
-129.6904376,389.2532752,-259.5851276,3731.646455,-981.2627343,-2750.575988,LLL
-141.5386834,391.6714977,-250.1551037,3696.882169,-862.4710381,-2834.603401,LLL
-153.2575262,393.6929978,-240.4577601,3658.9406,-742.3572402,-2916.775613,LLL
-164.8236029,395.3275763,-230.5262613,3616.887392,-622.0114706,-2995.068179,LLL
-176.2370563,396.5620653,-220.3472968,3571.72655,-500.5901984,-3071.328599,LLL
-187.4750611,397.4068056,-209.9540323,3522.550316,-379.1653734,-3143.577203,LLL
-198.5378529,397.84964,-199.3340749,3470.350433,-256.9138178,-3213.628869,LLL
-209.4031848,397.9014583,-188.5205613,3414.24518,-134.8892149,-3279.548228,LLL
-220.0714333,397.5511122,-177.5019662,3355.214222,-12.2878896,-3343.118582,LLL
-230.5209687,396.8100469,-166.3113648,3292.401292,109.8548375,-3402.448382,LLL
-240.7523562,395.6681183,-154.9380481,3226.774133,232.3239862,-3459.290357,LLL
-250.7446201,394.1373296,-143.4149951,3157.501332,354.1027069,-3511.796283,LLL
-260.4985591,392.2085339,-131.7322603,3085.53883,475.9582073,-3561.689274,LLL
-269.9938873,389.8942925,-119.9226907,3010.079453,596.8922245,-3607.163925,LLL
-279.2316804,387.186445,-107.9770501,2932.067431,717.654987,-3649.914657,LLL
-288.1923762,384.0981071,-95.9280162,2850.719186,837.2669355,-3688.178368,LLL
-296.8773687,380.6220918,-83.76700782,2766.967295,956.4621393,-3723.621668,LLL
-305.2678515,376.7720624,-71.52649497,2680.051126,1074.279863,-3754.523225,LLL
-313.3655766,372.5417887,-59.19849572,2590.891625,1191.438827,-3782.522675,LLL
-321.1525229,367.9454725,-46.81523296,2498.750439,1306.997243,-3805.939912,LLL
-328.6308367,362.9778211,-34.36926768,2404.536886,1421.65928,-3826.38839,LLL
-335.7833102,357.6535623,-21.89253535,2307.534211,1534.502222,-3842.228665,LLL
-342.6125186,351.9683189,-9.378083378,2208.640075,1646.216465,-3855.048765,LLL
-349.1020927,345.9373291,3.142480932,2107.158622,1755.898478,-3863.249329,LLL
-355.2550687,339.5571062,15.67568033,2003.975803,1864.225651,-3868.393671,LLL
-361.0559388,332.8433803,28.19027691,1898.415951,1970.31375,-3868.921921,LLL
-366.5082293,325.7935277,40.69242039,1791.353231,2074.827904,-3866.373344,LLL
-371.5973142,318.4237493,53.15128383,1682.131451,2176.903281,-3859.226949,LLL
-376.3272364,310.7322548,65.57270058,1571.61289,2277.193477,-3848.998578,LLL
-380.684269,302.735692,77.92629621,1459.160105,2374.853163,-3834.205485,LLL
-384.6729955,294.4330711,90.2176438,1345.623367,2470.525099,-3816.340675,LLL
-388.280603,285.8414602,102.4168626,1230.383246,2563.383545,-3793.959004,LLL
-391.5122361,276.9606354,114.5293211,1114.27787,2654.061108,-3768.531178,LLL
-394.3560085,267.8080561,126.5256732,996.7050782,2741.75171,-3738.648993,LLL
-396.8176434,258.3842271,138.4111374,878.4907005,2827.07846,-3705.761357,LLL
-398.8861899,248.7069682,150.156943,759.049107,2909.255006,-3668.496316,LLL
-400.5679647,238.7774734,161.7682127,639.1936578,2988.895588,-3628.281443,LLL
-401.8529586,228.6138898,173.2167904,518.3545058,3065.233628,-3583.780336,LLL
-402.7480934,218.2180593,184.507756,397.3323591,3138.875097,-3536.39965,LLL
-403.2443048,207.6084204,195.6136067,275.5724049,3209.073217,-3484.837819,LLL
-403.3491283,196.7874203,206.5394308,153.8625046,3276.426269,-3430.48096,LLL
-403.0544451,185.7737517,217.2584166,31.66213389,3340.207286,-3372.06161,LLL
-402.3684093,174.5704219,227.7757109,-90.25389392,3401.007401,-3310.945691,LLL
-401.2838447,163.196339,238.0652292,-212.4125579,3458.119454,-3245.899086,LLL
-399.8095264,151.6550246,248.1322255,-334.0523027,3512.127946,-3178.267826,LLL
-397.939215,139.9655615,257.9513775,-455.6873017,3562.345494,-3106.850379,LLL
-395.6823058,128.1319378,267.5280924,-576.5694733,3609.35045,-3032.973154,LLL
-393.0334874,116.173369,276.8378433,-697.2009184,3652.475158,-2955.466421,LLL
-390.0027712,104.0942609,285.8862355,-816.8472473,3692.292273,-2875.637198,LLL
-386.5857621,91.91391869,294.6495689,-935.9992129,3728.153798,-2792.346761,LLL
-382.7930802,79.6371165,303.1336894,-1053.936335,3760.627106,-2706.88294,LLL
-378.6212321,67.28320494,311.315753,-1171.138735,3789.083766,-2618.137206,LLL
-374.0814364,54.85727573,319.2018868,-1286.900059,3814.086257,-2527.378366,LLL
-369.1710836,42.37868006,326.77013,-1401.6905,3835.025596,-2433.527268,LLL
-363.9019778,29.8527761,334.0269285,-1514.818049,3852.459718,-2337.833832,LLL
-358.272373,17.29886991,340.9512304,-1626.743659,3865.798943,-2239.247449,LLL
-352.2946425,4.722534623,347.5498355,-1736.789878,3875.596983,-2138.999262,LLL
-345.9678805,-7.857014835,353.8026232,-1845.409094,3881.283296,-2036.066363,LLL
-339.3050104,-20.43404213,359.7167806,-1951.938615,3883.407652,-1931.661193,LLL
-332.3059407,-32.98946975,365.2731387,-2056.822921,3881.418457,-1824.787696,LLL
-324.984123,-45.51745001,370.4793016,-2159.414276,3875.861788,-1716.639665,LLL
-317.3402516,-57.99908919,375.3170697,-2260.149897,3866.20478,-1606.247038,LLL
-309.388282,-70.42847997,379.7944913,-2358.397189,3852.990032,-1494.784991,LLL
-301.1296632,-82.78695865,383.8943515,-2454.586725,3835.703167,-1381.308592,LLL
-292.5788273,-95.06860958,387.6251668,-2548.101224,3814.883486,-1266.974405,LLL
-283.7379444,-107.2550449,390.9707195,-2639.365215,3790.034829,-1150.861762,LLL
-274.621894,-119.3403915,393.9400159,-2727.776893,3761.693349,-1034.108598,LLL
-265.2335314,-131.3065826,396.5178447,-2813.755318,3729.380812,-915.8176387,LLL
-255.5881515,-143.1478376,398.7137201,-2896.714308,3693.630331,-797.1081616,LLL
-245.6892572,-154.8464559,400.5134444,-2977.068006,3653.981279,-677.1054139,LLL
-235.5525248,-166.3967983,401.9270548,-3054.245982,3610.963813,-556.9099637,LLL
-225.1820645,-177.7815739,402.9413704,-3128.657991,3564.134566,-435.6687101,LLL
-214.5938982,-188.9953334,403.5669639,-3199.749466,3514.020785,-314.463448,LLL
-203.7927017,-200.0212379,403.7916722,-3267.926273,3460.195999,-192.4618591,LLL
-192.7948041,-210.8540749,403.6266118,-3332.6498,3403.184561,-70.72688795,LLL
-181.6054035,-221.4774991,403.0606357,-3394.322499,3342.576504,51.55386531,LLL
-170.2410969,-231.8865797,402.10541,-3452.421784,3278.893267,173.3363938,LLL
-158.7075592,-242.0655052,400.7507982,-3507.347136,3211.740973,295.4140376,LLL
-147.0216141,-252.0096705,399.0090187,-3558.592048,3141.638105,416.7618242,LLL
-135.1893671,-261.7038359,396.8709374,-3606.553445,3068.206439,538.1548853,LLL
-123.2278258,-271.1437639,394.3493244,-3650.740924,2991.961423,658.587386,LLL
-111.1434785,-280.3148234,391.4360369,-3691.54924,2912.540029,778.8170923,LLL
-98.95347315,-289.2131844,388.1443928,-3728.504098,2830.45457,897.8574148,LLL
-86.6646321,-297.824859,384.4672266,-3761.998435,2745.356736,1016.449585,LLL
-74.29419855,-306.1464629,380.4183973,-3791.574046,2657.755569,1133.626369,LLL
-61.84927959,-314.1646836,375.9916994,-3817.622373,2567.316981,1250.113282,LLL
-49.34716803,-321.8766184,371.2015229,-3839.701253,2474.546591,1364.962558,LLL
-36.79520534,-329.2696609,366.042603,-3858.200922,2379.124015,1478.884801,LLL
-24.21068762,-336.3414228,360.5298475,-3872.695192,2281.55127,1590.951821,LLL
-11.60114003,-343.080032,354.6589093,-3883.573347,2181.521142,1701.860101,LLL
1.016184811,-349.4836457,348.4451985,-3890.425076,2079.531843,1810.701134,LLL
13.63362904,-355.5411515,341.8852604,-3893.638937,1975.288786,1918.158052,LLL
26.23403056,-361.2512805,334.9949882,-3892.820374,1869.286149,2023.342131,LLL
38.80964985,-366.603703,327.7717917,-3888.35741,1761.24141,2126.923905,LLL
51.34346249,-371.5977496,320.232026,-3879.871093,1651.644473,2228.03453,LLL
63.82769827,-376.2238935,312.3739344,-3867.749067,1540.224304,2327.332671,LLL
76.24551745,-380.4820877,304.2143097,-3851.62781,1427.466272,2423.969451,LLL
88.58916983,-384.3636262,295.752196,-3831.894713,1313.11025,2518.592374,LLL
100.842047,-387.869104,287.0047969,-3808.201477,1197.636789,2610.372605,LLL
112.996469,-390.9906505,277.9719218,-3780.935334,1080.796075,2699.947175,LLL
125.0361049,-393.7295201,268.6711558,-3749.762982,963.0635524,2786.50735,LLL
136.9533943,-396.0786895,259.1030362,-3715.071548,844.1991159,2870.680351,LLL
148.7323294,-398.0400864,249.2854982,-3676.542471,724.6727976,2951.677598,LLL
160.3655182,-399.6075437,239.219767,-3634.562804,604.253596,3030.117131,LLL
171.8373204,-400.7836732,228.9240946,-3588.828443,483.4058133,3105.230558,LLL
183.1405599,-401.5631701,218.4003522,-3539.726363,361.9069409,3177.627349,LLL
194.2600076,-401.9493382,207.667073,-3486.966611,240.2152261,3246.559316,LLL
205.1887495,-401.9377378,196.7267309,-3430.936045,118.1160394,3312.627936,LLL
215.9120101,-401.5323697,185.5981026,-3371.358532,-3.938759262,3375.105227,LLL
226.4231825,-400.729659,174.2842197,-3308.620752,-126.1565338,3434.58522,LLL
236.7079855,-399.5343051,162.8040632,-3242.460031,-248.0921488,3490.360119,LLL
246.7601628,-397.9435949,151.161176,-3173.262775,-369.9463153,3543.017028,LLL
256.5659667,-395.9629249,139.3747024,-3100.779393,-491.2809627,3591.868298,LLL
266.119533,-393.5904374,127.4486489,-3025.395891,-612.2907588,3637.494591,LLL
275.4076852,-390.8322216,115.4022812,-2946.87536,-732.5450398,3679.228346,LLL
284.4249911,-387.687266,103.2400199,-2865.603256,-852.2330345,3717.644236,LLL
293.1588807,-384.1623445,90.98120926,-2781.354927,-970.9318269,3752.094704,LLL
301.6043915,-380.2572799,78.63063417,-2694.515104,-1088.825804,3783.148858,LLL
309.7495935,-375.9795204,66.20767283,-2604.870946,-1205.500137,3810.179037,LLL
317.5900296,-371.3297072,53.71742386,-2512.806257,-1321.134961,3833.74917,LLL
325.1144414,-366.3159493,41.17925452,-2418.119545,-1435.323865,3853.251367,LLL
332.3189098,-360.9396887,28.59852573,-2321.193463,-1548.243312,3869.244731,LLL
339.1928772,-355.2096782,15.99454821,-2221.837385,-1659.495639,3881.140985,LLL
345.7329935,-349.1281395,3.372893503,-2120.432567,-1769.254202,3889.494729,LLL
351.929428,-342.70445,-9.247230256,-2016.798752,-1877.130405,3893.737122,LLL
357.7794282,-335.9415873,-21.8600928,-1911.315529,-1983.295049,3894.418542,LLL
363.2739144,-328.8495313,-34.44663479,-1803.812499,-2087.368917,3890.989384,LLL
368.4107568,-321.431989,-47.00101916,-1694.667296,-2189.52079,3883.996054,LLL
373.1816483,-313.6995177,-59.50438163,-1583.718852,-2289.381128,3872.907952,LLL
377.5851044,-305.6565251,-71.95083005,-1471.342547,-2387.117214,3858.267731,LLL
381.6136093,-297.3141184,-84.3217413,-1357.386101,-2482.369465,3839.563542,LLL
385.2663439,-288.6773745,-96.61121953,-1242.222318,-2575.304172,3817.334465,LLL
388.536599,-279.7579204,-108.8009285,-1125.707163,-2665.571981,3791.087123,LLL
391.4242383,-270.5614685,-120.8850193,-1008.210529,-2753.338665,3761.357172,LLL
393.9233721,-261.1001335,-132.8454879,-889.5960663,-2838.265353,3727.669402,LLL
396.0345606,-251.3802271,-144.6765825,-770.2304125,-2920.517765,3690.556159,LLL
397.7527438,-241.4143171,-156.3606753,-649.9843382,-2999.767746,3649.56007,LLL
399.079189,-231.2092766,-167.8921608,-529.2208701,-3076.181397,3605.210252,LLL
400.0096733,-220.7780901,-179.2538313,-407.81733,-3149.441496,3557.066816,LLL
400.5461791,-210.1281516,-190.4402753,-286.1327686,-3219.714938,3505.655696,LLL
400.6853238,-199.2728239,-201.4347473,-164.0504859,-3286.695631,3450.55411,LLL
400.4298101,-188.2199805,-212.2320768,-41.92518563,-3350.551649,3392.284828,LLL
399.7770968,-176.983322,-222.8160218,80.35442834,-3410.988201,3330.441769,LLL
398.7306085,-165.5711577,-233.1816974,202.438375,-3468.174903,3265.544525,LLL
397.288643,-153.9974845,-243.3134048,324.4331211,-3521.828416,3197.203296,LLL
395.4553454,-142.2710027,-253.2065887,445.9937864,-3572.120232,3125.934446,LLL
393.2298474,-130.4059619,-262.8461312,567.2225804,-3618.778587,3051.364011,LLL
390.6170101,-118.4114072,-272.2278483,687.7801033,-3661.977154,2974.005055,LLL
387.6167908,-106.3017966,-281.3372393,807.7648753,-3701.455847,2893.49898,LLL
384.2347589,-94.08647262,-290.1705311,926.8433551,-3737.390795,2810.355448,LLL
380.4716859,-81.78005597,-298.7138745,1045.110936,-3769.533666,2724.230741,LLL
376.3338392,-69.3921385,-306.9639449,1162.240311,-3798.063289,2635.63099,LLL
371.8227902,-56.93745718,-314.907577,1278.324301,-3822.743136,2544.226851,LLL
366.9454906,-44.42580408,-322.5419301,1393.042202,-3843.754955,2450.520768,LLL
361.7042943,-31.87198531,-329.8545524,1506.484809,-3860.874039,2354.197248,LLL
356.1068208,-19.28594364,-336.8431202,1618.338387,-3874.285238,2255.75487,LLL
350.1561869,-6.682506669,-343.495923,1728.692238,-3883.775667,2154.891451,LLL
343.8606601,5.928282091,-349.8111847,1837.239948,-3889.533429,2052.101503,LLL
337.2240972,18.53162148,-355.7779608,1944.06985,-3891.357423,1947.095599,LLL
330.2553917,31.11741733,-361.3950509,2048.883196,-3889.439132,1840.363962,LLL
322.9591147,43.67094303,-366.6522993,2151.767857,-3883.589178,1731.629351,LLL
315.3447611,56.18210382,-371.5491061,2252.433083,-3874.002511,1621.377458,LLL
307.4175878,68.63629562,-376.0761244,2350.966771,-3860.501386,1509.342648,LLL
299.1876639,81.02347295,-380.2333775,2447.086493,-3843.284282,1396.005822,LLL
290.6609016,93.32920199,-384.012344,2540.880644,-3822.184968,1281.112361,LLL
281.8479137,105.543536,-387.4136898,2632.075416,-3797.405477,1165.138098,LLL
272.7552351,117.6522587,-390.4297336,2720.760162,-3768.790949,1047.838829,LLL
263.39399,129.645571,-393.0618005,2806.66998,-3736.546969,929.6850297,LLL
253.7713005,141.5095206,-395.3030604,2889.895608,-3700.529867,810.4423036,LLL
243.8987682,153.2345042,-397.1555113,2970.181324,-3660.948748,690.5754683,LLL
233.7840645,164.8068795,-398.6131826,3047.619664,-3617.670937,569.8593208,LLL
223.4392316,176.2172858,-399.6787557,3121.964328,-3570.908987,448.7527064,LLL
212.8724514,187.4524355,-400.347125,3193.310038,-3520.540988,327.039001,LLL
202.0961683,198.5032566,-400.6216626,3261.420149,-3466.782852,205.1707549,LLL
191.119033,209.3568598,-400.4981303,3326.391929,-3409.523179,82.93930469,LLL
179.9538518,220.0045065,-399.9805953,3387.998591,-3348.981113,-39.20942298,LLL
168.6097017,230.4337475,-399.0656861,3446.340288,-3285.05548,-161.4767488,LLL
157.0997087,240.6362208,-397.758166,3501.200273,-3217.96851,-283.4237038,LLL
145.4333321,250.5999582,-396.0555265,3552.681894,-3147.628949,-405.2448823,LLL
133.623974,260.3170155,-393.9632254,3600.578601,-3074.261929,-526.5086094,LLL
121.68143,269.7759445,-391.4796101,3644.997221,-2997.785789,-647.4033663,LLL
109.6193342,278.9692583,-388.6108278,3685.741533,-2918.428357,-767.5051096,LLL
97.44777166,287.8860657,-385.3560724,3722.922095,-2836.11721,-886.9968149,LLL
85.1805625,296.5193749,-381.7221721,3756.353122,-2751.082645,-1005.462407,LLL
72.82803336,304.8588866,-377.7091544,3786.149129,-2663.261098,-1123.079957,LLL
60.404144,312.8981396,-373.3245178,3812.134845,-2572.88508,-1239.441691,LLL
47.91941408,320.6274594,-368.5691073,3834.428937,-2479.899494,-1354.721366,LLL
35.38789549,328.0409485,-363.4510776,3852.866701,-2384.538784,-1468.51984,LLL
22.82025181,335.1295877,-357.9720728,3867.571121,-2286.755903,-1581.007137,LLL
10.23057921,341.8880744,-352.1408866,3878.388082,-2186.786932,-1691.793069,LLL
-2.370364428,348.3080725,-345.9599408,3885.445018,-2084.59244,-1801.044494,LLL
-14.96848687,354.3849025,-339.4386481,3888.598401,-1980.409824,-1908.380492,LLL
-27.55298569,360.1109373,-332.5801837,3887.98022,-1874.206821,-2013.965311,LLL
-40.10982096,365.4821462,-325.394557,3883.457496,-1766.221804,-2117.427604,LLL
-52.62819552,370.4916338,-317.8856698,3875.166847,-1656.429213,-2218.929543,LLL
-65.09417003,375.1360413,-310.0641025,3862.985785,-1545.068046,-2318.109647,LLL
-77.49700225,379.4092254,-301.9344541,3847.055594,-1432.118962,-2415.128537,LLL
-89.82290152,383.3085192,-293.5078483,3827.264185,-1317.821217,-2509.634873,LLL
-102.0612297,386.8285487,-284.7895493,3803.757521,-1202.161198,-2601.788224,LLL
-114.1983925,389.9673566,-275.7911941,3776.433794,-1085.378034,-2691.24766,LLL
-126.2239047,392.7203527,-266.5186777,3745.443624,-967.4633423,-2778.172179,LLL
-138.1244151,395.0863032,-256.9841176,3710.695335,-848.6557284,-2862.231504,LLL
-149.8896394,397.0614136,-247.1940034,3672.344154,-728.9515267,-2943.584522,LLL
-161.506516,398.6451852,-237.1608981,3630.308362,-608.5884184,-3021.911837,LLL
-172.9650082,399.8346272,-226.8918476,3584.747712,-487.566938,-3097.372664,LLL
-184.2523892,400.6299845,-216.3998236,3535.590238,-366.123429,-3169.658698,LLL
-195.3589161,401.0290759,-205.6923878,3483.000108,-244.2621041,-3238.92989,LLL
-206.2722407,401.0328948,-194.7828818,3426.914879,-122.2175504,-3304.889215,LLL
-216.9829583,400.640072,-183.6793411,3367.502997,0.002866192,-3367.697746,LLL
-227.4791422,399.8523518,-172.3954367,3304.711283,122.1667377,-3427.069903,LLL
-237.7517691,398.6691763,-160.939634,3238.712294,244.2640715,-3483.168245,LLL
-247.7893747,397.0930397,-149.3258916,3169.461835,366.0650643,-3535.718778,LLL
-257.5833587,395.1241919,-137.5630594,3097.136376,487.5576227,-3584.885874,LLL
-267.1227585,392.7658727,-125.6653402,3021.7004,608.5149736,-3630.407249,LLL
-276.3994366,390.0191331,-113.6419221,2943.334073,728.9234465,-3672.449392,LLL
-285.4029699,386.8879519,-101.5072073,2862.010224,848.5597231,-3710.761818,LLL
-294.1257212,383.3741709,-89.27067475,2777.912465,967.409075,-3745.513409,LLL
-302.5578422,379.4824977,-76.94688022,2691.021623,1085.25206,-3776.46555,LLL
-310.692232,375.2155525,-64.54554501,2601.524487,1202.073404,-3803.789756,LLL
-318.5196506,370.5787585,-52.08133206,2509.409502,1317.657958,-3827.259324,LLL
-326.0335665,365.5754985,-39.56415586,2414.866347,1431.990409,-3847.048617,LLL
-333.2253793,360.2118951,-27.0087393,2317.890691,1544.860306,-3862.942858,LLL
-340.089158,354.4920751,-14.42514038,2218.674786,1656.252796,-3875.11944,LLL
-346.6169705,348.4228418,-1.828094265,2117.221113,1765.962528,-3883.375498,LLL
-352.8035147,342.0090445,10.77224752,2013.724164,1873.975587,-3887.891605,LLL
-358.641553,335.2581452,23.36118548,1908.192802,1980.092116,-3888.476771,LLL
-364.1264385,328.1756917,35.92852471,1800.823408,2084.29961,-3885.314868,LLL
-369.2516515,320.7697803,48.45964947,1691.630779,2186.40408,-3878.226708,LLL
-374.0132234,313.0466304,60.94437151,1580.812817,2286.39489,-3867.399554,LLL
-378.4053734,305.0149454,73.36820677,1468.389794,2384.084281,-3852.66592,LLL
-382.4248316,296.6815871,85.72102353,1354.560749,2479.463924,-3834.216516,LLL
-386.0665742,288.0558365,97.98851703,1239.350954,2572.352641,-3811.895437,LLL
-389.3280477,279.1451659,110.1606615,1122.96019,2662.744831,-3785.896861,LLL
-392.2050003,269.9594018,122.2233786,1005.418245,2750.466226,-3756.07631,LLL
-394.6956098,260.5065929,134.1667972,886.9252336,2835.514356,-3722.631426,LLL
-396.7964086,250.7970773,145.9771119,767.514966,2917.722175,-3685.428976,LLL
-398.5063171,240.8394437,157.6446542,647.3874708,2997.090726,-3644.670029,LLL
-399.8226615,230.6445053,169.1559373,526.5800818,3073.460477,-3600.23239,LLL
-400.7451134,220.2213526,180.5015423,405.2923152,3146.83634,-3552.320484,LLL
-401.271799,209.5812356,191.6683452,283.5645211,3217.06657,-3500.822919,LLL
-401.4031468,198.7337064,202.6472225,161.595271,3284.160287,-3445.947383,LLL
-401.1380857,187.6904115,213.4254566,39.4274216,3347.973775,-3387.593021,LLL
-400.477804,176.4613229,223.9942637,-82.74183719,3408.520673,-3325.970658,LLL
-399.4220335,165.0584419,234.3413745,-204.8676544,3465.665525,-3260.989691,LLL
-397.9727214,153.4921168,244.4583878,-326.7546609,3519.426769,-3192.863926,LLL
-396.1303995,141.7746604,254.3335227,-448.3565233,3569.677406,-3121.5127,LLL
-393.8977702,129.9167523,263.9588018,-569.480133,3616.440937,-3047.152619,LLL
-391.2761594,117.9309722,273.3229713,-690.0781846,3659.598994,-2969.712622,LLL
-388.2690177,105.8282852,282.4185169,-809.9602687,3699.180367,-2889.411909,LLL
-384.878456,93.6214921,291.2347486,-929.0786142,3735.075466,-2806.188662,LLL
-381.1086637,81.32179616,299.7646525,-1047.245946,3767.318578,-2720.264439,LLL
-376.9625241,68.94217255,307.9981369,-1164.414529,3795.809011,-2631.586287,LLL
-372.4449528,56.49401491,315.9287234,-1280.400653,3820.586717,-2540.377867,LLL
-367.5595906,43.99042525,323.5469512,-1395.15711,3841.559995,-2446.594687,LLL
-362.3120632,31.44293892,330.8469104,-1508.504179,3858.77461,-2350.462231,LLL
-356.7067512,18.86473669,337.819801,-1620.395667,3872.147916,-2251.944047,LLL
-350.7499717,6.267446499,344.460312,-1730.656254,3881.731601,-2151.267143,LLL
-344.4468242,-6.335720597,350.7603318,-1839.241234,3887.452109,-2048.40267,LLL
-337.8042958,-18.93309343,356.7151766,-1945.980094,3889.367139,-1943.578837,LLL
-330.8281813,-31.51147935,362.3174483,-2050.830076,3887.412228,-1836.773943,LLL
-323.5261138,-44.05921343,367.5631152,-2153.625865,3881.651138,-1728.217062,LLL
-315.904557,-56.56317014,372.4455153,-2254.327098,3872.028478,-1617.893168,LLL
-307.9717631,-69.01174015,376.9612917,-2352.774036,3858.614097,-1506.031846,LLL
-299.734836,-81.39191352,381.1045384,-2448.929142,3841.361623,-1392.624264,LLL
-291.2026178,-93.69218563,384.8725926,-2542.638616,3820.34698,-1277.900146,LLL
-282.3828214,-105.8997103,388.2603211,-2633.868157,3795.532735,-1161.856359,LLL
-273.2848469,-118.0031361,391.2657726,-2722.470249,3767.000854,-1044.722383,LLL
-263.9169824,-129.9898281,393.8846006,-2808.414226,3734.722728,-926.5002795,LLL
-254.2891524,-141.8486362,396.1155788,-2891.55918,3698.786296,-807.41889,LLL
-244.4101845,-153.5671835,397.9551586,-2971.878451,3659.171635,-687.4849571,LLL
-234.2904909,-165.134568,399.4028498,-3049.238049,3615.972558,-566.9262802,LLL
-223.9394013,-176.5387168,400.4559093,-3123.615671,3569.177664,-445.7537628,LLL
-213.3677777,-187.769022,401.1145912,-3194.884529,3518.886512,-324.1937503,LLL
-202.5854116,-198.8137596,401.376963,-3263.027006,3465.096023,-202.260783,LLL
-191.6035749,-209.6626604,401.2440274,-3327.923779,3407.91135,-80.17933449,LLL
-180.4324798,-220.3043925,400.7146646,-3389.562222,3347.337515,42.03294533,LLL
-169.0837662,-230.729069,399.7906278,-3447.830716,3283.48508,164.1538763,LLL
-157.5680237,-240.9257921,398.4716087,-3502.721904,3216.366918,286.1632271,LLL
-145.8972172,-250.8850988,396.7601093,-3554.132084,3146.098793,407.8415351,LLL
-134.0822694,-260.5965657,394.6566286,-3602.059423,3072.701153,529.1665148,LLL
-122.1354255,-270.0511939,392.1644132,-3646.408324,2996.294727,649.921845,LLL
-110.0678953,-279.2390727,389.2847621,-3687.182702,2916.90724,770.0837106,LLL
-97.8921589,-288.1517054,386.0216587,-3724.295228,2834.664124,889.4393545,LLL
-85.61966638,-296.7797307,382.3771918,-3757.755762,2749.600063,1007.963952,LLL
-73.26308579,-305.1151901,378.3560709,-3787.485377,2661.844903,1125.448728,LLL
-60.83405993,-313.1493061,373.9611613,-3813.500048,2571.439941,1241.868363,LLL
-48.34539733,-320.8746923,369.1978853,-3835.729356,2478.519135,1357.018478,LLL
-35.80888503,-328.2831872,364.0698681,-3854.195529,2383.130026,1470.873762,LLL
-23.23742396,-335.3680083,358.5832284,-3868.836734,2285.410356,1583.234639,LLL
-10.64289648,-342.1216395,352.7423325,-3879.681564,2185.413525,1694.076302,LLL
1.961752656,-348.5379314,346.5539755,-3886.67682,2083.280709,1803.204376,LLL
14.56459499,-354.610041,340.023243,-3889.857539,1979.070766,1910.59504,LLL
27.1526907,-360.3324782,333.1575848,-3889.179177,1872.927939,2016.059507,LLL
39.7141146,-365.6990979,325.9627809,-3884.683264,1764.916122,2119.575413,LLL
52.23598064,-370.7050933,318.4469106,-3876.3339,1655.182242,2220.959931,LLL
64.70641617,-375.3450393,310.6164214,-3864.179128,1543.794793,2320.192609,LLL
77.11263756,-379.6148335,302.4799945,-3848.191653,1430.902989,2417.096941,LLL
89.44287376,-383.5097899,294.0447149,-3828.426022,1316.579475,2511.654825,LLL
101.6844918,-387.0265289,285.3198362,-3804.863474,1200.975336,2603.696418,LLL
113.8258709,-390.16112,276.3130485,-3777.565018,1084.166911,2693.206388,LLL
125.8545766,-392.910922,267.0341451,-3746.520331,966.3067313,2780.021884,LLL
137.759186,-395.2727731,257.4913871,-3711.796813,847.4743553,2864.130742,LLL
149.5275102,-397.2447829,247.695073,-3673.392452,727.8233298,2945.37741,LLL
161.1483717,-398.8245691,237.653998,-3631.380936,607.4359529,3023.753272,LLL
172.6098731,-400.0110014,227.3789292,-3585.768413,486.4663427,3099.110361,LLL
183.9011281,-400.8024843,216.8791573,-3536.634728,364.9990522,3171.443967,LLL
195.010576,-401.198654,206.1658795,-3483.994001,243.1883209,3240.613974,LLL
205.9276667,-401.1987064,195.2488414,-3427.93208,121.1204665,3306.619909,LLL
216.6412199,-400.8030475,184.1396296,-3368.470849,-1.050603993,3369.329751,LLL
227.1410651,-400.0116656,172.8484028,-3305.701969,-123.2373019,3428.74757,LLL
237.4164446,-398.825737,161.3870951,-3239.654849,-245.2865088,3484.74966,LLL
247.4576094,-397.2460407,149.7662342,-3170.426756,-367.10986,3537.344919,LLL
257.2542654,-395.2745203,137.9980581,-3098.054358,-488.5554831,3586.418147,LLL
266.7971254,-392.9127406,126.0934187,-3022.640287,-609.5347308,3631.983324,LLL
276.0763974,-390.1634066,114.064813,-2944.228186,-729.897433,3673.933928,LLL
285.0832944,-387.0288612,101.923371,-2862.925785,-849.5551509,3712.289246,LLL
293.8085637,-383.5125618,89.68180253,-2778.783391,-968.3598704,3746.951574,LLL
302.2439547,-379.6176182,77.35146821,-2691.913547,-1086.223847,3777.945708,LLL
310.3807888,-375.3482282,64.94524439,-2602.372889,-1203.001672,3805.182877,LLL
318.2113863,-370.708255,52.47467399,-2510.27846,-1318.606775,3828.693552,LLL
325.7276751,-365.7026216,39.95275208,-2415.69287,-1432.896793,3848.397982,LLL
332.9225781,-360.3359276,27.39115536,-2318.737332,-1545.786804,3864.332457,LLL
339.7886604,-354.6138037,14.80294942,-2219.480055,-1657.137923,3876.426301,LLL
346.3194769,-348.541566,2.199895538,-2118.046069,-1766.867337,3884.721731,LLL
352.5082574,-342.125532,-10.40491867,-2014.508787,-1874.840065,3889.157179,LLL
358.3492159,-335.3717121,-22.99969676,-1908.996688,-1980.975851,3889.780867,LLL
363.8362724,-328.2870873,-35.57137781,-1801.587976,-2085.14403,3886.540336,LLL
368.9643241,-320.8783368,-48.10817967,-1692.414191,-2187.267339,3879.489862,LLL
373.7280036,-313.1530789,-60.59711677,-1581.557904,-2287.219825,3868.586063,LLL
378.122913,-305.1186342,-73.02647062,-1469.153312,-2384.927643,3853.88929,LLL
382.1444173,-296.7832294,-85.38337945,-1355.286911,-2480.269932,3835.365181,LLL
385.7888423,-288.1547961,-97.65623739,-1240.095142,-2573.176669,3813.08015,LLL
389.0523022,-279.2421386,-109.8323545,-1123.66797,-2663.532454,3787.008765,LLL
391.9318623,-270.0537668,-121.9002862,-1006.14365,-2751.271468,3757.223461,LLL
394.4244003,-260.599029,-133.8475616,-887.615157,-2836.284119,3723.707621,LLL
396.5277337,-250.8869786,-145.6629452,-768.2221193,-2918.509164,3686.539629,LLL
398.2395145,-240.9274723,-157.334232,-648.0600486,-2997.843141,3645.711538,LLL
399.5583226,-230.7300699,-168.8504421,-527.2695005,-3074.229728,3601.307578,LLL
400.4825924,-220.3050991,-180.1996825,-405.9480438,-3147.571903,3553.328299,LLL
401.0116727,-209.662587,-191.3712746,-284.2367074,-3217.818586,3501.863647,LLL
401.1447853,-198.8132925,-202.3536814,-162.2346326,-3284.879479,3446.922468,LLL
400.882052,-187.7676696,-213.1365707,-40.0828634,-3348.709044,3388.600265,LLL
400.2234839,-176.5368672,-223.7088047,82.11837427,-3409.223965,3326.91395,LLL
399.169976,-165.1317234,-234.0604403,204.2284831,-3466.384521,3261.964399,LLL
397.7223276,-153.5637342,-244.1807808,326.1466416,-3520.114614,3193.776336,LLL
395.8822049,-141.8440784,-254.0603137,447.7331618,-3570.38059,3122.455793,LLL
393.651191,-129.9845546,-263.6888233,568.8871154,-3617.113779,3048.03503,LLL
391.0317178,-117.9966367,-273.0572676,689.4701854,-3660.286813,2970.624995,LLL
388.0261446,-105.8923809,-282.1559499,809.3818234,-3699.838633,2890.26518,LLL
384.6376605,-93.68350993,-290.9763365,928.4855425,-3735.748356,2807.071185,LLL
380.8693911,-81.38229075,-299.509286,1046.681656,-3767.962687,2721.089405,LLL
376.7252709,-69.00064756,-307.7468087,1163.835962,-3796.467393,2632.439806,LLL
372.2091783,-56.55101087,-315.6803525,1279.850113,-3821.217073,2541.175338,LLL
367.3257788,-44.04545832,-323.3025053,1394.592638,-3842.204281,2447.420022,LLL
362.0796874,-31.4965358,-330.605336,1507.966996,-3859.391608,2351.232993,LLL
356.4762829,-18.9164258,-337.5820413,1619.84489,-3872.778504,2252.741997,LLL
350.5208978,-6.317741012,-344.2253406,1730.132045,-3882.335623,2152.011963,LLL
344.2196042,6.287280242,-350.529068,1838.703765,-3888.069388,2049.174009,LLL
337.5784298,18.88600731,-356.4866204,1945.468487,-3889.958555,1944.298456,LLL
330.6041172,31.46619525,-362.0924954,2050.305537,-3888.016573,1837.519426,LLL
323.3033645,44.01524442,-367.3407916,2153.1265,-3882.23031,1728.912202,LLL
315.6835588,56.52095244,-372.2266937,2253.815125,-3872.620257,1618.613526,LLL
307.7520417,68.97079953,-376.7450234,2352.286563,-3859.181376,1506.703208,LLL
299.5168165,81.35267492,-380.8916733,2448.429379,-3841.94119,1393.320208,LLL
290.9858383,93.65418725,-384.6622071,2542.162694,-3820.902706,1278.548411,LLL
282.1676958,105.863366,-388.053243,2633.380257,-3796.100437,1162.52858,LLL
273.0709255,117.9679962,-391.0611026,2722.005548,-3767.545358,1045.348213,LLL
263.7046683,129.9562957,-393.6831447,2807.937855,-3735.278899,927.1494491,LLL
254.0780078,141.8162735,-395.9164616,2891.105378,-3699.319898,808.0229271,LLL
244.2006018,153.5363829,-397.7591647,2971.413282,-3659.716602,688.111728,LLL
234.0820441,165.1049034,-399.2091273,3048.794834,-3616.495572,567.5091487,LLL
223.7324723,176.5105702,-400.265222,3123.161387,-3569.711744,446.358769,LLL
213.1619519,187.7419789,-400.92611,3194.451597,-3519.39924,324.7560565,LLL
202.3810607,198.7881915,-401.1914311,3262.583299,-3465.619524,202.8446405,LLL
191.4002956,209.638164,-401.0606382,3327.500837,-3408.414087,80.72166742,LLL
180.2306336,220.2813295,-400.5341414,3389.128794,-3347.850737,-41.46963797,LLL
168.8829608,230.707047,-399.6121858,3447.417477,-3283.978112,-163.6309445,LLL
157.3686109,240.9051628,-398.2959515,3502.298462,-3216.870152,-285.6198883,LLL
145.6988154,250.8654807,-396.5864736,3553.728271,-3146.582398,-407.3374487,LLL
133.8852208,260.5783009,-394.4856988,3601.645686,-3073.194681,-528.6425794,LLL
121.9393589,270.0339113,-391.9954471,3646.013667,-2996.769174,-649.436064,LLL
109.8731436,279.223105,-389.1184252,3686.778395,-2917.391336,-769.5786295,LLL
97.69836111,288.1366919,-385.8572293,3723.909464,-2835.129677,-888.9713545,LLL
85.42714607,296.7659948,-382.2153168,3757.360618,-2750.074994,-1007.477191,LLL
73.07149222,305.1023811,-378.196049,3787.108252,-2662.301816,-1124.998,LLL
60.64370753,313.1377384,-373.8036213,3813.113808,-2571.905967,-1241.399405,LLL
48.15594525,320.8640251,-369.0421455,3835.360621,-2478.967656,-1356.584527,LLL
35.62063883,328.273726,-363.9165397,3853.817941,-2383.587398,-1470.422102,LLL
23.05005245,335.3594219,-358.4316489,3868.47615,-2285.850724,-1582.816983,LLL
10.45669651,342.1142248,-352.5930956,3879.312384,-2185.862488,-1693.641451,LLL
-2.147102799,348.5313666,-346.4064378,3886.324154,-2083.713158,-1802.802549,LLL
-14.74880698,354.6046145,-339.8779812,3889.496529,-1979.511558,-1910.176523,LLL
-27.33607698,360.3278775,-333.0139739,3888.834202,-1873.352696,-2015.673056,LLL
-39.89639521,365.695603,-325.8213809,3884.330193,-1765.348974,-2119.172767,LLL
-52.41745894,370.7024009,-318.3071147,3875.996395,-1655.599527,-2220.588414,LLL
-64.88682039,375.3434211,-310.4787732,3863.833771,-1544.21993,-2319.805385,LLL
-77.29226217,379.613995,-302.3439051,3847.861405,-1431.313017,-2416.739931,LLL
-89.621455,383.5099949,-293.9107118,3828.08816,-1316.997115,-2511.282587,LLL
-101.8623155,387.0274916,-285.1873477,3804.540274,-1201.378315,-2603.353499,LLL
-114.0026811,390.1630963,-276.1825865,3777.23444,-1084.577266,-2692.848712,LLL
-126.0306505,392.9136346,-266.9051551,3746.203978,-966.7028617,-2779.692652,LLL
-137.9342755,395.2764703,-257.3643655,3711.473313,-847.8776311,-2863.787216,LLL
-149.7018842,397.2491957,-247.5694819,3673.082749,-728.2128086,-2945.061473,LLL
-161.3217895,398.8299382,-237.5303188,3631.064315,-607.8323498,-3023.423496,LLL
-172.7825955,400.017066,-227.2566403,3585.46517,-486.8493605,-3098.807338,LLL
-184.0729218,400.8094776,-216.7587253,3536.324789,-365.3887646,-3171.127552,LLL
-195.1816939,401.2063234,-206.0467987,3483.697033,-243.5650628,-3240.323495,LLL
-206.0978827,401.2072777,-195.131564,3427.628636,-121.5036834,-3306.316476,LLL
-216.8107789,400.8122759,-184.0236657,3368.179975,0.679958189,-3369.051455,LLL
-227.3097481,400.02177,-172.7341904,3305.404836,122.8603967,-3428.456753,LLL
-237.5844889,398.8364802,-161.2741594,3239.369897,244.9217845,-3484.483199,LLL
-247.6248031,397.2576346,-149.6549993,3170.135755,366.7390882,-3537.06636,LLL
-257.4208383,395.2867351,-137.8880644,3097.775156,488.1965105,-3586.163181,LLL
-266.9628722,392.9257816,-125.9850766,3022.355245,609.169919,-3631.716677,LLL
-276.2415406,390.1770513,-113.9576776,2943.95457,729.5440474,-3673.690128,LLL
-285.2476355,387.0433081,-101.8178392,2862.646534,849.1961306,-3712.034173,LLL
-293.972318,383.5275956,-89.57744395,2778.515201,968.0119117,-3746.71862,LLL
-302.4069302,379.6334309,-77.24866679,2691.639923,1085.870455,-3777.701883,LLL
-310.5431937,375.3646116,-64.84358367,2602.109969,1202.658985,-3804.960457,LLL
-318.3730349,370.7253946,-52.37452514,2510.010304,1318.258851,-3828.460657,LLL
-325.8887689,365.7203162,-39.85371242,2415.435069,1432.559226,-3848.185795,LLL
-333.0829378,360.3543564,-27.29358353,2318.474489,1545.444194,-3864.110181,LLL
-339.9484805,354.6327721,-14.70645622,2219.227227,1656.80533,-3876.224053,LLL
-346.4785842,348.5612472,-2.104827339,2117.78839,1766.529891,-3884.509775,LLL
-352.66684,342.1457381,10.49893788,2014.26079,1874.512303,-3888.964585,LLL
-358.5071066,335.3926102,23.09233264,1908.744025,1980.643424,-3889.57894,LLL
-363.9936527,328.3084958,35.66299345,1801.34467,2084.82096,-3886.357119,LLL
-369.1210327,320.9004171,48.19845251,1692.166404,2186.939787,-3879.297679,LLL
-373.8842158,313.1756557,60.68639726,1581.319155,2286.901313,-3868.411954,LLL
-378.2784732,305.1418629,73.11444773,1468.910263,2384.604829,-3853.706576,LLL
-382.2994946,296.8069411,85.47039125,1355.05259,2479.955848,-3835.199919,LLL
-385.9432868,288.1791407,97.74198416,1239.856696,2572.858461,-3812.906637,LLL
-389.2062769,279.2669531,109.9171622,1123.437948,2663.22267,-3786.852096,LLL
-392.0852229,270.0791954,121.9838661,1005.909678,2750.957734,-3757.058888,LLL
-394.5773038,260.6249148,133.930228,887.389312,2835.978513,-3723.559299,LLL
-396.6800412,250.9134604,145.74442,767.9924946,2918.199777,-3686.383744,LLL
-398.3913773,240.9543989,157.4148179,647.8382605,2997.541592,-3645.571323,LLL
-399.709607,230.757575,168.9298718,527.0441002,3073.924566,-3601.160136,LLL
-400.633444,220.333037,180.2782471,405.7301963,3147.274296,-3553.195959,LLL
-401.1619631,209.6910861,191.4487174,284.0154121,3217.51753,-3501.724408,LLL
-401.2946546,198.8422129,202.4302824,162.0206128,3284.5857,-3446.797777,LLL
-401.0313768,187.7971345,213.2120832,39.86555719,3348.411978,-3388.468997,LLL
-400.3723987,176.5667421,223.7834979,-82.32867605,3408.933905,-3326.796688,LLL
-399.3183626,165.1621266,234.1340775,-204.441913,3466.091332,-3261.840877,LLL
-397.8703152,153.5945365,244.2536205,-326.353332,3519.828166,-3193.66629,LLL
-396.02968,141.8753931,254.132129,-447.9428248,3570.091168,-3122.339798,LLL
-393.7982777,130.0162578,263.7598623,-569.0902979,3616.830839,-3047.931994,LLL
-391.1783073,118.0288371,273.1273129,-689.676188,3660.001052,-2970.516315,LLL
-388.172356,105.9249595,282.2252394,-809.5815986,3699.559101,-2890.168952,LLL
-384.7833897,93.71657074,291.0446623,-928.6879881,3735.466152,-2806.969612,LLL
-381.0147521,81.4157198,299.5768759,-1046.878122,3767.686465,-2720.999789,LLL
-376.8701643,69.03454428,307.8134639,-1164.034951,3796.188647,-2632.345139,LLL
-372.3537131,56.58526618,315.7462911,-1280.043363,3820.944067,-2541.092145,LLL
-367.4698602,44.08016717,323.3675375,-1394.788268,3841.928894,-2447.332067,LLL
-362.2234195,31.53159387,330.6696704,-1508.157124,3859.121725,-2351.15604,LLL
-356.6195753,18.95192365,337.6454967,-1620.037256,3872.506382,-2252.660563,LLL
-350.66385,6.353579005,344.2881164,-1730.31914,3882.068773,-2151.941068,LLL
-344.3621301,-6.251015843,350.5909916,-1838.892959,3887.800438,-2049.098912,LLL
-337.7206244,-18.84941158,356.5478819,-1945.652636,3889.694653,-1944.233448,LLL
-330.7458984,-31.42918613,362.1529308,-2050.491649,3887.750706,-1837.450486,LLL
-323.444823,-43.9779125,367.400582,-2153.307787,3881.96927,-1728.85291,LLL
-315.8246166,-56.48321979,372.2856832,-2253.998241,3872.357385,-1618.55057,LLL
-307.892785,-68.93275237,376.8033845,-2352.46507,3858.923116,-1506.649469,LLL
-299.6571714,-81.31423935,380.9492582,-2448.609585,3841.681229,-1393.263066,LLL
-291.1258868,-93.6154452,384.7191796,-2542.338501,3820.647146,-1278.500066,LLL
-282.3073678,-105.8242475,388.1094633,-2633.557635,3795.843305,-1162.477089,LLL
-273.2102988,-117.928579,391.1167261,-2722.178732,3767.292421,-1045.305106,LLL
-263.8436769,-129.9165137,393.7380392,-2808.112484,3735.024517,-927.103448,LLL
-254.2167252,-141.7762004,395.9707745,-2891.276015,3699.06951,-807.9849082,LLL
-244.3389658,-153.4959563,397.8127713,-2971.58524,3659.464891,-688.071062,LLL
-234.2201244,-165.064193,399.2621668,-3048.962996,3616.247659,-567.476072,LLL
-223.8702102,-176.4695174,400.3175773,-3123.33075,3569.462629,-446.3232872,LLL
-213.2994131,-187.7006493,400.9779124,-3194.617356,3519.15373,-324.72778,LLL
-202.5181902,-198.7465302,401.2425708,-3262.75014,3465.372932,-202.8141962,LLL
-191.5371552,-209.596233,401.1112388,-3327.664261,3408.170913,-80.69805339,LLL
-180.3671721,-220.2390771,400.5841001,-3389.293183,3347.606596,41.49518704,LLL
-169.0192361,-230.6645315,399.6616187,-3447.578634,3283.737206,163.6500299,LLL
-157.5045751,-240.8623362,398.3447628,-3502.46047,3216.628393,285.6406806,LLL
-145.8345229,-250.8223974,396.6347721,-3553.887225,3146.343695,407.3521355,LLL
-134.0206271,-260.5349163,394.5333955,-3601.805379,3072.955236,528.6587495,LLL
-122.0745148,-269.9902764,392.0426435,-3646.170481,2996.532611,649.4464786,LLL
-110.0080078,-279.1791784,389.1650389,-3686.935839,2917.154141,769.590308,LLL
-97.83298106,-288.092521,385.903355,-3724.0642,2834.895193,888.9776194,LLL
-85.56148374,-296.7215415,382.2608785,-3757.515877,2749.839985,1007.484505,LLL
-73.20559147,-305.0576895,378.2411344,-3787.260969,2662.069351,1125.000234,LLL
-60.77753359,-313.0927735,373.8481609,-3813.266943,2571.673082,1241.402478,LLL
-48.28953861,-320.8188276,369.0862203,-3835.511378,2478.737151,1356.582846,LLL
-35.75396783,-328.2282641,363.9600863,-3853.969011,2383.356578,1470.421054,LLL
-23.18315431,-335.3137328,358.4747418,-3868.625002,2285.622125,1582.811501,LLL
-10.58954261,-342.0682799,352.6356775,-3879.461448,2185.633674,1693.636399,LLL
2.014478461,-348.4852,346.4485768,-3886.471156,2083.486409,1802.793373,LLL
14.61643005,-354.5582004,339.9196259,-3889.643645,1979.284694,1910.167579,LLL
27.20391659,-360.2812469,333.0551862,-3888.979407,1873.127745,2015.660293,LLL
39.76447409,-365.6487331,325.8621152,-3884.475414,1765.124004,2119.160041,LLL
52.28574931,-370.6553195,318.3474267,-3876.139854,1655.376321,2220.572167,LLL
64.75534212,-375.2961083,310.5186229,-3863.977151,1543.996801,2319.788985,LLL
77.16099047,-379.5664757,302.3833423,-3848.003169,1431.091507,2416.7203,LLL
89.49040697,-383.4622519,293.9497022,-3828.229752,1316.775775,2511.262616,LLL
101.7314693,-386.9795468,285.2259351,-3804.680391,1201.158452,2603.33058,LLL
113.8720511,-390.1149353,276.2207421,-3777.374294,1084.357664,2692.825272,LLL
125.9002177,-392.8652764,266.9429169,-3746.342495,966.4845988,2779.666541,LLL
137.8040516,-395.2279031,257.40171,-3711.611478,847.6597191,2863.760405,LLL
149.571853,-397.2004358,247.6064416,-3673.219712,727.9960999,2945.032261,LLL
161.1919601,-398.7809764,237.5668754,-3631.200838,607.6160796,3023.393408,LLL
172.6529545,-399.9679159,227.2928207,-3585.600624,486.6341614,3098.775114,LLL
183.9434758,-400.7601325,216.7945164,-3536.459717,365.1740898,3171.094281,LLL
195.0524321,-401.1567942,206.082222,-3483.83102,243.3513302,3240.288346,LLL
205.968809,-401.1575602,195.1666114,-3427.762014,121.290559,3306.280112,LLL
216.6818854,-400.7623784,184.0583535,-3368.312539,-0.892266408,3369.013465,LLL
227.1810363,-399.9716907,172.7685153,-3305.536707,-123.0720145,3428.417383,LLL
237.4559533,-398.7862248,161.3081326,-3239.501077,-245.1327091,3484.442449,LLL
247.4964429,-397.2072038,149.6886223,-3170.266163,-366.9492419,3537.024069,LLL
257.2926504,-395.236132,137.9213433,-3097.904993,-488.4060912,3586.119751,LLL
266.8348535,-392.8750092,126.0180177,-3022.48423,-609.3786499,3631.671548,LLL
276.1136905,-390.1261103,113.9902821,-2944.083101,-729.7523226,3673.644094,LLL
285.1199486,-386.9922039,101.8501179,-2862.774136,-849.4034789,3711.986287,LLL
293.8447961,-383.4763264,89.60939321,-2778.642465,-968.2189188,3746.670057,LLL
302.2795656,-379.5820043,77.28030187,-2691.766182,-1086.076459,3777.651317,LLL
310.4159907,-375.3130236,64.87489633,-2602.236001,-1202.86476,3804.909438,LLL
318.2459836,-370.6736549,52.40553497,-2510.135257,-1318.46355,3828.407486,LLL
325.7618757,-365.6684183,39.88440662,-2415.559905,-1432.763805,3848.132391,LLL
332.9561907,-360.3023124,27.32398594,-2318.598174,-1545.647624,3864.054481,LLL
339.8218883,-354.5805733,14.73654957,-2219.350901,-1657.008746,3876.168331,LLL
346.3521328,-348.5089076,2.13463964,-2117.910842,-1766.732088,3884.451616,LLL
352.5405402,-342.0932468,-10.46942827,-2014.383335,-1874.71459,3888.906613,LLL
358.3809424,-335.3399833,-23.06309363,-1908.86528,-1980.844422,3889.518391,LLL
363.8676371,-328.2557204,-35.63405095,-1801.466119,-2085.022151,3886.296961,LLL
368.9951476,-320.8475111,-48.16977045,-1692.286494,-2187.139622,3879.234809,LLL
373.7584762,-313.1226042,-60.65800573,-1581.439539,-2287.101439,3868.349673,LLL
378.1528593,-305.0886859,-73.08630675,-1469.029221,-2384.803532,3853.64145,LLL
382.1740233,-296.7536214,-85.44253498,-1355.171939,-2480.154939,3835.135576,LLL
385.8179363,-288.1257002,-97.71436883,-1239.974555,-2573.056064,3812.839319,LLL
389.0810663,-279.2133728,-109.889826,-1123.556292,-2663.420756,3786.78575,LLL
391.9601283,-270.0254991,-121.9567615,-1006.026469,-2751.154268,3756.989441,LLL
394.4523463,-260.5710813,-133.9033969,-887.5066798,-2836.175622,3723.491008,LLL
396.5551953,-250.8595154,-145.7178115,-768.1082469,-2918.395273,3686.312227,LLL
398.2666658,-240.9003195,-157.3884777,-647.9546801,-2997.737753,3645.501142,LLL
399.5850026,-230.7033884,-168.9037453,-527.1588436,-3074.119053,3601.086608,LLL
400.5089715,-220.2787185,-180.2523838,-405.8456947,-3147.469535,3553.123943,LLL
401.0375934,-209.6366648,-191.4230591,-284.1291749,-3217.711037,3501.648926,LLL
401.1704143,-198.7876622,-202.4048823,-162.1352164,-3284.780045,3446.723978,LLL
400.9072352,-187.7424852,-213.1868798,-39.97836716,-3348.604531,3388.391616,LLL
400.2483841,-176.5119658,-223.7585478,82.21494172,-3409.12738,3326.721158,LLL
399.1944425,-165.1072557,-234.109316,204.330029,-3466.282959,3261.761652,LLL
397.7465197,-153.539541,-244.2291077,326.240442,-3520.020797,3193.589078,LLL
395.9059752,-141.820307,-254.1077969,447.8318406,-3570.281895,3122.25878,LLL
393.6746952,-129.9610494,-263.7357743,568.9782281,-3617.022649,3047.853148,LLL
391.0548116,-117.9735419,-273.1033978,689.5660783,-3660.190904,2970.433555,LLL
388.0489804,-105.8695442,-282.2015641,809.4703256,-3699.750114,2890.08852,LLL
384.6600972,-93.66107238,-291.0211524,928.5787281,-3735.655155,2806.88516,LLL
380.8915776,-81.36010344,-299.5536014,1046.767623,-3767.876704,2720.917816,LLL
376.7470692,-68.97884853,-307.7903476,1163.926517,-3796.376823,2632.259043,LLL
372.230734,-56.5294545,-315.7234062,1279.933616,-3821.133554,2541.008676,LLL
367.3469569,-44.02427963,-323.3448036,1394.680636,-3842.116268,2447.244372,LLL
362.1006302,-31.47559242,-330.6471638,1508.048107,-3859.310482,2351.071116,LLL
356.4968584,-18.89584979,-337.6231344,1619.930404,-3872.692976,2252.571315,LLL
350.5412451,-6.297393174,-344.2659774,1730.210832,-3882.25682,2151.854733,LLL
344.2395942,6.307270737,-350.5689902,1838.786865,-3887.986274,2049.008156,LLL
337.5981987,18.90577655,-356.5261001,1945.545018,-3889.88201,1944.145741,LLL
330.6235385,31.48561691,-362.13128,2050.386292,-3887.935805,1837.358264,LLL
323.3225713,44.03445152,-367.3791471,2153.200839,-3882.155957,1728.763871,LLL
315.7024275,56.53982146,-372.264373,2253.8936,-3872.541769,1618.456924,LLL
307.7707025,68.98946051,-376.7822867,2352.358773,-3859.109153,1506.559136,LLL
299.5351484,81.37100704,-380.9282789,2448.505638,-3841.864917,1393.168037,LLL
291.0039686,93.67231763,-384.6984094,2542.232835,-3820.832551,1278.408476,LLL
282.1855062,105.8811765,-388.0888055,2633.454364,-3796.026317,1162.380714,LLL
273.0885403,117.9856111,-391.096274,2722.07368,-3767.477212,1045.212295,LLL
263.721972,129.9735994,-393.7176938,2808.00987,-3735.206872,927.0057673,LLL
254.0951218,141.8333876,-395.9506314,2891.171559,-3699.253704,807.8909121,LLL
244.2174133,153.5531943,-397.7927293,2971.483265,-3659.646608,687.972112,LLL
234.0986717,165.1215309,-399.242324,3048.85912,-3616.431274,567.3809242,LLL
223.7488056,176.5269034,-400.2978301,3123.229394,-3569.643726,446.2231038,LLL
213.1781068,187.7581336,-400.9583613,3194.514043,-3519.336782,324.6315136,LLL
202.3969294,198.8040599,-401.2231099,3262.649387,-3465.553425,202.7128146,LLL
191.4159913,209.6538595,-401.0919711,3327.561495,-3408.353417,80.60070039,LLL
180.2460509,220.2967465,-400.5649173,3389.193016,-3347.786503,-41.59773295,LLL
168.8982104,230.7222963,-399.6426263,3447.476399,-3283.919179,-163.7484383,LLL
157.3835897,240.9201412,-398.3258503,3502.360872,-3216.807731,-285.7443577,LLL
145.7136316,250.8802965,-396.6160472,3553.785506,-3146.525152,-407.451569,LLL
133.8997735,260.5928532,-394.5147455,3601.706334,-3073.134022,-528.7635256,LLL
121.953754,270.0483059,-392.0241784,3646.069263,-2996.713567,-649.5469078,LLL
109.8872824,279.2372434,-389.146644,3686.837332,-2917.332389,-769.696152,LLL
97.71234705,288.1506773,-385.8851423,3723.963469,-2835.075661,-889.0790158,LLL
85.44088281,296.779731,-382.2427314,3757.417891,-2750.017711,-1007.591387,LLL
73.08508068,305.115969,-378.223167,3787.160712,-2662.249346,-1125.10257,LLL
60.65705362,313.1510838,-373.8302545,3813.169465,-2571.8503,-1241.510367,LLL
48.16914754,320.8772268,-369.0684911,3835.41158,-2478.916686,-1356.686095,LLL
35.63360539,328.2866919,-363.9424138,3853.872027,-2383.533303,-1470.529923,LLL
23.06287956,335.3722483,-358.457244,3868.525651,-2285.801213,-1582.915635,LLL
10.46929435,342.1268219,-352.6182322,3879.364943,-2185.80992,-1693.746219,LLL
-2.134640187,348.5438285,-346.4313039,3886.372239,-2083.665064,-1802.898369,LLL
-14.73656735,354.6168533,-339.9024013,3889.547605,-1979.460473,-1910.278323,LLL
-27.3239685,360.3399852,-333.0381317,3888.880912,-1873.305977,-2015.766125,LLL
-39.8845036,365.7074938,-325.8451049,3884.379827,-1765.299331,-2119.271684,LLL
-52.40569451,370.7141645,-318.3305844,3876.041769,-1655.554144,-2220.678811,LLL
-64.87526688,375.3549737,-310.501821,3863.882004,-1544.171688,-2319.9015,LLL
-77.280832,379.6254243,-302.3667061,3847.905482,-1431.268931,-2416.827733,LLL
-89.61022997,383.521219,-293.9331026,3828.135032,-1316.950234,-2511.375979,LLL
-101.8512101,387.0385961,-285.2094993,3804.583091,-1201.335489,-2603.43878,LLL
-113.9917752,390.1740012,-276.204339,3777.279989,-1084.531708,-2692.939458,LLL
-126.0198606,392.9244235,-266.9266756,3746.245571,-966.6612605,-2779.775485,LLL
-137.9236796,395.2870651,-257.3854979,3711.517577,-847.8333595,-2863.875391,LLL
-149.6914008,397.259678,-247.5903893,3673.123153,-728.1723963,-2945.141929,LLL
-161.3114948,398.8402318,-237.5508488,3631.107329,-607.7893278,-3023.509171,LLL
-172.7724099,400.0272504,-227.276952,3585.504419,-486.8101029,-3098.885485,LLL
-184.0629198,400.8194785,-216.77867,3536.36659,-365.3469568,-3171.210799,LLL
-195.1717977,401.2162184,-206.0665317,3483.735161,-243.5269268,-3240.399398,LLL
-206.0881649,401.2169943,-195.1509401,3427.669257,-121.4630556,-3306.397364,LLL
-216.8011637,400.8218899,-184.0428365,3368.217014,0.717004887,-3369.12518,LLL
-227.3003065,400.0312104,-172.753014,3305.44431,122.8998778,-3428.535347,LLL
-237.5751469,398.845821,-161.2927839,3239.405878,244.9577732,-3484.554808,LLL
-247.6156298,397.2668066,-149.6732863,3170.174115,366.7774549,-3537.142726,LLL
-257.4117616,395.2958106,-137.9061582,3097.81011,488.2314717,-3586.232736,LLL
-266.9539596,392.9346929,-126.0028422,3022.392522,609.2072027,-3631.790877,LLL
-276.2327217,390.1858689,-113.9752558,2943.988526,729.5780105,-3673.757686,LLL
-285.2389762,387.0519661,-101.8350982,2862.682758,849.2323619,-3712.106269,LLL
-293.9637495,383.5361627,-89.59452126,2778.548188,968.0449055,-3746.78424,LLL
-302.3985168,379.6418428,-77.26543372,2691.675125,1085.905663,-3777.771933,LLL
-310.5348685,375.3729354,-64.8601743,2602.142015,1202.691037,-3805.024194,LLL
-318.3648607,370.7335675,-52.39081397,2510.044512,1318.293066,-3828.528719,LLL
-325.8806801,365.7284035,-39.86983024,2415.466201,1432.590364,-3848.247704,LLL
-333.0749957,360.362297,-27.30940789,2318.507732,1545.477443,-3864.176312,LLL
-339.9406214,354.6406298,-14.72211468,2219.25747,1656.83558,-3876.284186,LLL
-346.4708677,348.5689622,-2.120200449,2117.820694,1766.562201,-3884.574029,LLL
-352.659204,342.1533726,10.48372571,2014.290171,1874.54169,-3889.022993,LLL
-358.4996093,335.400106,23.07739793,1908.775417,1980.674822,-3889.641369,LLL
-363.9862335,328.3159135,35.64821488,1801.373213,2084.84951,-3886.413852,LLL
-369.1137484,320.9076999,48.1839437,1692.19691,2186.970299,-3879.358335,LLL
-373.8770072,313.1828627,60.67203994,1581.346885,2286.929049,-3868.46706,LLL
-378.2713957,305.1489388,73.1003527,1468.939907,2384.634479,-3853.76551,LLL
-382.2924906,296.8139435,85.45644319,1355.07953,2479.982794,-3835.253445,LLL
-385.9364103,288.1860156,97.72829111,1239.885503,2572.887273,-3812.963896,LLL
-389.1994718,279.2737566,109.9036118,1123.464121,2663.248849,-3786.904087,LLL
-392.0785417,270.085875,121.9705636,1005.937672,2750.985733,-3757.114521,LLL
-394.5706918,260.6315252,133.9170638,887.4147395,2836.003946,-3723.6098,LLL
-396.6735497,250.9199503,145.7314969,768.0196978,2918.226986,-3686.437796,LLL
-398.3849529,240.9608216,157.402029,647.8629643,2997.566301,-3645.620376,LLL
-399.7032998,230.7638805,168.9173173,527.0705352,3073.951006,-3601.21265,LLL
-400.6272019,220.3392773,180.2658229,405.7541971,3147.298302,-3553.243606,LLL
-401.1558349,209.6972126,191.436521,284.0411005,3217.543224,-3501.77543,LLL
-401.2885896,198.8482761,202.4182125,162.0439309,3284.609024,-3446.844058,LLL
-401.0254225,187.8030871,213.2002347,39.89051994,3348.436946,-3388.518567,LLL
-400.3665058,176.5726332,223.7717721,-82.30602102,3408.956565,-3326.841644,LLL
-399.3125773,165.1679101,234.122567,-204.4176553,3466.115594,-3261.889037,LLL
-397.8645894,153.6002604,244.2422291,-326.3313209,3519.850182,-3193.709957,LLL
-396.0240589,141.8810124,254.1209469,-447.9192524,3570.114746,-3122.386588,LLL
-393.7927144,130.0218193,263.7487958,-569.0689122,3616.85223,-3047.97441,LLL
-391.1728457,118.0342969,273.1164498,-689.6532816,3660.023963,-2970.561772,LLL
-388.1669504,105.9303632,282.2144885,-809.5608203,3699.579884,-2890.210153,LLL
-384.778083,93.72187554,291.0341091,-928.6657289,3735.488416,-2807.013775,LLL
-381.0094999,81.42097013,299.5664316,-1046.857933,3767.706658,-2721.03981,LLL
-376.8650081,69.03969853,307.8032118,-1164.013321,3796.210282,-2632.388044,LLL
-372.3486099,56.59036754,315.7361448,-1280.023748,3820.963687,-2541.131021,LLL
-367.4648503,44.08517514,323.3575779,-1394.767249,3841.949918,-2447.373749,LLL
-362.2184609,31.5365505,330.6598135,-1508.138065,3859.140789,-2351.193802,LLL
-356.6147075,18.95678952,337.6358213,-1620.016831,3872.526812,-2252.701057,LLL
-350.6590321,6.358395024,344.2785407,-1730.300621,3882.087296,-2151.97775,LLL
-344.3574003,-6.246288029,350.5815923,-1838.873111,3887.82029,-2049.138252,LLL
-337.715943,-18.84473217,356.5385794,-1945.634642,3889.712651,-1944.26908,LLL
-330.7413027,-31.42459244,362.1437997,-2050.472363,3887.769997,-1837.488703,LLL
-323.4402743,-43.97336581,367.3915449,-2153.290303,3881.986758,-1728.887523,LLL
-315.8201512,-56.4787564,372.2768126,-2253.9795,3872.376131,-1618.587696,LLL
-307.8883653,-68.92833463,376.7946053,-2352.448081,3858.940109,-1506.683092,LLL
-299.6528326,-81.30990255,380.9406408,-2448.591374,3841.699445,-1393.299133,LLL
-291.1215923,-93.61115273,384.7106509,-2542.321993,3820.663659,-1278.532727,LLL
-282.303152,-105.8200336,388.1010918,-2633.539939,3795.861006,-1162.512125,LLL
-273.206126,-117.9244083,391.1084408,-2722.162691,3767.308467,-1045.336833,LLL
-263.8395805,-129.9124194,393.7299067,-2808.095288,3735.041717,-927.1374839,LLL
-254.2126707,-141.7721479,395.9627257,-2891.260427,3699.085102,-808.0157282,LLL
-244.3349855,-153.4919781,397.8048709,-2971.568531,3659.481604,-688.1041251,LLL
-234.2161846,-165.0602554,399.2543478,-3048.947849,3616.26281,-567.5060111,LLL
-223.8663426,-176.4656519,400.3099025,-3123.314513,3569.47887,-446.3554048,LLL
-213.2955849,-187.6968233,400.9703165,-3194.602636,3519.168454,-324.7568637,LLL
-202.5144322,-198.7427743,401.235115,-3262.734362,3465.388713,-202.845395,LLL
-191.5334355,-209.5925154,401.1038598,-3327.649957,3408.185221,-80.72630632,LLL
-180.3635204,-220.2354276,400.5768572,-3389.277852,3347.62193,41.46488124,LLL
-169.0156217,-230.6609193,399.6544504,-3447.564733,3283.751111,163.6225838,LLL
-157.5010269,-240.8587901,398.3377267,-3502.445573,3216.643294,285.6112427,LLL
-145.8310109,-250.8188876,396.6278085,-3553.873716,3146.357208,407.3254729,LLL
-134.0171792,-260.5314707,394.5265603,-3601.790904,3072.969716,528.6301549,LLL
-122.0711022,-269.986866,392.0358788,-3646.157352,2996.545744,649.4205769,LLL
-110.0046576,-279.1758304,389.1583988,-3686.921773,2917.168211,769.5625331,LLL
-97.82966505,-288.0892072,385.8967834,-3724.05144,2834.907956,888.9524568,LLL
-85.5582283,-296.7182883,382.2544281,-3757.502209,2749.853656,1007.457527,LLL
-73.20236931,-305.0544695,378.2347506,-3787.248568,2662.081755,1124.975789,LLL
-60.77437025,-313.0896124,373.8418947,-3813.253662,2571.686366,1241.376274,LLL
-48.28640763,-320.8156988,369.0800188,-3835.499326,2478.749207,1356.559098,LLL
-35.75089397,-328.2251924,363.953999,-3853.956107,2383.369486,1470.395602,LLL
-23.18011191,-335.3106926,358.4687175,-3868.613288,2285.633842,1582.78843,LLL
-10.58655567,-342.0652952,352.6297641,-3879.44891,2185.646216,1693.611678,LLL
2.0174348,-348.4822459,346.4427246,-3886.459771,2083.497798,1802.770959,LLL
14.61933253,-354.5553002,339.9138815,-3889.631461,1979.296881,1910.143569,LLL
27.20678932,-360.2783765,333.0495012,-3888.968341,1873.138814,2015.638517,LLL
39.76729454,-365.6459149,325.8565348,-3884.463576,1765.135845,2119.136722,LLL
52.2885408,-370.6525303,318.3419042,-3876.129098,1655.387081,2220.551012,LLL
64.75808286,-375.2933699,310.513202,-3863.965649,1544.008307,2319.766337,LLL
77.16370304,-379.5637654,302.3779776,-3847.992714,1431.101965,2416.699746,LLL
89.49307028,-383.4595908,293.9444361,-3828.218576,1316.786954,2511.240621,LLL
101.7341052,-386.9769132,285.2207239,-3804.670228,1201.168617,2603.310612,LLL
113.8746391,-390.1123495,276.2156265,-3777.363435,1084.368527,2692.803911,LLL
125.9027791,-392.8627173,266.9378547,-3746.332616,966.4944806,2779.64714,LLL
137.8065665,-395.2253904,257.3967406,-3711.600927,847.6702733,2863.739659,LLL
149.574342,-397.1979492,247.6015241,-3673.210109,728.0057059,2945.013412,LLL
161.1944041,-398.7785348,237.5620479,-3631.190586,607.6263343,3023.373262,LLL
172.6553733,-399.9654995,227.2880438,-3585.591289,486.6434997,3098.756801,LLL
183.9458508,-400.7577599,216.7898269,-3536.449757,365.1840535,3171.074717,LLL
195.0547824,-401.1544461,206.0775818,-3483.821945,243.3604083,3240.270552,LLL
205.971117,-401.1552546,195.162056,-3427.752336,121.3002398,3306.261114,LLL
216.6841694,-400.7600967,184.053846,-3368.303716,-0.883440797,3368.996176,LLL
227.1832792,-399.9694502,172.7640901,-3305.527304,-123.0626086,3428.398934,LLL
237.4581728,-398.7840076,161.3037541,-3239.492499,-245.1241288,3484.425651,LLL
247.4986225,-397.2050265,149.6843236,-3170.257027,-366.9401031,3537.006154,LLL
257.2948073,-395.2339775,137.9170901,-3097.896654,-488.397749,3586.103429,LLL
266.8369717,-392.8728934,126.0138419,-3022.475354,-609.3697707,3631.654153,LLL
276.1157866,-390.1240167,113.9861506,-2944.074993,-729.7442117,3673.628234,LLL
285.1220071,-386.9901478,101.8460615,-2862.765512,-849.3948521,3711.969396,LLL
293.846833,-383.4742919,89.60538001,-2778.634581,-968.2110326,3746.654647,LLL
302.2815661,-379.5800062,77.27636147,-2691.757804,-1086.068078,3777.634916,LLL
310.4179701,-375.3110465,64.87099804,-2602.228336,-1202.857092,3804.894464,LLL
318.2479278,-370.6717131,52.40170727,-2510.127117,-1318.455407,3828.391562,LLL
325.7637994,-365.6664971,39.88061996,-2415.552451,-1432.756349,3848.117841,LLL
332.9580802,-360.3004254,27.32026772,-2318.590266,-1545.639713,3864.03902,LLL
339.8237577,-354.5787063,14.73287137,-2219.343653,-1657.001496,3876.154193,LLL
346.3539691,-348.5070737,2.131027784,-2117.903158,-1766.724402,3884.436606,LLL
352.542357,-342.0914325,-10.4730011,-2014.376286,-1874.70754,3888.892874,LLL
358.382727,-335.3382012,-23.06660216,-1908.857815,-1980.836955,3889.503819,LLL
363.8694026,-328.2539573,-35.6375214,-1801.459264,-2085.015294,3886.28361,LLL
368.996882,-320.8457792,-48.17317859,-1692.279242,-2187.132367,3879.220661,LLL
373.7601921,-313.1208908,-60.66137672,-1581.432873,-2287.094771,3868.336698,LLL
378.1545449,-305.0870027,-73.08961736,-1469.022176,-2384.796484,3853.627716,LLL
382.1756908,-296.7519564,-85.44580934,-1355.165456,-2480.148453,3835.122968,LLL
385.8195745,-288.1240644,-97.7175847,-1239.96771,-2573.049216,3812.825987,LLL
389.0826868,-279.2117547,-109.8930065,-1123.549987,-2663.414448,3786.773497,LLL
391.9617206,-270.0239093,-121.9598853,-1006.019819,-2751.147616,3756.976499,LLL
394.4539213,-260.5695088,-133.9064862,-887.500547,-2836.169487,3723.4791,LLL
396.5567428,-250.8579703,-145.7208459,-768.101787,-2918.388811,3686.299665,LLL
398.2681965,-240.8987913,-157.3914783,-647.9487149,-2997.731785,3645.489569,LLL
399.5865067,-230.7018868,-168.9066928,-527.1525681,-3074.112775,3601.074414,LLL
400.5104591,-220.2772334,-180.2552983,-405.8398922,-3147.46373,3553.112695,LLL
401.0390553,-209.6352054,-191.4259222,-284.1230787,-3217.704938,3501.637091,LLL
401.1718601,-198.7862189,-202.4077132,-162.1295719,-3284.774398,3446.713046,LLL
400.9086561,-187.7410668,-213.1896609,-39.97244504,-3348.598606,3388.38013,LLL
400.2497892,-176.5105631,-223.7612975,82.22043282,-3409.121886,3326.710534,LLL
399.1958236,-165.1058772,-234.1120175,204.3357818,-3466.277203,3261.750503,LLL
397.7478854,-153.5381778,-244.2317784,326.2457841,-3520.015452,3193.578752,LLL
395.9073176,-141.8189672,-254.1104209,447.8374289,-3570.276305,3122.247961,LLL
393.6760226,-129.9597245,-263.7383683,568.9834255,-3617.017449,3047.843111,LLL
391.0561164,-117.9722396,-273.1059467,689.5715067,-3660.185474,2970.423056,LLL
388.0502705,-105.8682566,-282.2040836,809.4753825,-3699.745055,2890.078764,LLL
384.6613655,-93.65980662,-291.0236282,928.5840011,-3735.64988,2806.874971,LLL
380.8928315,-81.35885206,-299.5560485,1046.772543,-3767.871782,2720.908333,LLL
376.748302,-68.97761826,-307.7927525,1163.931639,-3796.371699,2632.249156,LLL
372.2319528,-56.52823829,-315.7257829,1279.938404,-3821.128764,2540.999457,LLL
367.3481552,-44.02308384,-323.3471396,1394.685611,-3842.111291,2447.234779,LLL
362.1018147,-31.47441038,-330.6494722,1508.052766,-3859.30582,2351.062155,LLL
356.4980232,-18.89468748,-337.6254034,1619.935237,-3872.688141,2252.562008,LLL
350.5423965,-6.296244339,-344.2682195,1730.215367,-3882.252284,2151.846022,LLL
344.2407266,6.308400509,-350.5711941,1838.791559,-3887.981578,2048.999126,LLL
337.5993178,18.90689313,-356.5282777,1945.549431,-3889.877595,1944.137272,LLL
330.6246392,31.48671507,-362.1334207,2050.390851,-3887.931244,1837.349504,LLL
323.3236591,44.03553677,-367.381262,2153.205134,-3882.15166,1728.755638,LLL
315.7034975,56.54088891,-372.2664523,2253.898028,-3872.537339,1618.448425,LLL
307.7717598,68.99051531,-376.7843407,2352.362954,-3859.10497,1506.551133,LLL
299.5361886,81.37204467,-380.9302986,2448.509939,-3841.860614,1393.159793,LLL
291.0049963,93.67334285,-384.7004042,2542.236905,-3820.82848,1278.400694,LLL
282.1865174,105.8821851,-388.0907672,2633.458541,-3796.022138,1162.372718,LLL
273.0895393,117.9866076,-391.0982113,2722.077642,-3767.473248,1045.20473,LLL
263.7229551,129.9745799,-393.7195991,2808.013927,-3735.202813,926.9980111,LLL
254.096093,141.8343561,-395.9525129,2891.175416,-3699.249845,807.8835558,LLL
244.218369,153.5541474,-397.7945799,2971.487204,-3659.642666,687.9645895,LLL
234.0996157,165.1224724,-399.2441513,3048.862875,-3616.427516,567.3737714,LLL
223.7497347,176.5278299,-400.2996276,3123.233221,-3569.639897,446.2158085,LLL
213.1790245,187.7590487,-400.9601359,3194.517699,-3519.333124,324.6245584,LLL
202.3978327,198.8049607,-401.2248558,3262.653103,-3465.549707,202.7057401,LLL
191.4168834,209.654749,-401.0936945,3327.565055,-3408.349855,80.59393714,LLL
180.2469292,220.2976221,-400.5666131,3389.196625,-3347.782893,-41.60459283,LLL
168.8990776,230.7231609,-399.6443,3447.479866,-3283.91571,-163.7550152,LLL
157.3844436,240.9209925,-398.3274973,3502.364377,-3216.804225,-285.7510091,LLL
145.7144746,250.8811369,-396.6176725,3553.788883,-3146.521773,-407.4579649,LLL
133.9006037,260.5936808,-394.5163452,3601.709737,-3073.130617,-528.7699742,LLL
121.9545735,270.0491229,-392.0257568,3646.072552,-2996.710276,-649.553128,LLL
109.8880896,279.238048,-389.1481977,3686.840636,-2917.329083,-769.7024036,LLL
97.7131438,288.1514715,-385.886675,3723.966673,-2835.072456,-889.0850653,LLL
85.44166768,296.7805132,-382.2442404,3757.4211,-2750.0145,-1007.597447,LLL
73.08585527,305.116741,-378.2246554,3787.163832,-2662.246223,-1125.108454,LLL
60.65781679,313.1518444,-373.8317201,3813.172581,-2571.847183,-1241.516241,LLL
48.1699006,320.8779772,-369.0699364,3835.414621,-2478.913644,-1356.691817,LLL
35.63434748,328.2874314,-363.9438372,3853.875052,-2383.530276,-1470.535616,LLL
23.06361171,335.3729778,-358.4586476,3868.528614,-2285.798249,-1582.921202,LLL
10.47001595,342.1275409,-352.6196146,3879.367881,-2185.80698,-1693.751736,LLL
-2.133928358,348.5445377,-346.4326668,3886.375125,-2083.662176,-1802.903784,LLL
-14.73586565,354.6175524,-339.9037439,3889.550457,-1979.457619,-1910.28367,LLL
-27.32327641,360.3406747,-333.0394551,3888.883724,-1873.303163,-2015.771392,LLL
-39.88382123,365.7081736,-325.8464089,3884.382596,-1765.29656,-2119.276864,LLL
-52.4050216,370.7148348,-318.3318694,3876.04451,-1655.551401,-2220.683936,LLL
-64.87460329,375.3556347,-310.5030874,3863.884692,-1544.168998,-2319.906519,LLL
-77.28017773,379.626076,-302.3679539,3847.908153,-1431.266258,-2416.832718,LLL
-89.60958462,383.5218617,-293.9343325,3828.137642,-1316.947623,-2511.380841,LLL
-101.8505739,387.0392296,-285.2107108,3804.585695,-1201.332884,-2603.443631,LLL
-113.9911476,390.1746262,-276.2055335,3777.282523,-1084.529173,-2692.944168,LLL
-126.019242,392.9250395,-266.927852,3746.248109,-966.6587203,-2779.780205,LLL
-137.9230692,395.2876729,-257.386658,3711.520036,-847.830898,-2863.879953,LLL
-149.6907993,397.2602769,-247.5915315,3673.125628,-728.1699197,-2945.146521,LLL
-161.3109011,398.8408228,-237.5519753,3631.109717,-607.7869382,-3023.513589,LLL
-172.771825,400.0278327,-227.278061,3585.506832,-486.8076882,-3098.889953,LLL
-184.0623423,400.8200533,-216.7797641,3536.368907,-365.3446372,-3171.215077,LLL
-195.1712289,401.2167846,-206.0676085,3483.737514,-243.5245721,-3240.403747,LLL
-206.0876032,401.2175533,-195.1520026,3427.671507,-121.4608041,-3306.401506,LLL
-216.8006106,400.8224403,-184.0438819,3368.219309,0.719301313,-3369.129412,LLL
-227.2997602,400.0317541,-172.7540458,3305.446493,122.9020633,-3428.539357,LLL
-237.574609,398.8463562,-161.2937989,3239.408116,244.960013,-3484.558927,LLL
-247.6150985,397.2673354,-149.6742883,3170.176234,366.7795762,-3537.146607,LLL
-257.4112385,395.296331,-137.9071436,3097.812293,488.2336565,-3586.236744,LLL
-266.9534427,392.9352071,-126.0038152,3022.394579,609.2092615,-3631.794633,LLL
-276.232213,390.186375,-113.9762125,2943.990655,729.580142,-3673.761588,LLL
-285.2384733,387.0524663,-101.8360431,2862.684755,849.2343601,-3712.109904,LLL
-293.9632547,383.5366548,-89.59545,2778.550266,968.0469851,-3746.788038,LLL
-302.3980277,379.6423294,-77.2663513,2691.677062,1085.907603,-3777.775451,LLL
-310.5343873,375.3734139,-64.86107592,2602.144042,1202.693066,-3805.027892,LLL
-318.3643848,370.7340407,-52.391705,2510.046392,1318.294948,-3828.532122,LLL
-325.8802121,365.7288689,-39.8707055,2415.468179,1432.592344,-3848.251304,LLL
-333.0745327,360.3627574,-27.31027312,2318.509556,1545.479269,-3864.179603,LLL
-339.9401662,354.6410823,-14.72296434,2219.259402,1656.837512,-3876.287691,LLL
-346.4704173,348.56941,-2.121040622,2117.822464,1766.563974,-3884.577212,LLL
-352.6587612,342.1538127,10.48290093,2014.292056,1874.543577,-3889.026406,LLL
-358.499171,335.4005416,23.0765821,1908.777135,1980.676541,-3889.644447,LLL
-363.9858028,328.3163415,35.64741426,1801.375054,2084.851352,-3886.417175,LLL
-369.1133219,320.9081237,48.18315152,1692.198576,2186.971967,-3879.361311,LLL
-373.8765882,313.183279,60.67126281,1581.348682,2286.930848,-3868.470296,LLL
-378.2709808,305.1493511,73.0995835,1468.941524,2384.636098,-3853.768386,LLL
-382.2920831,296.8143484,85.45568886,1355.081285,2479.98455,-3835.256597,LLL
-385.9360065,288.1864167,97.72754423,1239.887072,2572.888844,-3812.966676,LLL
-389.1990753,279.2741504,109.9028796,1123.465835,2663.250564,-3786.907157,LLL
-392.0781487,270.0862653,121.9698384,1005.939193,2750.987257,-3757.117207,LLL
-394.5703061,260.6319082,133.9163532,887.4164134,2836.005622,-3723.61279,LLL
-396.6731672,250.9203301,145.7307928,768.0211739,2918.228464,-3686.440391,LLL
-398.3845777,240.9611942,157.4013393,647.8645996,2997.567938,-3645.623289,LLL
-399.7029276,230.7642501,168.9166337,527.0719669,3073.95244,-3601.215156,LLL
-400.6268368,220.3396398,180.2651536,405.7557949,3147.299901,-3553.246444,LLL
-401.1554726,209.6975722,191.4358572,284.0424891,3217.544614,-3501.77785,LLL
-401.2882344,198.8486287,202.4175628,162.0454922,3284.610587,-3446.846823,LLL
-401.0250699,187.803437,213.1995903,39.89186678,3348.438294,-3388.520904,LLL
-400.3661602,176.5729761,223.7711417,-82.30449515,3408.958092,-3326.844338,LLL
-399.312234,165.1682506,234.1219413,-204.4163492,3466.116902,-3261.891292,LLL
-397.8642531,153.6005941,244.2416173,-326.3298294,3519.851675,-3193.712583,LLL
-396.0237248,141.8813439,254.1203395,-447.9179858,3570.116014,-3122.388763,LLL
-393.7923871,130.0221439,263.7482021,-569.0674541,3616.853689,-3047.976968,LLL
-391.1725204,118.0346194,273.1158601,-689.6520534,3660.025193,-2970.563871,LLL
-388.166632,105.930679,282.2139124,-809.5593947,3699.581311,-2890.212647,LLL
-384.7777664,93.72218952,291.0335365,-928.664538,3735.489609,-2807.015799,LLL
-381.00919,81.42127737,299.5658726,-1046.856539,3767.708054,-2721.042241,LLL
-376.8646999,69.04000415,307.802656,-1164.012166,3796.211438,-2632.389996,LLL
-372.3483083,56.59066647,315.7356023,-1280.022384,3820.965052,-2541.13339,LLL
-367.4645501,44.08547264,323.3570383,-1394.766129,3841.951039,-2447.37563,LLL
-362.2181674,31.53684137,330.6592871,-1508.136731,3859.142124,-2351.196112,LLL
-356.6144152,18.95707913,337.6352975,-1620.015746,3872.527898,-2252.70287,LLL
-350.6587464,6.358678055,344.27803,-1730.299316,3882.088603,-2151.980002,LLL
-344.3571157,-6.246006085,350.5810838,-1838.872059,3887.821344,-2049.139998,LLL
-337.7156649,-18.84445675,356.538084,-1945.633365,3889.713929,-1944.271276,LLL
-330.7410256,-31.42431794,362.1433061,-2050.471343,3887.771018,-1837.490385,LLL
-323.4400036,-43.97309779,367.3910642,-2153.289053,3881.988009,-1728.889664,LLL
-315.8198812,-56.47848914,372.2763335,-2253.978512,3872.377121,-1618.589315,LLL
-307.8881018,-68.9280738,376.794139,-2352.446858,3858.941334,-1506.68518,LLL
-299.6525697,-81.30964231,380.9401757,-2448.590416,3841.700404,-1393.300691,LLL
-291.1213357,-93.61089888,384.7101986,-2542.320795,3820.664858,-1278.534764,LLL
-282.3028959,-105.8197802,388.1006404,-2633.539011,3795.861935,-1162.513624,LLL
-273.2058763,-117.9241612,391.1080021,-2722.161518,3767.309641,-1045.33882,LLL
-263.8393311,-129.9121726,393.7294686,-2808.094389,3735.042617,-927.1389244,LLL
-254.2124275,-141.7719074,395.9623001,-2891.259278,3699.086252,-808.0176672,LLL
-244.3347425,-153.4917377,397.8044457,-2971.56766,3659.482477,-688.1055096,LLL
-234.2159479,-165.0600213,399.253935,-3048.946724,3616.263936,-567.507903,LLL
-223.8661058,-176.4654178,400.3094898,-3123.313669,3569.479715,-446.3567349,LLL
-213.2953544,-187.6965955,400.9699162,-3194.601534,3519.169558,-324.75871,LLL
-202.5142015,-198.7425463,401.2347145,-3262.733545,3465.389532,-202.8466722,LLL
-191.533211,-209.5922936,401.1034716,-3327.648877,3408.186302,-80.72810814,LLL
-180.3632957,-220.2352055,400.5764684,-3389.277061,3347.622724,41.46365549,LLL
-169.0154031,-230.6607033,399.6540739,-3447.563675,3283.75217,163.6208251,LLL
-157.5008078,-240.8585737,398.3373494,-3502.444807,3216.644062,285.6100669,LLL
-145.830798,-250.8186773,396.6274434,-3553.872678,3146.358246,407.3237562,LLL
-134.0169658,-260.5312599,394.5261941,-3601.790162,3072.97046,528.6290277,LLL
-122.0708948,-269.9866612,392.0355247,-3646.156335,2996.546762,649.4189008,LLL
-110.0044496,-279.175625,389.1580436,-3686.921055,2917.168931,769.5614531,LLL
-97.82946305,-288.0890078,385.8964402,-3724.050443,2834.908954,888.9508202,LLL
-85.55802554,-296.7180882,382.2540833,-3757.501513,2749.854354,1007.456493,LLL
-73.20217253,-305.0542754,378.2344178,-3787.24759,2662.082734,1124.974191,LLL
-60.7741726,-313.0894174,373.8415601,-3813.252989,2571.687041,1241.375284,LLL
-48.28621594,-320.8155098,369.0796961,-3835.498366,2478.750167,1356.557537,LLL
-35.75070129,-328.2250024,363.9536744,-3853.955455,2383.37014,1470.394656,LLL
-23.17992515,-335.3105086,358.4684047,-3868.612347,2285.634784,1582.786905,LLL
-10.58636782,-342.0651101,352.6294492,-3879.448279,2185.646849,1693.610774,LLL
2.017616763,-348.4820666,346.4424214,-3886.458847,2083.498723,1802.76947,LLL
14.6195157,-354.5551197,339.9135759,-3889.630851,1979.297493,1910.142705,LLL
27.20696662,-360.2782018,333.0492074,-3888.967434,1873.139722,2015.637062,LLL
39.76747315,-365.645739,325.8562383,-3884.462985,1765.136438,2119.135898,LLL
52.28871358,-370.6523602,318.3416194,-3876.128209,1655.387972,2220.54959,LLL
64.75825704,-375.2931984,310.5129144,-3863.965078,1544.00888,2319.765552,LLL
77.16387143,-379.5635998,302.3777016,-3847.99184,1431.10284,2416.698357,LLL
89.49324016,-383.4594237,293.9441571,-3828.218023,1316.787509,2511.239873,LLL
101.7342693,-386.9767518,285.2204564,-3804.66937,1201.169477,2603.309254,LLL
113.8748048,-390.1121865,276.2153558,-3777.3629,1084.369063,2692.803199,LLL
125.902939,-392.8625601,266.9375955,-3746.331774,966.4953247,2779.645812,LLL
137.8067282,-395.2252315,257.3964781,-3711.60041,847.6707917,2863.738983,LLL
149.574498,-397.1977959,247.601273,-3673.209282,728.0065352,2945.012113,LLL
161.1945618,-398.7783798,237.5617933,-3631.190087,607.6268356,3023.37262,LLL
172.6555253,-399.9653502,227.2878005,-3585.590475,486.6443146,3098.755531,LLL
183.9460047,-400.7576087,216.7895799,-3536.449274,365.1845381,3171.074108,LLL
195.0549307,-401.1543006,206.0773461,-3483.821146,243.3612093,3240.269311,LLL
205.9712672,-401.1551071,195.1618165,-3427.75187,121.3007082,3306.260537,LLL
216.6843139,-400.7599549,184.0536178,-3368.30293,-0.88265345,3368.994962,LLL
227.1834257,-399.9693064,172.7638577,-3305.526853,-123.0621559,3428.398389,LLL
237.4583138,-398.7838694,161.303533,-3239.491727,-245.1233546,3484.424463,LLL
247.4987655,-397.2048862,149.6840983,-3170.256591,-366.9396658,3537.00564,LLL
257.2949447,-395.2338428,137.916876,-3097.895894,-488.3969877,3586.102266,LLL
266.8371113,-392.8727565,126.0136234,-3022.474933,-609.3693482,3631.653668,LLL
276.1159206,-390.1238854,113.9859433,-2944.074245,-729.7434629,3673.627097,LLL
285.1221434,-386.9900142,101.8458496,-2862.765106,-849.394444,3711.96894,LLL
293.8469637,-383.4741639,89.60517927,-2778.633846,-968.2102958,3746.653534,LLL
302.2816992,-379.5798759,77.27615606,-2691.757411,-1086.067684,3777.634489,LLL
310.4180977,-375.3109217,64.87080369,-2602.227612,-1202.856367,3804.893375,LLL
318.2480577,-370.6715859,52.40150812,-2510.126738,-1318.455026,3828.391162,LLL
325.7639238,-365.6663754,39.88043183,-2415.551739,-1432.755635,3848.116774,LLL
332.9582071,-360.3003012,27.32007465,-2318.5899,-1545.639345,3864.038646,LLL
339.8238791,-354.5785876,14.73268928,-2219.342952,-1657.000793,3876.153148,LLL
346.354093,-348.5069525,2.130840614,-2117.902805,-1766.724048,3884.436257,LLL
352.5424755,-342.0913167,-10.47317732,-2014.375596,-1874.706848,3888.891851,LLL
358.3828481,-335.3380828,-23.06678359,-1908.857474,-1980.836613,3889.503495,LLL
363.8695183,-328.2538443,-35.63769193,-1801.458585,-2085.014613,3886.282608,LLL
368.9970003,-320.8456636,-48.17335445,-1692.278913,-2187.132037,3879.220362,LLL
373.7603049,-313.1207806,-60.66154171,-1581.432203,-2287.0941,3868.335717,LLL
378.1546605,-305.0868898,-73.08978781,-1469.021859,-2384.796166,3853.62744,LLL
382.175801,-296.7518489,-85.44596895,-1355.164796,-2480.147792,3835.122006,LLL
385.8196875,-288.1239541,-97.71774988,-1239.967405,-2573.04891,3812.825734,LLL
389.0827944,-279.2116498,-109.8931608,-1123.549337,-2663.413797,3786.772555,LLL
391.961831,-270.0238016,-121.9600454,-1006.019525,-2751.147321,3756.976268,LLL
394.4540263,-260.5694065,-133.9066355,-887.4999064,-2836.168845,3723.478176,LLL
396.5568507,-250.8578651,-145.721001,-768.1015039,-2918.388526,3686.299456,LLL
398.268299,-240.8986914,-157.3916227,-647.9480833,-2997.731152,3645.488664,LLL
399.5866122,-230.701784,-168.9068431,-527.1522954,-3074.112501,3601.074226,LLL
400.5105593,-220.2771359,-180.2554379,-405.8392695,-3147.463106,3553.111807,LLL
401.0391585,-209.635105,-191.4260678,-284.1228161,-3217.704674,3501.636923,LLL
401.171958,-198.7861238,-202.4078481,-162.1289578,-3284.773783,3446.712176,LLL
400.908757,-187.7409687,-213.1898019,-39.97219236,-3348.598352,3388.379981,LLL
400.2498848,-176.5104703,-223.7614279,82.22103856,-3409.121279,3326.709679,LLL
399.1959222,-165.1057812,-234.1121541,204.3360249,-3466.276959,3261.750374,LLL
397.7479788,-153.5380872,-244.2319044,326.2463817,-3520.014853,3193.577914,LLL
395.9074141,-141.8188734,-254.1105532,447.8376628,-3570.276069,3122.247851,LLL
393.6761138,-129.959636,-263.73849,568.9840152,-3617.016858,3047.842289,LLL
391.0562108,-117.9721479,-273.1060749,689.5717315,-3660.185247,2970.422963,LLL
388.0503597,-105.8681701,-282.2042012,809.4759645,-3699.744472,2890.077957,LLL
384.6614579,-93.65971692,-291.0237523,928.5842172,-3735.649662,2806.874896,LLL
380.8929187,-81.35876761,-299.5561621,1046.773118,-3767.871206,2720.907541,LLL
376.7483924,-68.97753053,-307.7928726,1163.931847,-3796.37149,2632.249098,LLL
372.232038,-56.5281558,-315.7258926,1279.938972,-3821.128195,2540.99868,LLL
367.3482437,-44.02299802,-323.3472559,1394.68581,-3842.11109,2447.234738,LLL
362.101898,-31.47432979,-330.6495781,1508.053327,-3859.305259,2351.061392,LLL
356.4981099,-18.89460353,-337.6255159,1619.935428,-3872.687948,2252.561982,LLL
350.5424779,-6.296165593,-344.2683216,1730.21592,-3882.251729,2151.845273,LLL
344.2408114,6.308482654,-350.5713031,1838.791742,-3887.981393,2048.999116,LLL
337.5993975,18.90697008,-356.5283763,1945.549978,-3889.877047,1944.136537,LLL
330.6247223,31.48679546,-362.1335261,2050.391027,-3887.931066,1837.349509,LLL
323.323737,44.03561198,-367.3813571,2153.205674,-3882.151119,1728.754915,LLL
315.7035789,56.5409676,-372.2665544,2253.898196,-3872.537168,1618.448445,LLL
307.7718361,68.99058882,-376.7844324,2352.363487,-3859.104435,1506.550422,LLL
299.5362683,81.37212169,-380.9303973,2448.510101,-3841.860451,1393.159827,LLL
291.0050709,93.67341472,-384.7004926,2542.237432,-3820.827951,1278.399996,LLL
282.1865955,105.8822605,-388.0908627,2633.458696,-3796.021982,1162.372765,LLL
273.0896123,117.9866778,-391.0982966,2722.078164,-3767.472725,1045.204044,LLL
263.7230316,129.9746538,-393.7196915,2808.014075,-3735.202663,926.9980723,LLL
254.0961644,141.8344249,-395.9525951,2891.175932,-3699.249328,807.8828814,LLL
244.218444,153.5542198,-397.7946693,2971.487346,-3659.642523,687.9646637,LLL
234.0996856,165.1225396,-399.2442304,3048.863385,-3616.427005,567.3731083,LLL
223.7498083,176.5279008,-400.299714,3123.233356,-3569.63976,446.2158954,LLL
213.1790929,187.7591145,-400.9602121,3194.518204,-3519.332618,324.6239064,LLL
202.3979048,198.8050301,-401.2249393,3262.653232,-3465.549577,202.7058391,LLL
191.4169504,209.6548133,-401.0937678,3327.565555,-3408.349354,80.59329584,LLL
180.2469999,220.2976901,-400.5666938,3389.196748,-3347.782768,-41.60448194,LLL
168.8991432,230.7232238,-399.6443706,3447.48036,-3283.915215,-163.7556461,LLL
157.3845129,240.9210592,-398.3275753,3502.364494,-3216.804106,-285.7508867,LLL
145.7145389,250.8811985,-396.6177404,3553.789372,-3146.521283,-407.4585857,LLL
133.9006718,260.5937462,-394.5164206,3601.709849,-3073.130504,-528.7698407,LLL
121.9546365,270.0491832,-392.0258221,3646.073036,-2996.709791,-649.5537388,LLL
109.8881564,279.2381121,-389.1482705,3686.840743,-2917.328975,-769.7022592,LLL
97.71320553,288.1515305,-385.8867378,3723.967152,-2835.071975,-889.0856665,LLL
85.44173322,296.7805761,-382.2443108,3757.421201,-2750.014397,-1007.597292,LLL
73.08591577,305.1167988,-378.2247157,3787.164307,-2662.245747,-1125.109046,LLL
60.65788112,313.151906,-373.831788,3813.172677,-2571.847085,-1241.516076,LLL
48.16995991,320.8780338,-369.0699943,3835.415091,-2478.913173,-1356.6924,LLL
35.63441063,328.2874918,-363.9439028,3853.875143,-2383.530183,-1470.535441,LLL
23.06366985,335.3730333,-358.4587032,3868.529079,-2285.797782,-1582.921776,LLL
10.47007797,342.1276002,-352.6196779,3879.367967,-2185.806892,-1693.751552,LLL
-2.133871342,348.544592,-346.4327201,3886.375587,-2083.661713,-1802.904349,LLL
-14.73580474,354.6176106,-339.903805,3889.550539,-1979.457536,-1910.283476,LLL
-27.32322049,360.3407279,-333.0395062,3888.884181,-1873.302704,-2015.771949,LLL
-39.8837614,365.7082307,-325.8464679,3884.382673,-1765.296481,-2119.276662,LLL
-52.40496675,370.7148869,-318.3319184,3876.044963,-1655.550947,-2220.684484,LLL
-64.8745445,375.3556908,-310.5031442,3863.884765,-1544.168924,-2319.906308,LLL
-77.28012391,379.6261271,-302.3680009,3847.908602,-1431.265808,-2416.833259,LLL
-89.60952685,383.5219168,-293.9343873,3828.137711,-1316.947552,-2511.380621,LLL
-101.8505211,387.0392797,-285.2107558,3804.58614,-1201.332437,-2603.444164,LLL
-113.9910908,390.1746803,-276.2055864,3777.282588,-1084.529107,-2692.94394,LLL
-126.0191902,392.9250886,-266.927895,3746.24855,-966.6582777,-2779.78073,LLL
-137.9230134,395.287726,-257.3867089,3711.520097,-847.8308359,-2863.879717,LLL
-149.6907484,397.2603251,-247.5915726,3673.126066,-728.1694808,-2945.147039,LLL
-161.3108463,398.840875,-237.5520244,3631.109774,-607.78688,-3023.513346,LLL
-172.7717751,400.02788,-227.2781003,3585.507266,-486.8072529,-3098.890464,LLL
-184.0622884,400.8201046,-216.7798113,3536.36896,-365.3445827,-3171.214826,LLL
-195.1711798,401.216831,-206.067646,3483.737944,-243.5241402,-3240.404251,LLL
-206.0875501,401.2176037,-195.1520481,3427.671556,-121.4607532,-3306.401248,LLL
-216.8005624,400.8224858,-184.0439176,3368.219736,0.719729717,-3369.129909,LLL
-227.2997079,400.0318036,-172.7540896,3305.446539,122.9021106,-3428.539091,LLL
-237.5745616,398.8464009,-161.2938329,3239.40854,244.9604381,-3484.559417,LLL
-247.615047,397.2673841,-149.6743304,3170.176277,366.7796201,-3537.146335,LLL
-257.411192,395.2963748,-137.907176,3097.812714,488.2340784,-3586.237228,LLL
-266.9533921,392.935255,-126.0038557,3022.394618,609.2093022,-3631.794355,LLL
-276.2321672,390.186418,-113.9762433,2943.991073,729.5805607,-3673.762066,LLL
-285.2384235,387.0525134,-101.8360821,2862.684791,849.2343976,-3712.109619,LLL
-293.9632097,383.5366971,-89.59547925,2778.55068,968.0474007,-3746.78851,LLL
-302.3979786,379.6423757,-77.26638875,2691.677095,1085.907637,-3777.775159,LLL
-310.5343431,375.3734554,-64.86110367,2602.144453,1202.693479,-3805.028357,LLL
-318.3643364,370.7340864,-52.39174097,2510.046422,1318.294979,-3828.531824,LLL
-325.8801686,365.7289097,-39.8707318,2415.468588,1432.592754,-3848.251763,LLL
-333.0744851,360.3628023,-27.31030765,2318.509583,1545.479298,-3864.179301,LLL
-339.9401234,354.6411224,-14.72298921,2219.259807,1656.837919,-3876.288145,LLL
-346.4703704,348.5694542,-2.121073759,2117.822488,1766.563999,-3884.576904,LLL
-352.6587191,342.1538521,10.48287743,2014.292459,1874.543981,-3889.026854,LLL
-358.4991248,335.4005851,23.07655032,1908.777156,1980.676564,-3889.644133,LLL
-363.9857613,328.3163802,35.6473921,1801.375454,2084.851753,-3886.417618,LLL
-369.1132763,320.9081665,48.18312106,1692.198595,2186.971988,-3879.360992,LLL
-373.8765474,313.183317,60.67124194,1581.34908,2286.931247,-3868.470734,LLL
-378.2709358,305.1493934,73.09955432,1468.94154,2384.636116,-3853.768062,LLL
-382.2920429,296.8143858,85.45566926,1355.081679,2479.984946,-3835.257029,LLL
-385.9359622,288.1864583,97.72751629,1239.887086,2572.888859,-3812.966347,LLL
-389.1990358,279.2741872,109.9028612,1123.466227,2663.250957,-3786.907585,LLL
-392.078105,270.0863063,121.9698117,1005.939205,2750.98727,-3757.116873,LLL
-394.5702671,260.6319444,133.916336,887.4168032,2836.006013,-3723.613212,LLL
-396.6731241,250.9203705,145.7307672,768.0211831,2918.228474,-3686.440052,LLL
-398.3845393,240.9612299,157.4013233,647.8649869,2997.568327,-3645.623707,LLL
-399.702885,230.7642899,168.9166093,527.071974,3073.952449,-3601.214814,LLL
-400.626799,220.3396748,180.2651386,405.7561799,3147.300288,-3553.246857,LLL
-401.1554306,209.6976115,191.4358339,284.0424941,3217.544621,-3501.777503,LLL
-401.2881972,198.8486632,202.417549,162.0458749,3284.610971,-3446.847231,LLL
-401.0250285,187.8034757,213.1995681,39.89186965,3348.438299,-3388.520552,LLL
-400.3661235,176.5730102,223.7711289,-82.30411466,3408.958474,-3326.844742,LLL
-399.3121931,165.1682888,234.1219202,-204.4163483,3466.116905,-3261.890937,LLL
-397.8642169,153.6006275,244.2416056,-326.3294511,3519.852055,-3193.712982,LLL
-396.0236844,141.8813816,254.1203193,-447.9179868,3570.116015,-3122.388405,LLL
-393.7923514,130.0221769,263.7481913,-569.067078,3616.854067,-3047.977364,LLL
-391.1724805,118.0346566,273.1158409,-689.6520563,3660.025192,-2970.563509,LLL
-388.1665968,105.9307115,282.2139026,-809.5590206,3699.581687,-2890.213038,LLL
-384.7777269,93.72222624,291.0335183,-928.6645427,3735.489606,-2807.015433,LLL
-381.0091552,81.4213094,299.5658638,-1046.856167,3767.708427,-2721.042628,LLL
-376.8646609,69.0400404,307.8026387,-1164.012173,3796.211433,-2632.389626,LLL
-372.348274,56.59069804,315.7355944,-1280.022014,3820.965423,-2541.133773,LLL
-367.4645116,44.08550844,323.3570219,-1394.766137,3841.951032,-2447.375258,LLL
-362.2181335,31.53687249,330.6592801,-1508.136363,3859.142493,-2351.196491,LLL
-356.6143771,18.95711448,337.635282,-1620.015756,3872.52789,-2252.702493,LLL
-350.6587129,6.35870875,344.2780239,-1730.29895,3882.08897,-2151.980378,LLL
-344.3570781,-6.245971161,350.5810692,-1838.872071,3887.821334,-2049.139619,LLL
-337.715632,-18.84442648,356.5380787,-1945.633001,3889.714295,-1944.271648,LLL
-330.7409883,-31.42428343,362.1432923,-2050.471356,3887.771007,-1837.490003,LLL
-323.439971,-43.97306793,367.3910597,-2153.288691,3881.988373,-1728.890032,LLL
-315.8198444,-56.47845504,372.2763206,-2253.978526,3872.377108,-1618.58893,LLL
-307.8880696,-68.92804433,376.7941353,-2352.446497,3858.941696,-1506.685545,LLL
-299.6525332,-81.30960861,380.9401635,-2448.590432,3841.70039,-1393.300303,LLL
-291.1213039,-93.61086979,384.7101957,-2542.320436,3820.665218,-1278.535125,LLL
-282.3028598,-105.8197469,388.100629,-2633.539028,3795.86192,-1162.513233,LLL
-273.2058448,-117.9241325,391.1079999,-2722.161161,3767.309999,-1045.339178,LLL
-263.8392954,-129.9121396,393.7294579,-2808.094407,3735.042601,-927.1385313,LLL
-254.2123964,-141.7718791,395.9622986,-2891.258923,3699.086609,-808.0180216,LLL
-244.3347072,-153.4917051,397.8044357,-2971.567679,3659.482459,-688.1051139,LLL
-234.2159172,-165.0599934,399.2539342,-3048.94637,3616.264292,-567.5082542,LLL
-223.8660709,-176.4653856,400.3094805,-3123.31369,3569.479696,-446.3563368,LLL
-213.295324,-187.6965678,400.9699161,-3194.601182,3519.169911,-324.759058,LLL
-202.5141669,-198.7425144,401.2347059,-3262.733567,3465.389512,-202.8462718,LLL
-191.533181,-209.5922662,401.1034721,-3327.648526,3408.186654,-80.72845304,LLL
-180.3632614,-220.235174,400.5764605,-3389.277083,3347.622702,41.46405804,LLL
-169.0153734,-230.6606763,399.6540751,-3447.563325,3283.752521,163.6204833,LLL
-157.5007739,-240.8585425,398.3373421,-3502.444831,3216.644039,285.6104715,LLL
-145.8307686,-250.8186506,396.6274452,-3553.872331,3146.358596,407.3234173,LLL
-134.0169322,-260.531229,394.5261875,-3601.790187,3072.970436,528.6294344,LLL
-122.0708657,-269.9866349,392.0355272,-3646.155989,2996.54711,649.4185649,LLL
-110.0044162,-279.1755944,389.1580375,-3686.921081,2917.168907,769.5618617,LLL
-97.82943425,-288.0889818,385.8964432,-3724.050098,2834.909301,888.9504871,LLL
-85.5579925,-296.7180579,382.2540779,-3757.50154,2749.854328,1007.456903,LLL
-73.20214402,-305.0542496,378.2344214,-3787.247247,2662.083079,1124.973861,LLL
-60.77413985,-313.0893874,373.8415553,-3813.253017,2571.687015,1241.375696,LLL
-48.2861877,-320.8154843,369.0797003,-3835.498024,2478.750511,1356.55721,LLL
-35.75066882,-328.2249727,363.9536701,-3853.955484,2383.370112,1470.39507,LLL
-23.17989719,-335.3104833,358.4684094,-3868.612006,2285.635126,1582.78658,LLL
-10.58633562,-342.0650806,352.6294454,-3879.448308,2185.646821,1693.611189,LLL
2.017644466,-348.4820416,346.4424267,-3886.458508,2083.499064,1802.769148,LLL
14.61954763,-354.5550905,339.9135727,-3889.630881,1979.297464,1910.143123,LLL
27.20699407,-360.2781771,333.0492131,-3888.967096,1873.140061,2015.636742,LLL
39.76750483,-365.6457101,325.8562356,-3884.463016,1765.136408,2119.136317,LLL
52.28874078,-370.6523357,318.3416256,-3876.127872,1655.38831,2220.549273,LLL
64.75828847,-375.2931697,310.5129122,-3863.965109,1544.00885,2319.765972,LLL
77.16389839,-379.5635755,302.3777084,-3847.991504,1431.103177,2416.698042,LLL
89.49327135,-383.4593952,293.9441554,-3828.218056,1316.787478,2511.240294,LLL
101.734296,-386.9767278,285.2204636,-3804.669036,1201.169813,2603.308941,LLL
113.8748358,-390.1121583,276.2153546,-3777.362933,1084.369031,2692.803622,LLL
125.9029655,-392.8625363,266.9376031,-3746.33144,966.4956593,2779.645503,LLL
137.8067589,-395.2252035,257.3964773,-3711.600444,847.6707595,2863.739407,LLL
149.5745243,-397.1977723,247.6012811,-3673.208949,728.0068686,2945.011806,LLL
161.1945923,-398.778352,237.5617929,-3631.190121,607.6268027,3023.373045,LLL
172.6555513,-399.9653268,227.287809,-3585.590144,486.6446468,3098.755226,LLL
183.946035,-400.7575811,216.78958,-3536.449309,365.1845047,3171.074535,LLL
195.0549565,-401.1542774,206.0773551,-3483.820816,243.3615404,3240.269008,LLL
205.9712973,-401.1550798,195.161817,-3427.751905,121.3006743,3306.260965,LLL
216.6843396,-400.7599319,184.0536271,-3368.302602,-0.88232344,3368.994661,LLL
227.1834556,-399.9692792,172.7638587,-3305.526889,-123.0621904,3428.398817,LLL
237.4583392,-398.7838466,161.3035427,-3239.491399,-245.1230257,3484.424164,LLL
247.4987952,-397.2048592,149.6840996,-3170.256628,-366.9397007,3537.00607,LLL
257.29497,-395.2338202,137.9168861,-3097.895567,-488.3966599,3586.10197,LLL
266.8371408,-392.8727297,126.0136251,-3022.47497,-609.3693836,3631.654099,LLL
276.1159457,-390.123863,113.9859537,-2944.07392,-729.7431361,3673.626803,LLL
285.1221727,-386.9899877,101.8458517,-2862.765143,-849.3944799,3711.969372,LLL
293.8469886,-383.4741417,89.60519007,-2778.633521,-968.2099701,3746.653242,LLL
302.2817283,-379.5798495,77.2761585,-2691.757449,-1086.06772,3777.634921,LLL
310.4181224,-375.3108996,64.87081484,-2602.227289,-1202.856042,3804.893085,LLL
318.2480866,-370.6715597,52.40151091,-2510.126776,-1318.455063,3828.391595,LLL
325.7639484,-365.6663535,39.88044332,-2415.551417,-1432.755311,3848.116486,LLL
332.9582358,-360.3002751,27.32007779,-2318.589939,-1545.639382,3864.03908,LLL
339.8239035,-354.5785659,14.73270109,-2219.34263,-1657.00047,3876.152862,LLL
346.3541216,-348.5069266,2.130844087,-2117.902844,-1766.724085,3884.436692,LLL
352.5424997,-342.0912952,-10.4731652,-2014.375276,-1874.706526,3888.891566,LLL
358.3828765,-335.3380571,-23.06677979,-1908.857513,-1980.836651,3889.50393,LLL
363.8695424,-328.253823,-35.6376795,-1801.458265,-2085.014292,3886.282325,LLL
368.9970286,-320.845638,-48.17335033,-1692.278953,-2187.132075,3879.220798,LLL
373.7603289,-313.1207594,-60.66152898,-1581.431885,-2287.09378,3868.335436,LLL
378.1546886,-305.0868644,-73.08978338,-1469.021899,-2384.796204,3853.627876,LLL
382.1758248,-296.7518278,-85.44595593,-1355.164479,-2480.147473,3835.121727,LLL
385.8197154,-288.1239289,-97.71774515,-1239.967445,-2573.048948,3812.82617,LLL
389.082818,-279.2116289,-109.8931475,-1123.54902,-2663.413479,3786.772278,LLL
391.9618588,-270.0237765,-121.9600403,-1006.019565,-2751.147359,3756.976705,LLL
394.4540498,-260.5693857,-133.9066219,-887.4995906,-2836.168528,3723.477901,LLL
396.5568784,-250.8578402,-145.7209957,-768.1015444,-2918.388565,3686.299893,LLL
398.2683224,-240.8986708,-157.3916089,-647.9477684,-2997.730836,3645.488391,LLL
399.5866398,-230.7017592,-168.9068375,-527.1523361,-3074.11254,3601.074664,LLL
400.5105826,-220.2771154,-180.2554238,-405.8389555,-3147.462791,3553.111536,LLL
401.0391859,-209.6350803,-191.4260619,-284.122857,-3217.704713,3501.637361,LLL
401.1719811,-198.7861034,-202.4078338,-162.1286446,-3284.773468,3446.711906,LLL
400.9087842,-187.7409441,-213.1897958,-39.97223341,-3348.598392,3388.38042,LLL
400.2499078,-176.51045,-223.7614133,82.22135084,-3409.120966,3326.709411,LLL
399.1959494,-165.1057568,-234.1121477,204.3359837,-3466.276998,3261.750813,LLL
397.7480017,-153.538067,-244.2318896,326.2466932,-3520.01454,3193.577648,LLL
395.9074411,-141.8188491,-254.1105466,447.8376214,-3570.276109,3122.24829,LLL
393.6761366,-129.9596159,-263.738475,568.9843259,-3617.016546,3047.842024,LLL
391.0562377,-117.9721237,-273.106068,689.57169,-3660.185287,2970.423403,LLL
388.0503824,-105.8681502,-282.2041859,809.4762743,-3699.744161,2890.077694,LLL
384.6614846,-93.65969288,-291.0237452,928.5841756,-3735.649702,2806.875336,LLL
380.8929413,-81.35874777,-299.5561466,1046.773427,-3767.870896,2720.90728,LLL
376.7484191,-68.9775066,-307.7928653,1163.931805,-3796.37153,2632.249538,LLL
372.2320604,-56.52813606,-315.7258769,1279.93928,-3821.127886,2540.99842,LLL
367.3482703,-44.0229742,-323.3472484,1394.685769,-3842.11113,2447.235178,LLL
362.1019204,-31.47431015,-330.6495622,1508.053634,-3859.30495,2351.061134,LLL
356.4981363,-18.89457982,-337.6255082,1619.935386,-3872.687989,2252.562422,LLL
350.5425002,-6.296146054,-344.2683056,1730.216227,-3882.251421,2151.845016,LLL
344.2408377,6.308506256,-350.5712951,1838.7917,-3887.981433,2048.999556,LLL
337.5994196,18.90698953,-356.52836,1945.550284,-3889.87674,1944.136281,LLL
330.6247485,31.48681896,-362.133518,2050.390985,-3887.931107,1837.349949,LLL
323.3237591,44.03563133,-367.3813406,2153.205979,-3882.150812,1728.754662,LLL
315.703605,56.540991,-372.266546,2253.898154,-3872.537209,1618.448885,LLL
307.771858,68.99060808,-376.7844158,2352.363792,-3859.104129,1506.55017,LLL
299.5362944,81.37214499,-380.9303887,2448.510059,-3841.860491,1393.160267,LLL
291.0050928,93.6734339,-384.7004758,2542.237736,-3820.827646,1278.399746,LLL
282.1866214,105.8822837,-388.090854,2633.458654,-3796.022022,1162.373206,LLL
273.0896341,117.9866969,-391.0982796,2722.078467,-3767.472421,1045.203794,LLL
263.7230575,129.9746769,-393.7196826,2808.014033,-3735.202704,926.9985124,LLL
254.0961861,141.8344439,-395.9525779,2891.176234,-3699.249024,807.8826335,LLL
244.2184697,153.5542428,-397.7946602,2971.487304,-3659.642563,687.9651037,LLL
234.0997073,165.1225585,-399.2442131,3048.863687,-3616.426702,567.3728618,LLL
223.7498339,176.5279237,-400.2997047,3123.233314,-3569.639801,446.2163353,LLL
213.1791145,187.7591333,-400.9601946,3194.518505,-3519.332316,324.6236613,LLL
202.3979304,198.8050529,-401.2249299,3262.65319,-3465.549617,202.706279,LLL
191.4169719,209.6548321,-401.0937502,3327.565855,-3408.349053,80.59305205,LLL
180.2470254,220.2977129,-400.5666842,3389.196706,-3347.782808,-41.60404225,LLL
168.8991647,230.7232425,-399.6443528,3447.48066,-3283.914914,-163.7558885,LLL
157.3845384,240.9210819,-398.3275656,3502.364452,-3216.804146,-285.7504471,LLL
145.7145603,250.8812172,-396.6177225,3553.789671,-3146.520983,-407.4588267,LLL
133.9006971,260.5937688,-394.5164107,3601.709808,-3073.130544,-528.7694013,LLL
121.9546578,270.0492018,-392.0258041,3646.073334,-2996.709491,-649.5539785,LLL
109.8881817,279.2381346,-389.1482605,3686.840701,-2917.329015,-769.70182,LLL
97.71322675,288.151549,-385.8867196,3723.96745,-2835.071676,-889.085905,LLL
85.4417584,296.7805985,-382.2443005,3757.42116,-2750.014437,-1007.596853,LLL
73.08593692,305.1168172,-378.2246974,3787.164604,-2662.245449,-1125.109283,LLL
60.65790623,313.1519284,-373.8317777,3813.172636,-2571.847125,-1241.515637,LLL
48.169981,320.8780522,-369.0699759,3835.415387,-2478.912875,-1356.692636,LLL
35.63443567,328.2875142,-363.9438923,3853.875102,-2383.530223,-1470.535002,LLL
23.06369088,335.3730516,-358.4586846,3868.529375,-2285.797485,-1582.92201,LLL
10.47010294,342.1276225,-352.6196673,3879.367926,-2185.806932,-1693.751113,LLL
-2.133850373,348.5446103,-346.4327015,3886.375882,-2083.661417,-1802.904582,LLL
-14.73577984,354.6176328,-339.9037943,3889.550498,-1979.457576,-1910.283038,LLL
-27.32319958,360.3407461,-333.0394875,3888.884476,-1873.302409,-2015.772181,LLL
-39.88373656,365.7082528,-325.846457,3884.382632,-1765.296521,-2119.276224,LLL
-52.40494589,370.7149051,-318.3318996,3876.045257,-1655.550652,-2220.684715,LLL
-64.87451973,375.3557128,-310.5031332,3863.884725,-1544.168963,-2319.905871,LLL
-77.2801031,379.6261452,-302.3679819,3847.908895,-1431.265513,-2416.833489,LLL
-89.60950214,383.5219388,-293.9343762,3828.137671,-1316.947591,-2511.380184,LLL
-101.8505003,387.0392978,-285.2107367,3804.586432,-1201.332143,-2603.444392,LLL
-113.9910661,390.1747022,-276.2055751,3777.282547,-1084.529145,-2692.943503,LLL
-126.0191695,392.9251066,-266.9278758,3746.248842,-966.6579846,-2779.780957,LLL
-137.9229888,395.2877479,-257.3866975,3711.520057,-847.8308745,-2863.87928,LLL
-149.6907278,397.260343,-247.5915534,3673.126357,-728.1691883,-2945.147265,LLL
-161.3108217,398.8408968,-237.5520129,3631.109734,-607.7869184,-3023.51291,LLL
-172.7717545,400.0278978,-227.2780809,3585.507557,-486.8069609,-3098.890689,LLL
-184.0622639,400.8201264,-216.7797997,3536.368921,-365.344621,-3171.21439,LLL
-195.1711593,401.2168488,-206.0676265,3483.738234,-243.5238489,-3240.404474,LLL
-206.0875257,401.2176254,-195.1520364,3427.671516,-121.4607912,-3306.400812,LLL
-216.8005419,400.8225036,-184.0438981,3368.220026,0.720020478,-3369.130131,LLL
-227.2996835,400.0318253,-172.7540778,3305.4465,122.9020728,-3428.538656,LLL
-237.5745412,398.8464187,-161.2938133,3239.408829,244.9607283,-3484.559639,LLL
-247.6150227,397.2674057,-149.6743185,3170.176238,366.7795825,-3537.1459,LLL
-257.4111715,395.2963926,-137.9071563,3097.813002,488.234368,-3586.237448,LLL
-266.9533678,392.9352766,-126.0038437,3022.394579,609.2092648,-3631.793921,LLL
-276.2321469,390.1864357,-113.9762235,2943.99136,729.5808497,-3673.762285,LLL
-285.2383993,387.0525349,-101.83607,2862.684752,849.2343604,-3712.109185,LLL
-293.9631894,383.5367147,-89.59545941,2778.550967,968.0476892,-3746.788727,LLL
-302.3979544,379.6423972,-77.26637656,2691.677057,1085.9076,-3777.774726,LLL
-310.5343228,375.373473,-64.86108375,2602.14474,1202.693767,-3805.028574,LLL
-318.3643123,370.7341078,-52.39172869,2510.046384,1318.294942,-3828.531392,LLL
-325.8801483,365.7289272,-39.87071181,2415.468874,1432.593042,-3848.251979,LLL
-333.074461,360.3628237,-27.31029529,2318.509545,1545.479261,-3864.178868,LLL
-339.9401031,354.6411399,-14.72296916,2219.260093,1656.838206,-3876.288359,LLL
-346.4703463,348.5694756,-2.121061306,2117.82245,1766.563963,-3884.576472,LLL
-352.6586989,342.1538696,10.48289756,2014.292743,1874.544267,-3889.027068,LLL
-358.4991008,335.4006064,23.07656285,1908.777119,1980.676528,-3889.643702,LLL
-363.9857412,328.3163977,35.64741228,1801.375738,2084.852039,-3886.41783,LLL
-369.1132524,320.9081878,48.18313368,1692.198558,2186.971952,-3879.360561,LLL
-373.8765273,313.1833345,60.67126219,1581.349364,2286.931532,-3868.470945,LLL
-378.2709119,305.1494146,73.09956701,1468.941503,2384.636081,-3853.767632,LLL
-382.2920228,296.8144032,85.45568957,1355.081963,2479.985231,-3835.25724,LLL
-385.9359383,288.1864795,97.72752907,1239.887049,2572.888824,-3812.965917,LLL
-389.1990157,279.2742046,109.9028816,1123.46651,2663.251242,-3786.907794,LLL
-392.0780812,270.0863275,121.9698245,1005.939168,2750.987235,-3757.116444,LLL
-394.5702471,260.6319618,133.9163564,887.4170854,2836.006296,-3723.613421,LLL
-396.6731003,250.9203916,145.7307802,768.0211468,2918.22844,-3686.439624,LLL
-398.3845193,240.9612472,157.4013438,647.8652686,2997.56861,-3645.623914,LLL
-399.7028612,230.7643109,168.9166223,527.0719379,3073.952414,-3601.214386,LLL
-400.626779,220.3396921,180.2651592,405.7564611,3147.30057,-3553.247063,LLL
-401.1554069,209.6976325,191.435847,284.0424583,3217.544587,-3501.777075,LLL
-401.2881772,198.8486805,202.4175696,162.0461556,3284.611253,-3446.847437,LLL
-401.0250048,187.8034967,213.1995812,39.89183412,3348.438265,-3388.520125,LLL
-400.3661035,176.5730274,223.7711495,-82.3038345,3408.958756,-3326.844946,LLL
-399.3121695,165.1683098,234.1219334,-204.4163836,3466.116871,-3261.89051,LLL
-397.864197,153.6006448,244.2416262,-326.3291715,3519.852336,-3193.713185,LLL
-396.0236608,141.8814025,254.1203326,-447.9180218,3570.115981,-3122.387979,LLL
-393.7923315,130.022194,263.7482121,-569.0667988,3616.854347,-3047.977566,LLL
-391.1724569,118.0346775,273.1158542,-689.652091,3660.025159,-2970.563083,LLL
-388.1665769,105.9307286,282.2139234,-809.5587419,3699.581967,-2890.213239,LLL
-384.7777034,93.72224709,291.0335317,-928.6645771,3735.489573,-2807.015008,LLL
-381.0091354,81.42132654,299.5658846,-1046.855889,3767.708707,-2721.042828,LLL
-376.8646373,69.04006122,307.8026522,-1164.012207,3796.211401,-2632.389202,LLL
-372.3482541,56.59071517,315.7356153,-1280.021737,3820.965702,-2541.133972,LLL
-367.4644881,44.08552923,323.3570355,-1394.766171,3841.951,-2447.374834,LLL
-362.2181137,31.5368896,330.659301,-1508.136086,3859.142772,-2351.196689,LLL
-356.6143537,18.95713525,337.6352956,-1620.015789,3872.527858,-2252.70207,LLL
-350.6586932,6.358725833,344.2780448,-1730.298673,3882.089248,-2151.980575,LLL
-344.3570546,-6.245950428,350.5810828,-1838.872104,3887.821302,-2049.139196,LLL
-337.7156122,-18.84440941,356.5380996,-1945.632725,3889.714572,-1944.271844,LLL
-330.7409649,-31.42426273,362.143306,-2050.471389,3887.770975,-1837.489581,LLL
-323.4399512,-43.97305088,367.3910807,-2153.288415,3881.98865,-1728.890228,LLL
-315.819821,-56.47843436,372.2763343,-2253.978559,3872.377077,-1618.588509,LLL
-307.8880498,-68.9280273,376.7941563,-2352.446222,3858.941973,-1506.685739,LLL
-299.6525099,-81.30958796,380.9401773,-2448.590464,3841.700359,-1393.299882,LLL
-291.1212842,-93.61085278,384.7102168,-2542.320161,3820.665494,-1278.535318,LLL
-282.3028365,-105.8197263,388.1006429,-2633.53906,3795.861889,-1162.512813,LLL
-273.2058251,-117.9241155,391.108021,-2722.160887,3767.310275,-1045.33937,LLL
-263.8392721,-129.9121191,393.7294718,-2808.094439,3735.042571,-927.1381118,LLL
-254.2123767,-141.7718621,395.9623198,-2891.258649,3699.086884,-808.018213,LLL
-244.3346839,-153.4916846,397.8044497,-2971.567711,3659.482429,-688.1046952,LLL
-234.2158975,-165.0599764,399.2539554,-3048.946096,3616.264567,-567.5084447,LLL
-223.8660476,-176.4653651,400.3094945,-3123.313721,3569.479667,-446.3559187,LLL
-213.2953044,-187.6965509,400.9699373,-3194.600909,3519.170186,-324.7592475,LLL
-202.5141437,-198.7424939,401.2347199,-3262.733597,3465.389483,-202.8458543,LLL
-191.5331614,-209.5922493,401.1034933,-3327.648254,3408.186928,-80.72864166,LLL
-180.3632382,-220.2351535,400.5764746,-3389.277114,3347.622673,41.46447491,LLL
-169.0153537,-230.6606594,399.6540964,-3447.563053,3283.752794,163.6202956,LLL
-157.5007507,-240.858522,398.3373562,-3502.444861,3216.644011,285.6108878,LLL
-145.830749,-250.8186337,396.6274665,-3553.872059,3146.358868,407.3232305,LLL
-134.016909,-260.5312086,394.5262017,-3601.790216,3072.970408,528.62985,LLL
-122.0708461,-269.986618,392.0355485,-3646.155718,2996.547382,649.418379,LLL
-110.0043931,-279.175574,389.1580517,-3686.92111,2917.168879,769.5622766,LLL
-97.82941465,-288.0889649,385.8964645,-3724.049828,2834.909572,888.9503022,LLL
-85.55796937,-296.7180375,382.2540921,-3757.50157,2749.854301,1007.457318,LLL
-73.20212444,-305.0542327,378.2344427,-3787.246977,2662.08335,1124.973677,LLL
-60.77411674,-313.089367,373.8415696,-3813.253046,2571.686988,1241.37611,LLL
-48.28616813,-320.8154674,369.0797217,-3835.497755,2478.750782,1356.557027,LLL
-35.75064573,-328.2249523,363.9536845,-3853.955513,2383.370085,1470.395483,LLL
-23.17987762,-335.3104665,358.4684308,-3868.611737,2285.635397,1582.786398,LLL
-10.58631255,-342.0650602,352.6294598,-3879.448337,2185.646794,1693.611602,LLL
2.017664018,-348.4820248,346.4424481,-3886.458239,2083.499334,1802.768967,LLL
14.61957068,-354.5550702,339.9135871,-3889.630909,1979.297438,1910.143534,LLL
27.20701361,-360.2781603,333.0492345,-3888.966828,1873.140331,2015.636562,LLL
39.76752786,-365.6456898,325.8562501,-3884.463044,1765.136382,2119.136728,LLL
52.28876031,-370.6523189,318.3416471,-3876.127604,1655.388579,2220.549093,LLL
64.75831148,-375.2931494,310.5129266,-3863.965137,1544.008824,2319.766383,LLL
77.16391791,-379.5635587,302.3777298,-3847.991237,1431.103446,2416.697863,LLL
89.49329434,-383.4593749,293.9441699,-3828.218083,1316.787452,2511.240704,LLL
101.7343155,-386.976711,285.2204851,-3804.668769,1201.170081,2603.308764,LLL
113.8748588,-390.112138,276.2153691,-3777.36296,1084.369006,2692.804031,LLL
125.902985,-392.8625195,266.9376246,-3746.331174,966.4959271,2779.645326,LLL
137.8067819,-395.2251833,257.3964918,-3711.60047,847.6707348,2863.739816,LLL
149.5745438,-397.1977556,247.6013026,-3673.208683,728.007136,2945.01163,LLL
161.1946153,-398.7783318,237.5618075,-3631.190147,607.6267784,3023.373453,LLL
172.6555708,-399.9653101,227.2878306,-3585.589879,486.6449138,3098.755051,LLL
183.9460579,-400.7575609,216.7895947,-3536.449334,365.1844806,3171.074941,LLL
195.054976,-401.1542607,206.0773766,-3483.820551,243.3618069,3240.268833,LLL
205.9713202,-401.1550596,195.1618316,-3427.75193,121.3006506,3306.261371,LLL
216.684359,-400.7599152,184.0536486,-3368.302337,-0.882057378,3368.994487,LLL
227.1834785,-399.9692591,172.7638734,-3305.526914,-123.0622137,3428.399223,LLL
237.4583587,-398.7838299,161.3035642,-3239.491135,-245.1227601,3484.423992,LLL
247.4988181,-397.2048391,149.6841144,-3170.256652,-366.9397237,3537.006475,LLL
257.2949894,-395.2338034,137.9169077,-3097.895303,-488.3963947,3586.101798,LLL
266.8371636,-392.8727096,126.0136399,-3022.474994,-609.3694063,3631.654503,LLL
276.1159651,-390.1238462,113.9859753,-2944.073657,-729.7428713,3673.626632,LLL
285.1221955,-386.9899675,101.8458665,-2862.765167,-849.3945022,3711.969775,LLL
293.8470081,-383.4741249,89.60521166,-2778.633258,-968.2097057,3746.653072,LLL
302.2817511,-379.5798294,77.27617333,-2691.757472,-1086.067742,3777.635324,LLL
310.4181418,-375.3108829,64.87083644,-2602.227026,-1202.855778,3804.892915,LLL
318.2481095,-370.6715396,52.40152576,-2510.126799,-1318.455085,3828.391997,LLL
325.7639678,-365.6663368,39.88046493,-2415.551155,-1432.755048,3848.116317,LLL
332.9582586,-360.3002551,27.32009267,-2318.589961,-1545.639404,3864.039481,LLL
339.823923,-354.5785492,14.73272271,-2219.342369,-1657.000207,3876.152694,LLL
346.3541444,-348.5069066,2.130858994,-2117.902867,-1766.724106,3884.437092,LLL
352.5425191,-342.0912785,-10.47314357,-2014.375014,-1874.706264,3888.8914,LLL
358.3828993,-335.338037,-23.06676486,-1908.857536,-1980.836671,3889.50433,LLL
363.8695618,-328.2538062,-35.63765786,-1801.458004,-2085.01403,3886.28216,LLL
368.9970513,-320.845618,-48.17333537,-1692.278975,-2187.132095,3879.221197,LLL
373.7603483,-313.1207427,-60.66150734,-1581.431624,-2287.093518,3868.335271,LLL
378.1547113,-305.0868444,-73.0897684,-1469.02192,-2384.796224,3853.628275,LLL
382.1758442,-296.7518111,-85.44593428,-1355.164219,-2480.147212,3835.121563,LLL
385.8197382,-288.1239089,-97.71773014,-1239.967467,-2573.048968,3812.826568,LLL
389.0828375,-279.2116122,-109.8931259,-1123.548761,-2663.413218,3786.772114,LLL
391.9618815,-270.0237565,-121.9600253,-1006.019586,-2751.147379,3756.977103,LLL
394.4540693,-260.569369,-133.9066003,-887.4993314,-2836.168267,3723.477738,LLL
396.5569011,-250.8578202,-145.7209806,-768.1015648,-2918.388584,3686.30029,LLL
398.2683418,-240.8986541,-157.3915872,-647.9475096,-2997.730576,3645.488229,LLL
399.5866625,-230.7017392,-168.9068224,-527.1523562,-3074.112558,3601.07506,LLL
400.510602,-220.2770987,-180.2554021,-405.8386971,-3147.462531,3553.111375,LLL
401.0392086,-209.6350603,-191.4260468,-284.1228768,-3217.704731,3501.637756,LLL
401.1720005,-198.7860867,-202.4078121,-162.1283866,-3284.773209,3446.711746,LLL
400.9088069,-187.7409242,-213.1897807,-39.97225282,-3348.59841,3388.380814,LLL
400.2499272,-176.5104333,-223.7613916,82.22160844,-3409.120707,3326.709252,LLL
399.195972,-165.1057369,-234.1121326,204.3359646,-3466.277016,3261.751207,LLL
397.7480211,-153.5380503,-244.2318679,326.2469504,-3520.014282,3193.577489,LLL
395.9074638,-141.8188291,-254.1105315,447.8376027,-3570.276126,3122.248683,LLL
393.676156,-129.9595993,-263.7384533,568.9845827,-3617.016288,3047.841867,LLL
391.0562604,-117.9721038,-273.1060528,689.5716717,-3660.185304,2970.423795,LLL
388.0504018,-105.8681335,-282.2041642,809.4765307,-3699.743903,2890.077537,LLL
384.6615073,-93.65967297,-291.02373,928.5841576,-3735.649718,2806.875727,LLL
380.8929606,-81.3587311,-299.5561249,1046.773683,-3767.870638,2720.907124,LLL
376.7484417,-68.9774867,-307.7928501,1163.931787,-3796.371546,2632.249929,LLL
372.2320798,-56.52811939,-315.7258552,1279.939535,-3821.127629,2540.998265,LLL
367.3482929,-44.02295432,-323.3472331,1394.685751,-3842.111146,2447.235568,LLL
362.1019398,-31.47429349,-330.6495405,1508.053889,-3859.304693,2351.060979,LLL
356.4981589,-18.89455994,-337.6254929,1619.935369,-3872.688004,2252.562812,LLL
350.5425196,-6.296129392,-344.2682839,1730.216482,-3882.251165,2151.844862,LLL
344.2408603,6.308526124,-350.5712798,1838.791684,-3887.981448,2048.999945,LLL
337.599439,18.90700619,-356.5283383,1945.550538,-3889.876484,1944.136128,LLL
330.6247711,31.48683882,-362.1335027,2050.390969,-3887.931122,1837.350337,LLL
323.3237784,44.03564799,-367.3813189,2153.206233,-3882.150557,1728.754509,LLL
315.7036276,56.54101084,-372.2665307,2253.898138,-3872.537223,1618.449273,LLL
307.7718774,68.99062474,-376.7843941,2352.364045,-3859.103874,1506.550018,LLL
299.5363169,81.37216483,-380.9303734,2448.510043,-3841.860506,1393.160654,LLL
291.0051122,93.67345055,-384.7004541,2542.237989,-3820.827391,1278.399595,LLL
282.186644,105.8823036,-388.0908386,2633.458639,-3796.022036,1162.373592,LLL
273.0896535,117.9867136,-391.0982579,2722.078719,-3767.472167,1045.203644,LLL
263.72308,129.9746967,-393.7196672,2808.014018,-3735.202717,926.9988978,LLL
254.0962055,141.8344605,-395.9525562,2891.176487,-3699.248771,807.8824843,LLL
244.2184923,153.5542626,-397.7946448,2971.487289,-3659.642576,687.9654884,LLL
234.0997266,165.1225752,-399.2441914,3048.863939,-3616.426449,567.3727134,LLL
223.7498564,176.5279435,-400.2996893,3123.2333,-3569.639813,446.2167193,LLL
213.1791339,187.75915,-400.9601729,3194.518757,-3519.332063,324.6235136,LLL
202.3979529,198.8050727,-401.2249144,3262.653176,-3465.549629,202.7066623,LLL
191.4169913,209.6548488,-401.0937285,3327.566106,-3408.3488,80.59290516,LLL
180.2470479,220.2977327,-400.5666688,3389.196693,-3347.78282,-41.60365966,LLL
168.899184,230.7232592,-399.6443311,3447.480911,-3283.914661,-163.7560346,LLL
157.3845608,240.9211016,-398.3275501,3502.364439,-3216.804158,-285.7500652,LLL
145.7145797,250.8812338,-396.6177008,3553.789921,-3146.520731,-407.4589721,LLL
133.9007196,260.5937886,-394.5163952,3601.709795,-3073.130555,-528.7690201,LLL
121.9546772,270.0492184,-392.0257824,3646.073585,-2996.70924,-649.5541232,LLL
109.8882041,279.2381544,-389.148245,3686.840689,-2917.329026,-769.7014395,LLL
97.71324611,288.1515657,-385.8866979,3723.967699,-2835.071425,-889.0860488,LLL
85.44178086,296.7806183,-382.244285,3757.421148,-2750.014448,-1007.596473,LLL
73.08595629,305.1168339,-378.2246757,3787.164853,-2662.245198,-1125.109426,LLL
60.65792868,313.1519482,-373.8317622,3813.172624,-2571.847135,-1241.515258,LLL
48.17000037,320.8780689,-369.0699542,3835.415636,-2478.912625,-1356.692778,LLL
35.63445812,328.2875339,-363.9438767,3853.875091,-2383.530233,-1470.534624,LLL
23.06371025,335.3730683,-358.4586629,3868.529623,-2285.797235,-1582.922152,LLL
10.47012538,342.1276422,-352.6196517,3879.367915,-2185.806941,-1693.750736,LLL
-2.133831005,348.5446269,-346.4326798,3886.37613,-2083.661167,-1802.904723,LLL
-14.73575741,354.6176525,-339.9037787,3889.550487,-1979.457585,-1910.282661,LLL
-27.32318021,360.3407627,-333.0394658,3888.884724,-1873.302159,-2015.772321,LLL
-39.88371414,365.7082725,-325.8464414,3884.382622,-1765.29653,-2119.275848,LLL
-52.40492652,370.7149217,-318.3318779,3876.045504,-1655.550403,-2220.684854,LLL
-64.87449731,375.3557325,-310.5031176,3863.884715,-1544.168971,-2319.905495,LLL
-77.28008373,379.6261618,-302.3679602,3847.909142,-1431.265265,-2416.833627,LLL
-89.60947973,383.5219584,-293.9343606,3828.137661,-1316.9476,-2511.379809,LLL
-101.850481,387.0393144,-285.210715,3804.586679,-1201.331895,-2603.44453,LLL
-113.9910437,390.1747219,-276.2055595,3777.282538,-1084.529153,-2692.943129,LLL
-126.0191501,392.9251233,-266.9278541,3746.249089,-966.6577368,-2779.781094,LLL
-137.9229664,395.2877676,-257.3866819,3711.520048,-847.8308821,-2863.878907,LLL
-149.6907084,397.2603597,-247.5915317,3673.126603,-728.1689409,-2945.147401,LLL
-161.3107993,398.8409165,-237.5519973,3631.109725,-607.7869256,-3023.512537,LLL
-172.7717351,400.0279145,-227.2780592,3585.507803,-486.8067139,-3098.890824,LLL
-184.0622415,400.820146,-216.7797841,3536.368912,-365.3446278,-3171.214018,LLL
-195.1711399,401.2168655,-206.0676048,3483.738479,-243.5236023,-3240.404609,LLL
-206.0875033,401.2176451,-195.1520207,3427.671508,-121.4607978,-3306.400441,LLL
-216.8005225,400.8225203,-184.0438764,3368.22027,0.720266759,-3369.130266,LLL
-227.2996612,400.0318449,-172.7540621,3305.446492,122.9020666,-3428.538285,LLL
-237.5745218,398.8464353,-161.2937916,3239.409073,244.9609742,-3484.559772,LLL
-247.6150003,397.2674253,-149.6743028,3170.17623,366.7795766,-3537.14553,LLL
-257.4111521,395.2964092,-137.9071346,3097.813246,488.2346135,-3586.237581,LLL
-266.9533455,392.9352962,-126.003828,3022.394572,609.2092592,-3631.793551,LLL
-276.2321275,390.1864524,-113.9762018,2943.991604,729.5810949,-3673.762417,LLL
-285.2383769,387.0525546,-101.8360543,2862.684745,849.2343552,-3712.108816,LLL
-293.96317,383.5367314,-89.59543775,2778.551211,968.047934,-3746.788859,LLL
-302.3979321,379.6424168,-77.26636081,2691.67705,1085.907595,-3777.774358,LLL
-310.5343034,375.3734897,-64.8610621,2602.144983,1202.694011,-3805.028705,LLL
-318.36429,370.7341274,-52.39171293,2510.046377,1318.294938,-3828.531024,LLL
-325.880129,365.7289439,-39.87069016,2415.469117,1432.593286,-3848.252109,LLL
-333.0744387,360.3628433,-27.31027951,2318.509539,1545.479257,-3864.178502,LLL
-339.9400837,354.6411566,-14.72294751,2219.260335,1656.83845,-3876.288489,LLL
-346.470324,348.5694952,-2.121045516,2117.822445,1766.563959,-3884.576106,LLL
-352.6586795,342.1538862,10.4829192,2014.292985,1874.544511,-3889.027196,LLL
-358.4990785,335.400626,23.07657866,1908.777114,1980.676525,-3889.643337,LLL
-363.9857218,328.3164144,35.64743392,1801.37598,2084.852282,-3886.417958,LLL
-369.1132301,320.9082074,48.1831495,1692.198553,2186.971949,-3879.360196,LLL
-373.8765079,313.1833512,60.67128382,1581.349605,2286.931774,-3868.471072,LLL
-378.2708896,305.1494341,73.09958284,1468.941499,2384.636078,-3853.767268,LLL
-382.2920034,296.8144199,85.4557112,1355.082204,2479.985473,-3835.257366,LLL
-385.935916,288.1864991,97.72754491,1239.887045,2572.888821,-3812.965554,LLL
-389.1989963,279.2742213,109.9029032,1123.46675,2663.251484,-3786.90792,LLL
-392.0780589,270.086347,121.9698404,1005.939165,2750.987232,-3757.116081,LLL
-394.5702277,260.6319785,133.916378,887.4173257,2836.006538,-3723.613546,LLL
-396.673078,250.9204111,145.730796,768.0211434,2918.228438,-3686.439261,LLL
-398.3844999,240.9612639,157.4013654,647.8655086,2997.568851,-3645.624038,LLL
-399.702839,230.7643305,168.9166381,527.0719349,3073.952412,-3601.214024,LLL
-400.6267596,220.3397088,180.2651808,405.7567007,3147.300811,-3553.247187,LLL
-401.1553846,209.697652,191.4358629,284.0424556,3217.544585,-3501.776714,LLL
-401.2881578,198.8486971,202.4175912,162.0463948,3284.611493,-3446.84756,LLL
-401.0249825,187.8035163,213.1995971,39.89183175,3348.438264,-3388.519765,LLL
-400.3660841,176.5730441,223.7711711,-82.30359563,3408.958996,-3326.845068,LLL
-399.3121472,165.1683293,234.1219493,-204.4163856,3466.11687,-3261.890151,LLL
-397.8641776,153.6006614,244.2416478,-326.328933,3519.852576,-3193.713307,LLL
-396.0236385,141.881422,254.1203485,-447.9180235,3570.115981,-3122.38762,LLL
-393.7923121,130.0222107,263.7482336,-569.0665606,3616.854587,-3047.977687,LLL
-391.1724347,118.0346971,273.1158702,-689.6520924,3660.025159,-2970.562725,LLL
-388.1665575,105.9307453,282.213945,-809.5585041,3699.582206,-2890.213359,LLL
-384.7776811,93.72226661,291.0335477,-928.6645781,3735.489573,-2807.014651,LLL
-381.009116,81.42134324,299.5659062,-1046.855652,3767.708946,-2721.042948,LLL
-376.8646151,69.04008073,307.8026681,-1164.012208,3796.211401,-2632.388845,LLL
-372.3482347,56.59073186,315.7356369,-1280.0215,3820.965941,-2541.134091,LLL
-367.4644659,44.08554873,323.3570514,-1394.766172,3841.951001,-2447.374478,LLL
-362.2180943,31.5369063,330.6593226,-1508.135849,3859.14301,-2351.196808,LLL
-356.6143314,18.95715474,337.6353116,-1620.015789,3872.52786,-2252.701715,LLL
-350.6586737,6.358742534,344.2780664,-1730.298437,3882.089486,-2151.980692,LLL
-344.3570324,-6.245930936,350.5810988,-1838.872104,3887.821304,-2049.138841,LLL
-337.7155928,-18.84439271,356.5381212,-1945.632489,3889.71481,-1944.271961,LLL
-330.7409427,-31.42424324,362.143322,-2050.471388,3887.770977,-1837.489227,LLL
-323.4399318,-43.97303417,367.3911023,-2153.288179,3881.988887,-1728.890344,LLL
-315.8197988,-56.47841488,372.2763503,-2253.978558,3872.377079,-1618.588155,LLL
-307.8880304,-68.92801059,376.7941779,-2352.445987,3858.942209,-1506.685855,LLL
-299.6524877,-81.30956848,380.9401933,-2448.590463,3841.700362,-1393.29953,LLL
-291.1212648,-93.61083607,384.7102383,-2542.319926,3820.665731,-1278.535433,LLL
-282.3028143,-105.8197068,388.1006589,-2633.539058,3795.861892,-1162.512461,LLL
-273.2058057,-117.9240988,391.1080425,-2722.160652,3767.310511,-1045.339485,LLL
-263.8392499,-129.9120996,393.7294878,-2808.094437,3735.042574,-927.1377604,LLL
-254.2123573,-141.7718454,395.9623413,-2891.258414,3699.087119,-808.0183266,LLL
-244.3346617,-153.4916651,397.8044657,-2971.567708,3659.482433,-688.1043443,LLL
-234.2158781,-165.0599597,399.2539769,-3048.945862,3616.264802,-567.5085576,LLL
-223.8660255,-176.4653456,400.3095105,-3123.313718,3569.479671,-446.3555685,LLL
-213.2952849,-187.6965342,400.9699588,-3194.600675,3519.170421,-324.7593598,LLL
-202.5141215,-198.7424745,401.234736,-3262.733595,3465.389487,-202.8455048,LLL
-191.5331419,-209.5922326,401.1035149,-3327.64802,3408.187163,-80.72875327,LLL
-180.363216,-220.235134,400.5764907,-3389.277111,3347.622678,41.4648238,LLL
-169.0153343,-230.6606427,399.6541179,-3447.56282,3283.753029,163.6201846,LLL
-157.5007285,-240.8585026,398.3373723,-3502.444857,3216.644016,285.611236,LLL
-145.8307295,-250.818617,396.627488,-3553.871826,3146.359102,407.3231202,LLL
-134.0168868,-260.5311891,394.5262177,-3601.790213,3072.970413,528.6301976,LLL
-122.0708267,-269.9866012,392.03557,-3646.155485,2996.547616,649.4182694,LLL
-110.0043709,-279.1755546,389.1580678,-3686.921106,2917.168884,769.5626236,LLL
-97.8293952,-288.0889481,385.896486,-3724.049596,2834.909806,888.9501932,LLL
-85.55794723,-296.7180181,382.2541082,-3757.501565,2749.854306,1007.457664,LLL
-73.20210499,-305.054216,378.2344642,-3787.246745,2662.083583,1124.973569,LLL
-60.77409461,-313.0893476,373.8415857,-3813.253041,2571.686994,1241.376456,LLL
-48.28614868,-320.8154507,369.0797431,-3835.497523,2478.751015,1356.556919,LLL
-35.7506236,-328.2249329,363.9537006,-3853.955508,2383.370092,1470.395828,LLL
-23.17985817,-335.3104497,358.4684523,-3868.611506,2285.635629,1582.786291,LLL
-10.58629042,-342.0650408,352.6294759,-3879.448331,2185.646801,1693.611946,LLL
2.017683475,-348.4820081,346.4424695,-3886.458008,2083.499566,1802.76886,LLL
14.6195928,-354.5550508,339.9136032,-3889.630903,1979.297445,1910.143878,LLL
27.20703307,-360.2781435,333.049256,-3888.966597,1873.140563,2015.636456,LLL
39.76754997,-365.6456704,325.8562662,-3884.463038,1765.13639,2119.137071,LLL
52.28877977,-370.6523022,318.3416685,-3876.127374,1655.388811,2220.548988,LLL
64.75833359,-375.29313,310.5129428,-3863.96513,1544.008832,2319.766725,LLL
77.16393737,-379.5635419,302.3777512,-3847.991007,1431.103677,2416.697759,LLL
89.49331645,-383.4593555,293.944186,-3828.218076,1316.78746,2511.241046,LLL
101.734335,-386.9766942,285.2205065,-3804.66854,1201.170312,2603.30866,LLL
113.8748809,-390.1121186,276.2153853,-3777.362953,1084.369014,2692.804372,LLL
125.9030045,-392.8625027,266.937646,-3746.330945,966.4961577,2779.645223,LLL
137.806804,-395.2251639,257.396508,-3711.600463,847.6707435,2863.740156,LLL
149.5745632,-397.1977388,247.601324,-3673.208455,728.0073663,2945.011527,LLL
161.1946374,-398.7783124,237.5618237,-3631.190139,607.6267874,3023.373793,LLL
172.6555903,-399.9652933,227.287852,-3585.58965,486.6451437,3098.754949,LLL
183.94608,-400.7575416,216.7896109,-3536.449326,365.1844899,3171.075281,LLL
195.0549955,-401.1542439,206.077398,-3483.820322,243.3620365,3240.268732,LLL
205.9713422,-401.1550402,195.1618478,-3427.751922,121.3006602,3306.26171,LLL
216.6843785,-400.7598984,184.05367,-3368.302109,-0.881828074,3368.994387,LLL
227.1835005,-399.9692397,172.7638896,-3305.526906,-123.0622038,3428.399561,LLL
237.4583782,-398.7838131,161.3035856,-3239.490907,-245.1225311,3484.423892,LLL
247.4988401,-397.2048197,149.6841306,-3170.256644,-366.9397135,3537.006812,LLL
257.2950089,-395.2337867,137.916929,-3097.895076,-488.396166,3586.101699,LLL
266.8371857,-392.8726902,126.0136561,-3022.474985,-609.3693958,3631.65484,LLL
276.1159846,-390.1238295,113.9859967,-2944.07343,-729.742643,3673.626533,LLL
285.1222176,-386.9899482,101.8458827,-2862.765158,-849.3944914,3711.970111,LLL
293.8470276,-383.4741082,89.60523303,-2778.633032,-968.2094777,3746.652973,LLL
302.2817732,-379.57981,77.27618957,-2691.757463,-1086.067731,3777.635659,LLL
310.4181613,-375.3108661,64.8708578,-2602.2268,-1202.85555,3804.892818,LLL
318.2481315,-370.6715202,52.40154201,-2510.126789,-1318.455073,3828.392332,LLL
325.7639873,-365.66632,39.88048629,-2415.550929,-1432.75482,3848.11622,LLL
332.9582807,-360.3002357,27.32010892,-2318.589951,-1545.639392,3864.039816,LLL
339.8239425,-354.5785324,14.73274406,-2219.342143,-1656.99998,3876.152598,LLL
346.3541664,-348.5068872,2.130875258,-2117.902856,-1766.724094,3884.437426,LLL
352.5425386,-342.0912617,-10.47312222,-2014.374789,-1874.706037,3888.891304,LLL
358.3829213,-335.3380177,-23.06674858,-1908.857525,-1980.836659,3889.504664,LLL
363.8695813,-328.2537895,-35.63763652,-1801.457779,-2085.013803,3886.282064,LLL
368.9970734,-320.8455987,-48.1733191,-1692.278964,-2187.132083,3879.22153,LLL
373.7603678,-313.1207259,-60.661486,-1581.4314,-2287.093292,3868.335177,LLL
378.1547334,-305.0868251,-73.08975211,-1469.021909,-2384.796211,3853.628607,LLL
382.1758637,-296.7517943,-85.44591295,-1355.163994,-2480.146986,3835.121469,LLL
385.8197602,-288.1238896,-97.71771385,-1239.967455,-2573.048954,3812.8269,LLL
389.082857,-279.2115954,-109.8931046,-1123.548537,-2663.412992,3786.772021,LLL
391.9619035,-270.0237372,-121.960009,-1006.019574,-2751.147365,3756.977433,LLL
394.4540888,-260.5693522,-133.9065789,-887.4991075,-2836.168042,3723.477646,LLL
396.5569231,-250.8578009,-145.7209643,-768.1015525,-2918.38857,3686.30062,LLL
398.2683613,-240.8986373,-157.3915659,-647.947286,-2997.730351,3645.488137,LLL
399.5866845,-230.7017199,-168.9068061,-527.1523436,-3074.112544,3601.075389,LLL
400.5106215,-220.2770819,-180.2553808,-405.8384738,-3147.462306,3553.111283,LLL
401.0392306,-209.635041,-191.4260305,-284.1228638,-3217.704717,3501.638086,LLL
401.17202,-198.7860699,-202.4077908,-162.1281637,-3284.772984,3446.711655,LLL
400.9088289,-187.7409049,-213.1897644,-39.97223959,-3348.598395,3388.381143,LLL
400.2499467,-176.5104165,-223.7613704,82.22183112,-3409.120483,3326.709162,LLL
399.195994,-165.1057176,-234.1121162,204.3359782,-3466.277001,3261.751535,LLL
397.7480406,-153.5380335,-244.2318466,326.2471728,-3520.014058,3193.577399,LLL
395.9074858,-141.8188099,-254.1105151,447.8376165,-3570.276111,3122.24901,LLL
393.6761755,-129.9595825,-263.738432,568.9848047,-3617.016065,3047.841777,LLL
391.0562823,-117.9720845,-273.1060365,689.5716858,-3660.185288,2970.424122,LLL
388.0504213,-105.8681167,-282.2041429,809.4767525,-3699.74368,2890.077448,LLL
384.6615293,-93.6596537,-291.0237136,928.584172,-3735.649703,2806.876053,LLL
380.8929802,-81.35871428,-299.5561037,1046.773904,-3767.870415,2720.907036,LLL
376.7484637,-68.97746744,-307.7928337,1163.931802,-3796.37153,2632.250254,LLL
372.2320993,-56.52810257,-315.725834,1279.939757,-3821.127406,2540.998178,LLL
367.3483149,-44.02293506,-323.3472167,1394.685766,-3842.111129,2447.235893,LLL
362.1019593,-31.47427666,-330.6495193,1508.05411,-3859.304471,2351.060892,LLL
356.4981809,-18.89454069,-337.6254765,1619.935385,-3872.687987,2252.563136,LLL
350.5425391,-6.296112563,-344.2682626,1730.216702,-3882.250943,2151.844776,LLL
344.2408823,6.308545376,-350.5712634,1838.791699,-3887.981431,2049.000269,LLL
337.5994585,18.90702302,-356.528317,1945.550758,-3889.876262,1944.136043,LLL
330.624793,31.48685807,-362.1334863,2050.390984,-3887.931104,1837.35066,LLL
323.323798,44.03566482,-367.3812977,2153.206453,-3882.150335,1728.754424,LLL
315.7036496,56.54103009,-372.2665143,2253.898155,-3872.537206,1618.449595,LLL
307.771897,68.99064158,-376.7843729,2352.364265,-3859.103653,1506.549934,LLL
299.5363389,81.37218407,-380.930357,2448.51006,-3841.860488,1393.160976,LLL
291.0051317,93.67346739,-384.7004329,2542.238209,-3820.82717,1278.399511,LLL
282.1866659,105.8823228,-388.0908222,2633.458656,-3796.022018,1162.373913,LLL
273.089673,117.9867304,-391.0982367,2722.078939,-3767.471946,1045.203561,LLL
263.7231019,129.9747159,-393.7196508,2808.014035,-3735.202699,926.9992186,LLL
254.096225,141.8344774,-395.952535,2891.176705,-3699.24855,807.8824015,LLL
244.2185142,153.5542818,-397.7946284,2971.487307,-3659.642557,687.9658087,LLL
234.0997462,165.122592,-399.2441702,3048.864158,-3616.426229,567.3726312,LLL
223.7498784,176.5279627,-400.2996729,3123.233317,-3569.639794,446.2170389,LLL
213.1791534,187.7591668,-400.9601517,3194.518975,-3519.331843,324.623432,LLL
202.3979749,198.805092,-401.224898,3262.653194,-3465.54961,202.7069813,LLL
191.4170108,209.6548656,-401.0937073,3327.566324,-3408.348581,80.59282411,LLL
180.2470698,220.2977519,-400.5666523,3389.196711,-3347.782801,-41.60334114,LLL
168.8992036,230.723276,-399.6443099,3447.481128,-3283.914442,-163.7561151,LLL
157.3845828,240.9211209,-398.3275336,3502.364458,-3216.804138,-285.7497473,LLL
145.7145992,250.8812507,-396.6176796,3553.790138,-3146.520512,-407.459052,LLL
133.9007415,260.5938078,-394.5163787,3601.709813,-3073.130535,-528.7687027,LLL
121.9546968,270.0492353,-392.0257612,3646.073802,-2996.709021,-649.5542025,LLL
109.888226,279.2381736,-389.1482285,3686.840708,-2917.329005,-769.7011227,LLL
97.71326569,288.1515825,-385.8866768,3723.967916,-2835.071207,-889.0861276,LLL
85.44180278,296.7806375,-382.2442685,3757.421167,-2750.014427,-1007.596157,LLL
73.08597587,305.1168507,-378.2246546,3787.16507,-2662.244981,-1125.109504,LLL
60.65795059,313.1519674,-373.8317457,3813.172643,-2571.847114,-1241.514943,LLL
48.17001995,320.8780857,-369.0699331,3835.415852,-2478.912407,-1356.692856,LLL
35.63448003,328.2875531,-363.9438602,3853.875111,-2383.530211,-1470.534309,LLL
23.06372984,335.3730851,-358.4586418,3868.529839,-2285.797018,-1582.922229,LLL
10.47014729,342.1276614,-352.6196352,3879.367935,-2185.80692,-1693.750421,LLL
-2.133811414,348.5446438,-346.4326587,3886.376345,-2083.66095,-1802.9048,LLL
-14.7357355,354.6176717,-339.9037622,3889.550507,-1979.457563,-1910.282347,LLL
-27.32316062,360.3407796,-333.0394447,3888.884939,-1873.301943,-2015.772397,LLL
-39.88369224,365.7082917,-325.8464249,3884.382643,-1765.296507,-2119.275534,LLL
-52.40490692,370.7149386,-318.3318568,3876.045719,-1655.550187,-2220.68493,LLL
-64.87447542,375.3557517,-310.5031011,3863.884735,-1544.168949,-2319.905182,LLL
-77.28006413,379.6261787,-302.3679391,3847.909357,-1431.265049,-2416.833702,LLL
-89.60945784,383.5219776,-293.934344,3828.137682,-1316.947577,-2511.379497,LLL
-101.8504614,387.0393313,-285.2106939,3804.586894,-1201.331679,-2603.444604,LLL
-113.9910218,390.1747411,-276.205543,3777.282559,-1084.52913,-2692.942817,LLL
-126.0191305,392.9251401,-266.9278331,3746.249303,-966.6575212,-2779.781168,LLL
-137.9229445,395.2877867,-257.3866654,3711.520069,-847.8308589,-2863.878595,LLL
-149.6906888,397.2603766,-247.5915106,3673.126817,-728.1687255,-2945.147474,LLL
-161.3107774,398.8409356,-237.5519807,3631.109747,-607.7869021,-3023.512226,LLL
-172.7717155,400.0279314,-227.2780382,3585.508016,-486.8064988,-3098.890897,LLL
-184.0622196,400.8201652,-216.7797675,3536.368934,-365.3446041,-3171.213708,LLL
-195.1711203,401.2168824,-206.0675838,3483.738693,-243.5233874,-3240.404681,LLL
-206.0874815,401.2176642,-195.1520042,3427.671531,-121.4607738,-3306.400131,LLL
-216.8005029,400.8225372,-184.0438554,3368.220484,0.720481303,-3369.130337,LLL
-227.2996393,400.0318641,-172.7540456,3305.446515,122.9020909,-3428.537976,LLL
-237.5745022,398.8464522,-161.2937706,3239.409286,244.9611885,-3484.559843,LLL
-247.6149785,397.2674445,-149.6742862,3170.176253,366.7796012,-3537.145222,LLL
-257.4111325,395.2964261,-137.9071136,3097.813459,488.2348275,-3586.237652,LLL
-266.9533236,392.9353154,-126.0038114,3022.394596,609.209284,-3631.793243,LLL
-276.2321079,390.1864693,-113.9761808,2943.991817,729.5813086,-3673.762487,LLL
-285.2383551,387.0525737,-101.8360377,2862.684769,849.2343803,-3712.108509,LLL
-293.9631504,383.5367483,-89.59541671,2778.551423,968.0481475,-3746.788928,LLL
-302.3979102,379.6424359,-77.26634422,2691.677074,1085.907621,-3777.774051,LLL
-310.5342838,375.3735066,-64.86104107,2602.145195,1202.694224,-3805.028774,LLL
-318.3642681,370.7341465,-52.39169633,2510.046402,1318.294964,-3828.530718,LLL
-325.8801093,365.7289608,-39.87066913,2415.469328,1432.593499,-3848.252178,LLL
-333.0744168,360.3628624,-27.31026291,2318.509564,1545.479283,-3864.178196,LLL
-339.9400641,354.6411735,-14.72292649,2219.260546,1656.838662,-3876.288556,LLL
-346.4703022,348.5695143,-2.12102891,2117.822469,1766.563985,-3884.5758,LLL
-352.6586599,342.1539032,10.48294021,2014.293196,1874.544723,-3889.027263,LLL
-358.4990566,335.4006451,23.07659527,1908.777139,1980.676551,-3889.643032,LLL
-363.9857021,328.3164313,35.64745493,1801.376191,2084.852494,-3886.418025,LLL
-369.1132082,320.9082265,48.18316611,1692.198578,2186.971975,-3879.359892,LLL
-373.8764883,313.1833681,60.67130482,1581.349815,2286.931986,-3868.471138,LLL
-378.2708678,305.1494533,73.09959946,1468.941524,2384.636105,-3853.766964,LLL
-382.2919838,296.8144368,85.45573219,1355.082414,2479.985685,-3835.257432,LLL
-385.9358942,288.1865182,97.72756154,1239.887071,2572.888849,-3812.965251,LLL
-389.1989766,279.2742382,109.9029242,1123.46696,2663.251695,-3786.907985,LLL
-392.0780371,270.0863661,121.969857,1005.939191,2750.98726,-3757.115778,LLL
-394.570208,260.6319954,133.916399,887.4175354,2836.006749,-3723.61361,LLL
-396.6730562,250.9204302,145.7308127,768.0211696,2918.228465,-3686.438959,LLL
-398.3844802,240.9612808,157.4013864,647.8657179,2997.569062,-3645.624103,LLL
-399.7028172,230.7643496,168.9166548,527.0719614,3073.95244,-3601.213723,LLL
-400.62674,220.3397257,180.2652018,405.7569098,3147.301021,-3553.24725,LLL
-401.1553628,209.6976711,191.4358795,284.0424823,3217.544614,-3501.776413,LLL
-401.2881381,198.8487141,202.4176121,162.0466037,3284.611704,-3446.847623,LLL
-401.0249607,187.8035353,213.1996137,39.89185874,3348.438292,-3388.519465,LLL
-400.3660644,176.573061,223.7711921,-82.30338703,3408.959206,-3326.845131,LLL
-399.3121254,165.1683484,234.1219659,-204.4163584,3466.116899,-3261.889851,LLL
-397.8641579,153.6006784,244.2416688,-326.3287246,3519.852785,-3193.713369,LLL
-396.0236167,141.8814411,254.1203652,-447.917996,3570.11601,-3122.38732,LLL
-393.7922924,130.0222277,263.7482546,-569.0663526,3616.854796,-3047.977748,LLL
-391.1724129,118.0347161,273.1158868,-689.6520646,3660.025188,-2970.562426,LLL
-388.1665378,105.9307623,282.2139659,-809.5582963,3699.582415,-2890.21342,LLL
-384.7776593,93.72228568,291.0335643,-928.6645501,3735.489603,-2807.014352,LLL
-381.0090963,81.42136019,299.5659271,-1046.855444,3767.709155,-2721.043008,LLL
-376.8645933,69.0400998,307.8026848,-1164.012179,3796.211431,-2632.388547,LLL
-372.3482151,56.59074882,315.7356578,-1280.021292,3820.96615,-2541.134151,LLL
-367.4644441,44.0855678,323.3570681,-1394.766143,3841.951031,-2447.37418,LLL
-362.2180746,31.53692325,330.6593435,-1508.135642,3859.143219,-2351.196867,LLL
-356.6143097,18.95717381,337.6353283,-1620.015761,3872.52789,-2252.701418,LLL
-350.6586541,6.358759494,344.2780873,-1730.29823,3882.089694,-2151.980751,LLL
-344.3570106,-6.245911874,350.5811155,-1838.872075,3887.821334,-2049.138545,LLL
-337.7155731,-18.84437575,356.5381421,-1945.632282,3889.715018,-1944.272019,LLL
-330.7409209,-31.42422419,362.1433387,-2050.471359,3887.771008,-1837.488931,LLL
-323.4399121,-43.97301721,367.3911232,-2153.287973,3881.989095,-1728.890402,LLL
-315.8197771,-56.47839583,372.276367,-2253.978528,3872.37711,-1618.58786,LLL
-307.8880107,-68.92799362,376.7941988,-2352.445781,3858.942417,-1506.685912,LLL
-299.6524659,-81.30954943,380.9402101,-2448.590433,3841.700393,-1393.299235,LLL
-291.1212451,-93.6108191,384.7102592,-2542.31972,3820.665938,-1278.53549,LLL
-282.3027925,-105.8196878,388.1006756,-2633.539028,3795.861924,-1162.512167,LLL
-273.205786,-117.9240818,391.1080634,-2722.160446,3767.310718,-1045.339541,LLL
-263.8392281,-129.9120805,393.7295045,-2808.094407,3735.042606,-927.1374665,LLL
-254.2123376,-141.7718284,395.9623622,-2891.258209,3699.087326,-808.0183826,LLL
-244.3346399,-153.4916461,397.8044824,-2971.567678,3659.482465,-688.104051,LLL
-234.2158584,-165.0599427,399.2539978,-3048.945657,3616.265008,-567.5086131,LLL
-223.8660037,-176.4653266,400.3095273,-3123.313688,3569.479703,-446.3552756,LLL
-213.2952652,-187.6965172,400.9699797,-3194.600471,3519.170627,-324.7594148,LLL
-202.5140997,-198.7424554,401.2347527,-3262.733564,3465.389519,-202.8452124,LLL
-191.5331222,-209.5922156,401.1035357,-3327.647816,3408.187369,-80.72880778,LLL
-180.3631943,-220.235115,400.5765074,-3389.27708,3347.622711,41.46511565,LLL
-169.0153146,-230.6606257,399.6541387,-3447.562616,3283.753234,163.6201306,LLL
-157.5007068,-240.8584836,398.3373891,-3502.444826,3216.644049,285.6115274,LLL
-145.8307098,-250.8186,396.6275088,-3553.871622,3146.359308,407.3230667,LLL
-134.0168651,-260.5311701,394.5262345,-3601.790181,3072.970446,528.6304884,LLL
-122.070807,-269.9865843,392.0355908,-3646.155282,2996.547821,649.4182163,LLL
-110.0043492,-279.1755355,389.1580846,-3686.921074,2917.168918,769.562914,LLL
-97.8293755,-288.0889312,385.8965068,-3724.049392,2834.910011,888.9501406,LLL
-85.5579255,-296.717999,382.254125,-3757.501533,2749.85434,1007.457954,LLL
-73.20208528,-305.054199,378.234485,-3787.246542,2662.083788,1124.973516,LLL
-60.77407288,-313.0893286,373.8416025,-3813.253008,2571.687028,1241.376745,LLL
-48.28612896,-320.8154337,369.079764,-3835.49732,2478.751219,1356.556867,LLL
-35.75060188,-328.2249139,363.9537174,-3853.955475,2383.370126,1470.396117,LLL
-23.17983845,-335.3104327,358.4684731,-3868.611303,2285.635833,1582.78624,LLL
-10.5862687,-342.0650218,352.6294927,-3879.448298,2185.646835,1693.612234,LLL
2.017703192,-348.4819911,346.4424903,-3886.457806,2083.49977,1802.76881,LLL
14.61961452,-354.5550318,339.91362,-3889.63087,1979.297479,1910.144166,LLL
27.20705279,-360.2781265,333.0492768,-3888.966395,1873.140766,2015.636406,LLL
39.76757169,-365.6456514,325.856283,-3884.463005,1765.136425,2119.137359,LLL
52.28879949,-370.6522852,318.3416893,-3876.127172,1655.389014,2220.548938,LLL
64.7583553,-375.293111,310.5129596,-3863.965097,1544.008867,2319.767012,LLL
77.1639571,-379.5635249,302.377772,-3847.990805,1431.10388,2416.69771,LLL
89.49333816,-383.4593365,293.9442029,-3828.218042,1316.787496,2511.241332,LLL
101.7343547,-386.9766772,285.2205273,-3804.668338,1201.170515,2603.308611,LLL
113.8749026,-390.1120996,276.2154021,-3777.362919,1084.36905,2692.804658,LLL
125.9030242,-392.8624857,266.9376668,-3746.330743,966.4963604,2779.645174,LLL
137.8068257,-395.2251449,257.3965248,-3711.600428,847.6707793,2863.740442,LLL
149.574583,-397.1977218,247.6013448,-3673.208253,728.0075687,2945.01148,LLL
161.1946591,-398.7782934,237.5618406,-3631.190105,607.6268235,3023.374078,LLL
172.65561,-399.9652763,227.2878727,-3585.589449,486.6453459,3098.754902,LLL
183.9461017,-400.7575226,216.7896277,-3536.449292,365.1845263,3171.075565,LLL
195.0550152,-401.1542269,206.0774188,-3483.820122,243.3622385,3240.268685,LLL
205.9713639,-401.1550213,195.1618647,-3427.751887,121.3006968,3306.261994,LLL
216.6843983,-400.7598814,184.0536908,-3368.301909,-0.88162637,3368.99434,LLL
227.1835222,-399.9692207,172.7639064,-3305.526871,-123.062167,3428.399845,LLL
237.4583979,-398.7837961,161.3036064,-3239.490707,-245.1223296,3484.423846,LLL
247.4988618,-397.2048008,149.6841474,-3170.256608,-366.9396765,3537.007095,LLL
257.2950287,-395.2337697,137.9169498,-3097.894876,-488.3959648,3586.101654,LLL
266.8372074,-392.8726713,126.013673,-3022.47495,-609.3693585,3631.655122,LLL
276.1160044,-390.1238124,113.9860174,-2944.07323,-729.742442,3673.626488,LLL
285.1222393,-386.9899292,101.8458996,-2862.765122,-849.3944539,3711.970394,LLL
293.8470473,-383.4740911,89.60525376,-2778.632832,-968.2092769,3746.652929,LLL
302.2817949,-379.5797911,77.27620643,-2691.757427,-1086.067693,3777.635941,LLL
310.4181811,-375.3108491,64.87087852,-2602.226601,-1202.85535,3804.892774,LLL
318.2481532,-370.6715013,52.40155889,-2510.126753,-1318.455035,3828.392613,LLL
325.764007,-365.666303,39.880507,-2415.55073,-1432.75462,3848.116177,LLL
332.9583023,-360.3002168,27.3201258,-2318.589914,-1545.639354,3864.040097,LLL
339.8239622,-354.5785153,14.73276477,-2219.341944,-1656.99978,3876.152555,LLL
346.3541881,-348.5068683,2.130892143,-2117.902819,-1766.724055,3884.437707,LLL
352.5425584,-342.0912446,-10.47310152,-2014.374591,-1874.705837,3888.891261,LLL
358.382943,-335.3379988,-23.0667317,-1908.857488,-1980.83662,3889.504943,LLL
363.869601,-328.2537724,-35.63761583,-1801.457581,-2085.013604,3886.282022,LLL
368.997095,-320.8455797,-48.1733022,-1692.278926,-2187.132044,3879.221809,LLL
373.7603876,-313.1207089,-60.66146531,-1581.431202,-2287.093092,3868.335135,LLL
378.154755,-305.0868061,-73.08973521,-1469.021871,-2384.796172,3853.628886,LLL
382.1758835,-296.7517773,-85.44589227,-1355.163796,-2480.146787,3835.121428,LLL
385.8197818,-288.1238707,-97.71769694,-1239.967417,-2573.048915,3812.827178,LLL
389.0828767,-279.2115783,-109.8930839,-1123.548339,-2663.412793,3786.77198,LLL
391.9619252,-270.0237183,-121.9599921,-1006.019536,-2751.147326,3756.977711,LLL
394.4541085,-260.5693352,-133.9065583,-887.4989102,-2836.167843,3723.477605,LLL
396.5569447,-250.857782,-145.7209474,-768.1015142,-2918.38853,3686.300898,LLL
398.2683811,-240.8986202,-157.3915452,-647.947089,-2997.730153,3645.488097,LLL
399.5867061,-230.701701,-168.9067892,-527.152305,-3074.112504,3601.075666,LLL
400.5106413,-220.2770648,-180.2553602,-405.838277,-3147.462108,3553.111244,LLL
401.0392522,-209.6350221,-191.4260136,-284.1228251,-3217.704677,3501.638362,LLL
401.1720398,-198.7860528,-202.4077702,-162.1279671,-3284.772787,3446.711616,LLL
400.9088505,-187.740886,-213.1897474,-39.97220061,-3348.598354,3388.381419,LLL
400.2499665,-176.5103994,-223.7613497,82.22202746,-3409.120285,3326.709123,LLL
399.1960157,-165.1056987,-234.1120993,204.3360174,-3466.27696,3261.75181,LLL
397.7480604,-153.5380164,-244.231826,326.2473689,-3520.013861,3193.577361,LLL
395.9075074,-141.8187909,-254.1104982,447.8376559,-3570.27607,3122.249285,LLL
393.6761953,-129.9595654,-263.7384114,568.9850006,-3617.015868,3047.84174,LLL
391.056304,-117.9720656,-273.1060195,689.5717254,-3660.185247,2970.424396,LLL
388.0504411,-105.8680996,-282.2041223,809.4769482,-3699.743483,2890.077411,LLL
384.6615509,-93.65963479,-291.0236967,928.5842118,-3735.649661,2806.876328,LLL
380.893,-81.35869721,-299.5560831,1046.7741,-3767.870219,2720.906999,LLL
376.7484853,-68.97744853,-307.7928168,1163.931842,-3796.371488,2632.250528,LLL
372.2321191,-56.5280855,-315.7258134,1279.939952,-3821.127209,2540.998141,LLL
367.3483365,-44.02291615,-323.3471998,1394.685807,-3842.111088,2447.236166,LLL
362.1019791,-31.47425959,-330.6494987,1508.054305,-3859.304275,2351.060857,LLL
356.4982025,-18.89452179,-337.6254596,1619.935425,-3872.687945,2252.563409,LLL
350.5425589,-6.296095486,-344.268242,1730.216897,-3882.250747,2151.84474,LLL
344.2409039,6.308564274,-350.5712465,1838.79174,-3887.981389,2049.000541,LLL
337.5994783,18.9070401,-356.5282964,1945.550953,-3889.876066,1944.136008,LLL
330.6248146,31.48687696,-362.1334693,2050.391025,-3887.931062,1837.350932,LLL
323.3238178,44.0356819,-367.3812771,2153.206648,-3882.15014,1728.75439,LLL
315.7036712,56.54104898,-372.2664973,2253.898196,-3872.537163,1618.449867,LLL
307.7719168,68.99065866,-376.7843523,2352.364459,-3859.103458,1506.5499,LLL
299.5363605,81.37220296,-380.93034,2448.510101,-3841.860445,1393.161247,LLL
291.0051515,93.67348448,-384.7004123,2542.238403,-3820.826975,1278.399477,LLL
282.1866875,105.8823417,-388.0908052,2633.458697,-3796.021974,1162.374184,LLL
273.0896929,117.9867475,-391.0982161,2722.079132,-3767.471751,1045.203528,LLL
263.7231235,129.9747348,-393.7196338,2808.014077,-3735.202655,926.9994889,LLL
254.0962449,141.8344945,-395.9525144,2891.176899,-3699.248356,807.8823688,LLL
244.2185358,153.5543007,-397.7946114,2971.487349,-3659.642514,687.9660786,LLL
234.099766,165.1226091,-399.2441497,3048.864351,-3616.426034,567.3725988,LLL
223.7499,176.5279816,-400.2996558,3123.23336,-3569.639751,446.2173084,LLL
213.1791733,187.7591839,-400.9601312,3194.519168,-3519.331649,324.6234001,LLL
202.3979964,198.8051108,-401.224881,3262.653237,-3465.549566,202.7072504,LLL
191.4170307,209.6548827,-401.0936868,3327.566517,-3408.348387,80.59279263,LLL
180.2470914,220.2977708,-400.5666353,3389.196753,-3347.782756,-41.60307252,LLL
168.8992234,230.7232931,-399.6442894,3447.481321,-3283.914248,-163.7561462,LLL
157.3846044,240.9211397,-398.3275166,3502.364501,-3216.804093,-285.7494791,LLL
145.714619,250.8812678,-396.6176591,3553.790331,-3146.520318,-407.4590827,LLL
133.9007631,260.5938266,-394.5163617,3601.709857,-3073.13049,-528.768435,LLL
121.9547166,270.0492524,-392.0257406,3646.073994,-2996.708828,-649.5542327,LLL
109.8882476,279.2381924,-389.1482115,3686.840751,-2917.32896,-769.7008554,LLL
97.71328551,288.1515996,-385.8866563,3723.968108,-2835.071014,-889.0861574,LLL
85.44182436,296.7806563,-382.2442515,3757.421211,-2750.014382,-1007.59589,LLL
73.08599569,305.1168678,-378.2246341,3787.165261,-2662.244787,-1125.109534,LLL
60.65797217,313.1519862,-373.8317286,3813.172687,-2571.847069,-1241.514676,LLL
48.17003977,320.8781028,-369.0699126,3835.416043,-2478.912215,-1356.692885,LLL
35.6345016,328.2875719,-363.9438432,3853.875154,-2383.530166,-1470.534043,LLL
23.06374966,335.3731022,-358.4586213,3868.53003,-2285.796825,-1582.922258,LLL
10.47016885,342.1276802,-352.6196182,3879.367979,-2185.806874,-1693.750155,LLL
-2.133791586,348.5446609,-346.4326381,3886.376537,-2083.660758,-1802.904828,LLL
-14.73571394,354.6176906,-339.9037452,3889.550552,-1979.457517,-1910.282082,LLL
-27.32314079,360.3407967,-333.0394242,3888.88513,-1873.301751,-2015.772425,LLL
-39.88367068,365.7083105,-325.8464078,3884.382687,-1765.296461,-2119.275269,LLL
-52.40488709,370.7149557,-318.3318363,3876.04591,-1655.549995,-2220.684957,LLL
-64.87445386,375.3557705,-310.5030841,3863.88478,-1544.168903,-2319.904918,LLL
-77.2800443,379.6261958,-302.3679186,3847.909547,-1431.264857,-2416.833729,LLL
-89.60943629,383.5219965,-293.934327,3828.137727,-1316.94753,-2511.379233,LLL
-101.8504415,387.0393484,-285.2106734,3804.587084,-1201.331488,-2603.444631,LLL
-113.9910003,390.1747599,-276.2055259,3777.282604,-1084.529084,-2692.942554,LLL
-126.0191107,392.9251573,-266.9278126,3746.249493,-966.6573298,-2779.781194,LLL
-137.9229229,395.2878056,-257.3866483,3711.520115,-847.830812,-2863.878332,LLL
-149.690669,397.2603937,-247.5914901,3673.127007,-728.1685344,-2945.1475,LLL
-161.3107559,398.8409545,-237.5519636,3631.109792,-607.7868551,-3023.511963,LLL
-172.7716956,400.0279485,-227.2780177,3585.508206,-486.8063078,-3098.890922,LLL
-184.0621981,400.820184,-216.7797504,3536.36898,-365.3445568,-3171.213446,LLL
-195.1711004,401.2168995,-206.0675633,3483.738882,-243.5231967,-3240.404706,LLL
-206.0874599,401.2176831,-195.1519871,3427.671577,-121.4607263,-3306.399869,LLL
-216.8004831,400.8225543,-184.0438349,3368.220673,0.720671849,-3369.130362,LLL
-227.2996178,400.0318829,-172.7540285,3305.446561,122.9021385,-3428.537715,LLL
-237.5744823,398.8464694,-161.2937501,3239.409475,244.9613788,-3484.559867,LLL
-247.614957,397.2674633,-149.6742691,3170.1763,366.7796491,-3537.14496,LLL
-257.4111127,395.2964433,-137.9070931,3097.813648,488.2350177,-3586.237675,LLL
-266.9533021,392.9353342,-126.0037943,3022.394642,609.2093321,-3631.792983,LLL
-276.232088,390.1864864,-113.9761603,2943.992005,729.5814986,-3673.76251,LLL
-285.2383336,387.0525925,-101.8360206,2862.684816,849.2344286,-3712.108249,LLL
-293.9631305,383.5367654,-89.59539626,2778.551611,968.0483372,-3746.788951,LLL
-302.3978887,379.6424547,-77.26632712,2691.677121,1085.907669,-3777.773791,LLL
-310.5342639,375.3735238,-64.86102062,2602.145383,1202.694414,-3805.028796,LLL
-318.3642466,370.7341653,-52.39167922,2510.046449,1318.295012,-3828.530459,LLL
-325.8800895,365.728978,-39.87064869,2415.469516,1432.593688,-3848.2522,LLL
-333.0743953,360.3628812,-27.3102458,2318.509611,1545.479332,-3864.177937,LLL
-339.9400442,354.6411907,-14.72290606,2219.260734,1656.838852,-3876.288578,LLL
-346.4702806,348.5695331,-2.121011791,2117.822517,1766.564034,-3884.575542,LLL
-352.65864,342.1539203,10.48296064,2014.293384,1874.544912,-3889.027285,LLL
-358.4990351,335.4006639,23.07661239,1908.777187,1980.6766,-3889.642774,LLL
-363.9856823,328.3164484,35.64747535,1801.376378,2084.852683,-3886.418046,LLL
-369.1131867,320.9082453,48.18318324,1692.198626,2186.972025,-3879.359634,LLL
-373.8764684,313.1833852,60.67132524,1581.350002,2286.932175,-3868.471159,LLL
-378.2708463,305.149472,73.0996166,1468.941572,2384.636154,-3853.766706,LLL
-382.2919639,296.814454,85.45575261,1355.082601,2479.985873,-3835.257452,LLL
-385.9358727,288.1865369,97.72757867,1239.887119,2572.888898,-3812.964994,LLL
-389.1989568,279.2742554,109.9029446,1123.467147,2663.251883,-3786.908004,LLL
-392.0780156,270.0863849,121.9698742,1005.939239,2750.98731,-3757.115522,LLL
-394.5701882,260.6320126,133.9164194,887.4177219,2836.006937,-3723.61363,LLL
-396.6730347,250.920449,145.7308298,768.0212184,2918.228516,-3686.438703,LLL
-398.3844603,240.961298,157.4014068,647.8659042,2997.56925,-3645.624121,LLL
-399.7027957,230.7643684,168.9166719,527.0720104,3073.952491,-3601.213467,LLL
-400.6267201,220.3397429,180.2652221,405.7570959,3147.301209,-3553.247269,LLL
-401.1553413,209.6976899,191.4358967,284.0425315,3217.544664,-3501.776158,LLL
-401.2881182,198.8487312,202.4176325,162.0467896,3284.611891,-3446.847641,LLL
-401.0249392,187.8035541,213.1996309,39.89190811,3348.438343,-3388.51921,LLL
-400.3660446,176.5730782,223.7712125,-82.30320133,3408.959393,-3326.845148,LLL
-399.3121039,165.1683672,234.1219831,-204.4163088,3466.11695,-3261.889596,LLL
-397.864138,153.6006956,244.2416892,-326.3285391,3519.852972,-3193.713386,LLL
-396.0235952,141.8814599,254.1203823,-447.9179463,3570.116061,-3122.387066,LLL
-393.7922726,130.0222449,263.748275,-569.0661673,3616.854983,-3047.977765,LLL
-391.1723914,118.0347349,273.115904,-689.6520147,3660.025239,-2970.562173,LLL
-388.1665179,105.9307794,282.2139863,-809.5581112,3699.582602,-2890.213437,LLL
-384.7776379,93.72230445,291.0335815,-928.6645,3735.489655,-2807.014099,LLL
-381.0090764,81.42137736,299.5659474,-1046.855259,3767.709341,-2721.043024,LLL
-376.8645719,69.04011856,307.802702,-1164.012129,3796.211483,-2632.388294,LLL
-372.3481952,56.59076599,315.7356781,-1280.021108,3820.966336,-2541.134167,LLL
-367.4644226,44.08558656,323.3570853,-1394.766093,3841.951083,-2447.373928,LLL
-362.2180547,31.53694043,330.6593639,-1508.135457,3859.143404,-2351.196882,LLL
-356.6142882,18.95719257,337.6353455,-1620.01571,3872.527942,-2252.701166,LLL
-350.6586342,6.358776671,344.2781076,-1730.298046,3882.08988,-2151.980766,LLL
-344.3569892,-6.245893121,350.5811327,-1838.872024,3887.821387,-2049.138293,LLL
-337.7155532,-18.84435857,356.5381624,-1945.632098,3889.715203,-1944.272034,LLL
-330.7408995,-31.42420543,362.1433559,-2050.471308,3887.771061,-1837.488679,LLL
-323.4398922,-43.97300003,367.3911435,-2153.287789,3881.98928,-1728.890416,LLL
-315.8197556,-56.47837708,372.2763842,-2253.978477,3872.377163,-1618.587609,LLL
-307.8879908,-68.92797644,376.7942191,-2352.445597,3858.942602,-1506.685926,LLL
-299.6524445,-81.30953068,380.9402273,-2448.590381,3841.700446,-1393.298984,LLL
-291.1212252,-93.61080192,384.7102795,-2542.319537,3820.666123,-1278.535504,LLL
-282.3027711,-105.819669,388.1006928,-2633.538977,3795.861977,-1162.511916,LLL
-273.2057661,-117.9240646,391.1080837,-2722.160263,3767.310903,-1045.339554,LLL
-263.8392067,-129.9120618,393.7295217,-2808.094355,3735.042659,-927.1372166,LLL
-254.2123177,-141.7718112,395.9623825,-2891.258026,3699.087511,-808.0183953,LLL
-244.3346185,-153.4916273,397.8044997,-2971.567626,3659.482518,-688.1038014,LLL
-234.2158385,-165.0599255,399.2540181,-3048.945474,3616.265193,-567.5086254,LLL
-223.8659822,-176.4653078,400.3095445,-3123.313635,3569.479757,-446.3550264,LLL
-213.2952453,-187.6965,400.97,-3194.600288,3519.170811,-324.7594267,LLL
-202.5140783,-198.7424367,401.23477,-3262.733511,3465.389573,-202.8449636,LLL
-191.5331023,-209.5921984,401.103556,-3327.647633,3408.187553,-80.72881931,LLL
-180.3631728,-220.2350963,400.5765246,-3389.277027,3347.622765,41.4653641,LLL
-169.0152947,-230.6606085,399.654159,-3447.562434,3283.753418,163.6201194,LLL
-157.5006853,-240.8584648,398.3374063,-3502.444773,3216.644103,285.6117755,LLL
-145.8306899,-250.8185828,396.6275291,-3553.87144,3146.359491,407.3230559,LLL
-134.0168437,-260.5311514,394.5262517,-3601.790128,3072.970501,528.6307361,LLL
-122.070787,-269.9865671,392.0356111,-3646.1551,2996.548004,649.4182059,LLL
-110.0043278,-279.1755168,389.1581018,-3686.921021,2917.168972,769.5631613,LLL
-97.82935558,-288.088914,385.8965271,-3724.04921,2834.910194,888.9501306,LLL
-85.55790406,-296.7179803,382.2541422,-3757.50148,2749.854395,1007.458201,LLL
-73.20206536,-305.0541818,378.2345053,-3787.24636,2662.083971,1124.973507,LLL
-60.77405144,-313.0893098,373.8416197,-3813.252955,2571.687083,1241.376992,LLL
-48.28610904,-320.8154165,369.0797842,-3835.497139,2478.751402,1356.556858,LLL
-35.75058045,-328.2248952,363.9537346,-3853.955421,2383.370181,1470.396363,LLL
-23.17981853,-335.3104155,358.4684934,-3868.611122,2285.636016,1582.786231,LLL
-10.58624727,-342.0650031,352.62951,-3879.448244,2185.646891,1693.61248,LLL
2.017723114,-348.4819739,346.4425106,-3886.457625,2083.499952,1802.768801,LLL
14.61963595,-354.5550131,339.9136373,-3889.630816,1979.297535,1910.144411,LLL
27.20707272,-360.2781093,333.049297,-3888.966214,1873.140948,2015.636398,LLL
39.76759311,-365.6456327,325.8563003,-3884.46295,1765.13648,2119.137604,LLL
52.28881942,-370.652268,318.3417096,-3876.126991,1655.389196,2220.54893,LLL
64.75837672,-375.2930923,310.5129769,-3863.965042,1544.008923,2319.767257,LLL
77.16397703,-379.5635077,302.3777923,-3847.990625,1431.104062,2416.697702,LLL
89.49335957,-383.4593178,293.9442201,-3828.217988,1316.787552,2511.241577,LLL
101.7343747,-386.97666,285.2205475,-3804.668158,1201.170696,2603.308604,LLL
113.874924,-390.1120809,276.2154194,-3777.362864,1084.369106,2692.804902,LLL
125.9030442,-392.8624685,266.937687,-3746.330563,966.496542,2779.645168,LLL
137.8068471,-395.2251262,257.3965421,-3711.600373,847.6708357,2863.740685,LLL
149.5746029,-397.1977046,247.601365,-3673.208073,728.0077501,2945.011473,LLL
161.1946805,-398.7782747,237.5618578,-3631.19005,607.62688,3023.374321,LLL
172.65563,-399.9652591,227.287893,-3585.589269,486.6455271,3098.754895,LLL
183.9461231,-400.7575039,216.789645,-3536.449236,365.184583,3171.075808,LLL
195.0550351,-401.1542097,206.077439,-3483.819942,243.3624195,3240.26868,LLL
205.9713853,-401.1550026,195.161882,-3427.751832,121.3007537,3306.262237,LLL
216.6844182,-400.7598642,184.053711,-3368.301729,-0.881445515,3368.994335,LLL
227.1835436,-399.969202,172.7639237,-3305.526815,-123.0621099,3428.400087,LLL
237.4584178,-398.7837789,161.3036266,-3239.490528,-245.1221489,3484.423841,LLL
247.4988832,-397.2047821,149.6841647,-3170.256552,-366.9396192,3537.007337,LLL
257.2950486,-395.2337524,137.91697,-3097.894697,-488.3957843,3586.101649,LLL
266.8372288,-392.8726526,126.0136903,-3022.474894,-609.369301,3631.655364,LLL
276.1160243,-390.1237952,113.9860376,-2944.073051,-729.7422617,3673.626484,LLL
285.1222607,-386.9899105,101.8459169,-2862.765066,-849.3943963,3711.970635,LLL
293.8470672,-383.4740739,89.60527396,-2778.632654,-968.2090968,3746.652925,LLL
302.2818163,-379.5797724,77.27622374,-2691.75737,-1086.067635,3777.636182,LLL
310.418201,-375.3108319,64.87089872,-2602.226422,-1202.85517,3804.89277,LLL
318.2481746,-370.6714826,52.4015762,-2510.126696,-1318.454977,3828.392854,LLL
325.764027,-365.6662857,39.8805272,-2415.550551,-1432.75444,3848.116173,LLL
332.9583237,-360.3001981,27.32014312,-2318.589858,-1545.639296,3864.040337,LLL
339.8239822,-354.5784981,14.73278496,-2219.341766,-1656.999601,3876.152552,LLL
346.3542095,-348.5068496,2.130909461,-2117.902762,-1766.723997,3884.437946,LLL
352.5425783,-342.0912274,-10.47308133,-2014.374413,-1874.705658,3888.891259,LLL
358.3829644,-335.3379801,-23.06671437,-1908.857431,-1980.836562,3889.505183,LLL
363.869621,-328.2537552,-35.63759565,-1801.457403,-2085.013425,3886.28202,LLL
368.9971164,-320.8455611,-48.17328487,-1692.278869,-2187.131985,3879.222048,LLL
373.7604075,-313.1206916,-60.66144513,-1581.431024,-2287.092913,3868.335133,LLL
378.1547764,-305.0867875,-73.08971788,-1469.021814,-2384.796113,3853.629125,LLL
382.1759034,-296.75176,-85.4458721,-1355.163619,-2480.146608,3835.121426,LLL
385.8198032,-288.123852,-97.71767961,-1239.967359,-2573.048856,3812.827417,LLL
389.0828967,-279.2115611,-109.8930637,-1123.548162,-2663.412614,3786.771979,LLL
391.9619465,-270.0236996,-121.9599748,-1006.019478,-2751.147266,3756.977949,LLL
394.4541285,-260.5693179,-133.9065381,-887.4987331,-2836.167665,3723.477604,LLL
396.5569661,-250.8577633,-145.72093,-768.1014563,-2918.388471,3686.301135,LLL
398.2684011,-240.898603,-157.3915251,-647.946912,-2997.729974,3645.488096,LLL
399.5867275,-230.7016823,-168.9067718,-527.152247,-3074.112445,3601.075904,LLL
400.5106612,-220.2770476,-180.25534,-405.8381002,-3147.46193,3553.111244,LLL
401.0392736,-209.6350035,-191.4259962,-284.1227669,-3217.704617,3501.638599,LLL
401.1720598,-198.7860356,-202.40775,-162.1277905,-3284.772608,3446.711616,LLL
400.9088719,-187.7408673,-213.1897301,-39.97214225,-3348.598295,3388.381656,LLL
400.2499865,-176.5103822,-223.7613296,82.22220392,-3409.120107,3326.709124,LLL
399.196037,-165.10568,-234.112082,204.3360759,-3466.2769,3261.752047,LLL
397.7480804,-153.5379992,-244.2318058,326.2475452,-3520.013683,3193.577362,LLL
395.9075287,-141.8187723,-254.1104808,447.8377146,-3570.27601,3122.249521,LLL
393.6762153,-129.9595481,-263.7383912,568.9851767,-3617.01569,3047.841741,LLL
391.0563253,-117.972047,-273.1060022,689.5717843,-3660.185187,2970.424632,LLL
388.050461,-105.8680824,-282.2041022,809.4771241,-3699.743305,2890.077413,LLL
384.6615722,-93.65961616,-291.0236793,928.5842709,-3735.649601,2806.876563,LLL
380.8930199,-81.35867995,-299.5560629,1046.774275,-3767.870041,2720.907001,LLL
376.7485067,-68.9774299,-307.7927994,1163.931901,-3796.371428,2632.250763,LLL
372.2321391,-56.52806824,-315.7257932,1279.940127,-3821.127032,2540.998144,LLL
367.3483578,-44.02289752,-323.3471824,1394.685866,-3842.111027,2447.236401,LLL
362.1019991,-31.47424233,-330.6494785,1508.054481,-3859.304098,2351.060859,LLL
356.4982238,-18.89450316,-337.6254422,1619.935485,-3872.687884,2252.563643,LLL
350.5425789,-6.296078226,-344.2682219,1730.217072,-3882.25057,2151.844743,LLL
344.2409252,6.3085829,-350.5712291,1838.7918,-3887.981328,2049.000775,LLL
337.5994983,18.90705736,-356.5282763,1945.551128,-3889.87589,1944.136011,LLL
330.624836,31.48689559,-362.1334519,2050.391085,-3887.931001,1837.351166,LLL
323.3238378,44.03569917,-367.381257,2153.206823,-3882.149963,1728.754393,LLL
315.7036925,56.5410676,-372.2664799,2253.898256,-3872.537101,1618.4501,LLL
307.7719367,68.99067593,-376.7843322,2352.364634,-3859.103282,1506.549904,LLL
299.5363818,81.37222158,-380.9303226,2448.510161,-3841.860383,1393.16148,LLL
291.0051715,93.67350175,-384.7003922,2542.238577,-3820.826799,1278.399481,LLL
282.1867089,105.8823603,-388.0907878,2633.458758,-3796.021913,1162.374416,LLL
273.0897128,117.9867648,-391.098196,2722.079307,-3767.471576,1045.203532,LLL
263.7231449,129.9747534,-393.7196164,2808.014137,-3735.202593,926.9997212,LLL
254.0962648,141.8345117,-395.9524944,2891.177073,-3699.24818,807.8823735,LLL
244.2185571,153.5543193,-397.794594,2971.487409,-3659.642452,687.9663105,LLL
234.099786,165.1226264,-399.2441296,3048.864525,-3616.425859,567.3726039,LLL
223.7499213,176.5280002,-400.2996384,3123.23342,-3569.639688,446.21754,LLL
213.1791932,187.7592012,-400.9601111,3194.519342,-3519.331473,324.6234055,LLL
202.3980178,198.8051294,-401.2248636,3262.653298,-3465.549504,202.7074817,LLL
191.4170506,209.6549,-401.0936667,3327.566691,-3408.348212,80.59279837,LLL
180.2471127,220.2977894,-400.5666179,3389.196814,-3347.782694,-41.60284158,LLL
168.8992434,230.7233104,-399.6442693,3447.481494,-3283.914073,-163.7561401,LLL
157.3846257,240.9211583,-398.3274992,3502.364562,-3216.804031,-285.7492485,LLL
145.714639,250.8812851,-396.617639,3553.790504,-3146.520144,-407.4590763,LLL
133.9007844,260.5938452,-394.5163443,3601.709918,-3073.130427,-528.7682047,LLL
121.9547366,270.0492697,-392.0257206,3646.074167,-2996.708653,-649.554226,LLL
109.8882689,279.238211,-389.1481941,3686.840813,-2917.328897,-769.7006254,LLL
97.71330551,288.1516169,-385.8866362,3723.968281,-2835.070839,-889.0861504,LLL
85.44184567,296.7806749,-382.2442341,3757.421272,-2750.014319,-1007.59566,LLL
73.08601569,305.1168851,-378.224614,3787.165434,-2662.244613,-1125.109526,LLL
60.65799348,313.1520048,-373.8317112,3813.172749,-2571.847005,-1241.514447,LLL
48.17005977,320.8781201,-369.0698925,3835.416216,-2478.91204,-1356.692877,LLL
35.6345229,328.2875905,-363.9438258,3853.875217,-2383.530102,-1470.533814,LLL
23.06376966,335.3731195,-358.4586012,3868.530203,-2285.796651,-1582.92225,LLL
10.47019016,342.1276988,-352.6196008,3879.368041,-2185.806811,-1693.749927,LLL
-2.133771585,348.5446782,-346.4326181,3886.376709,-2083.660584,-1802.904819,LLL
-14.73569264,354.6177091,-339.9037277,3889.550614,-1979.457453,-1910.281853,LLL
-27.32312079,360.340814,-333.0394041,3888.885302,-1873.301577,-2015.772416,LLL
-39.88364938,365.7083291,-325.8463904,3884.38275,-1765.296397,-2119.275041,LLL
-52.40486709,370.714973,-318.3318162,3876.046082,-1655.549821,-2220.684948,LLL
-64.87443256,375.3557891,-310.5030666,3863.884843,-1544.168838,-2319.90469,LLL
-77.28002429,379.6262131,-302.3678986,3847.909719,-1431.264683,-2416.83372,LLL
-89.60941499,383.522015,-293.9343095,3828.13779,-1316.947466,-2511.379006,LLL
-101.8504215,387.0393657,-285.2106534,3804.587256,-1201.331315,-2603.444621,LLL
-113.990979,390.1747785,-276.2055084,3777.282667,-1084.529019,-2692.942327,LLL
-126.0190906,392.9251746,-266.9277925,3746.249664,-966.6571567,-2779.781184,LLL
-137.9229016,395.2878241,-257.3866308,3711.520178,-847.8307474,-2863.878105,LLL
-149.690649,397.260411,-247.5914701,3673.127178,-728.1683614,-2945.14749,LLL
-161.3107346,398.840973,-237.5519462,3631.109856,-607.7867903,-3023.511737,LLL
-172.7716756,400.0279658,-227.2779977,3585.508377,-486.8061351,-3098.890912,LLL
-184.0621768,400.8202026,-216.779733,3536.369044,-365.3444919,-3171.21322,LLL
-195.1710804,401.2169168,-206.0675433,3483.739053,-243.5230241,-3240.404695,LLL
-206.0874386,401.2177016,-195.1519696,3427.67164,-121.4606612,-3306.399643,LLL
-216.8004631,400.8225716,-184.0438149,3368.220844,0.720844289,-3369.130351,LLL
-227.2995965,400.0319015,-172.754011,3305.446625,122.9022038,-3428.537489,LLL
-237.5744623,398.8464866,-161.2937301,3239.409646,244.9615511,-3484.559856,LLL
-247.6149357,397.2674819,-149.6742517,3170.176364,366.7797144,-3537.144735,LLL
-257.4110927,395.2964606,-137.9070731,3097.813818,488.2351898,-3586.237664,LLL
-266.9532808,392.9353528,-126.0037769,3022.394706,609.2093977,-3631.792758,LLL
-276.232068,390.1865037,-113.9761403,2943.992176,729.5816705,-3673.762498,LLL
-285.2383123,387.0526111,-101.8360031,2862.68488,849.2344943,-3712.108024,LLL
-293.9631105,383.5367827,-89.59537628,2778.551781,968.048509,-3746.788939,LLL
-302.3978674,379.6424733,-77.26630964,2691.677186,1085.907735,-3777.773567,LLL
-310.5342439,375.3735411,-64.86100064,2602.145553,1202.694586,-3805.028784,LLL
-318.3642253,370.7341839,-52.39166174,2510.046513,1318.295078,-3828.530235,LLL
-325.8800695,365.7289953,-39.87062871,2415.469686,1432.593859,-3848.252187,LLL
-333.0743741,360.3628997,-27.31022831,2318.509676,1545.479398,-3864.177713,LLL
-339.9400242,354.641208,-14.72288608,2219.260904,1656.839023,-3876.288565,LLL
-346.4702594,348.5695516,-2.120994302,2117.822582,1766.564101,-3884.575319,LLL
-352.65862,342.1539376,10.48298061,2014.293554,1874.545083,-3889.027271,LLL
-358.4990138,335.4006825,23.07662988,1908.777252,1980.676667,-3889.642551,LLL
-363.9856623,328.3164657,35.64749532,1801.376548,2084.852854,-3886.418032,LLL
-369.1131655,320.9082638,48.18320074,1692.198691,2186.972091,-3879.359412,LLL
-373.8764484,313.1834025,60.67134521,1581.350172,2286.932346,-3868.471145,LLL
-378.270825,305.1494906,73.09963409,1468.941638,2384.636221,-3853.766484,LLL
-382.2919439,296.8144713,85.45577256,1355.08277,2479.986044,-3835.257438,LLL
-385.9358514,288.1865555,97.72759618,1239.887184,2572.888965,-3812.964772,LLL
-389.1989367,279.2742727,109.9029646,1123.467316,2663.252053,-3786.90799,LLL
-392.0779943,270.0864035,121.9698917,1005.939305,2750.987377,-3757.1153,LLL
-394.5701681,260.6320299,133.9164394,887.4178909,2836.007107,-3723.613615,LLL
-396.6730135,250.9204675,145.7308473,768.0212841,2918.228583,-3686.438482,LLL
-398.3844403,240.9613153,157.4014267,647.8660731,2997.56942,-3645.624106,LLL
-399.7027744,230.7643869,168.9166895,527.0720762,3073.952558,-3601.213246,LLL
-400.6267001,220.3397602,180.2652421,405.7572646,3147.301379,-3553.247253,LLL
-401.1553201,209.6977084,191.4359142,284.0425975,3217.544732,-3501.775937,LLL
-401.2880982,198.8487486,202.4176525,162.0469582,3284.612061,-3446.847625,LLL
-401.024918,187.8035726,213.1996484,39.89197425,3348.438411,-3388.518989,LLL
-400.3660245,176.5730955,223.7712324,-82.3030329,3408.959563,-3326.845132,LLL
-399.3120827,165.1683857,234.1220006,-204.4162425,3466.117018,-3261.889376,LLL
-397.864118,153.6007129,244.2417091,-326.3283708,3519.853142,-3193.71337,LLL
-396.023574,141.8814784,254.1203998,-447.9178799,3570.116129,-3122.386846,LLL
-393.7922525,130.0222622,263.7482949,-569.0659991,3616.855152,-3047.977748,LLL
-391.1723701,118.0347534,273.1159215,-689.6519481,3660.025307,-2970.561953,LLL
-388.1664979,105.9307968,282.2140062,-809.5579432,3699.582771,-2890.21342,LLL
-384.7776166,93.72232297,291.033599,-928.6644333,3735.489723,-2807.013879,LLL
-381.0090564,81.42139468,299.5659674,-1046.855091,3767.70951,-2721.043007,LLL
-376.8645506,69.04013708,307.8027195,-1164.012062,3796.211551,-2632.388075,LLL
-372.3481751,56.59078332,315.7356981,-1280.02094,3820.966505,-2541.134149,LLL
-367.4644014,44.08560508,323.3571028,-1394.766026,3841.951152,-2447.373709,LLL
-362.2180347,31.53695776,330.6593838,-1508.13529,3859.143573,-2351.196865,LLL
-356.614267,18.95721108,337.635363,-1620.015643,3872.528011,-2252.700947,LLL
-350.6586141,6.358794001,344.2781275,-1730.297878,3882.090049,-2151.980748,LLL
-344.3569679,-6.245874608,350.5811502,-1838.871956,3887.821455,-2049.138075,LLL
-337.7155331,-18.84434124,356.5381823,-1945.631931,3889.715372,-1944.272015,LLL
-330.7408782,-31.42418692,362.1433734,-2050.471241,3887.77113,-1837.488461,LLL
-323.4398722,-43.9729827,367.3911634,-2153.287622,3881.989449,-1728.890397,LLL
-315.8197344,-56.47835857,372.2764018,-2253.97841,3872.377232,-1618.587391,LLL
-307.8879708,-68.92795911,376.794239,-2352.44543,3858.94277,-1506.685907,LLL
-299.6524232,-81.30951218,380.9402448,-2448.590314,3841.700515,-1393.298767,LLL
-291.1212051,-93.61078458,384.7102994,-2542.31937,3820.666291,-1278.535484,LLL
-282.3027499,-105.8196505,388.1007104,-2633.538909,3795.862046,-1162.511699,LLL
-273.2057461,-117.9240473,391.1081036,-2722.160096,3767.311071,-1045.339535,LLL
-263.8391855,-129.9120433,393.7295393,-2808.094287,3735.042728,-927.1369997,LLL
-254.2122977,-141.7717939,395.9624024,-2891.257859,3699.087679,-808.0183754,LLL
-244.3345973,-153.4916088,397.8045172,-2971.567558,3659.482588,-688.1035848,LLL
-234.2158184,-165.0599082,399.254038,-3048.945308,3616.265361,-567.5086053,LLL
-223.865961,-176.4652893,400.3095621,-3123.313567,3569.479826,-446.3548101,LLL
-213.2952253,-187.6964826,400.9700199,-3194.600122,3519.170979,-324.7594063,LLL
-202.5140571,-198.7424182,401.2347875,-3262.733443,3465.389643,-202.8447476,LLL
-191.5330823,-209.5921811,401.1035759,-3327.647467,3408.18772,-80.72879862,LLL
-180.3631516,-220.2350778,400.5765422,-3389.276958,3347.622835,41.46557985,LLL
-169.0152746,-230.6605911,399.6541789,-3447.562268,3283.753585,163.6201404,LLL
-157.5006641,-240.8584463,398.3374239,-3502.444704,3216.644173,285.6119909,LLL
-145.8306698,-250.8185655,396.627549,-3553.871274,3146.359659,407.3230771,LLL
-134.0168225,-260.5311329,394.5262693,-3601.790059,3072.970571,528.6309513,LLL
-122.070767,-269.9865497,392.035631,-3646.154934,2996.548171,649.4182274,LLL
-110.0043065,-279.1754983,389.1581194,-3686.920952,2917.169043,769.5633762,LLL
-97.82933552,-288.0888966,385.896547,-3724.049045,2834.910361,888.9501524,LLL
-85.55788286,-296.7179618,382.2541598,-3757.501411,2749.854465,1007.458415,LLL
-73.2020453,-305.0541645,378.2345252,-3787.246195,2662.084138,1124.973529,LLL
-60.77403024,-313.0892914,373.8416373,-3813.252886,2571.687154,1241.377206,LLL
-48.28608898,-320.8153991,369.0798041,-3835.496973,2478.751569,1356.55688,LLL
-35.75055925,-328.2248767,363.9537522,-3853.955352,2383.370252,1470.396577,LLL
-23.17979847,-335.3103982,358.4685132,-3868.610957,2285.636183,1582.786253,LLL
-10.58622608,-342.0649846,352.6295275,-3879.448175,2185.646962,1693.612694,LLL
2.017743181,-348.4819565,346.4425304,-3886.45746,2083.500119,1802.768824,LLL
14.61965714,-354.5549946,339.9136549,-3889.630747,1979.297606,1910.144625,LLL
27.20709278,-360.278092,333.0493169,-3888.966049,1873.141115,2015.636421,LLL
39.7676143,-365.6456142,325.8563179,-3884.462881,1765.136552,2119.137817,LLL
52.28883949,-370.6522506,318.3417294,-3876.126826,1655.389362,2220.548954,LLL
64.75839791,-375.2930738,310.5129945,-3863.964972,1544.008994,2319.76747,LLL
77.1639971,-379.5634904,302.3778121,-3847.99046,1431.104228,2416.697726,LLL
89.49338076,-383.4592994,293.9442377,-3828.217918,1316.787623,2511.24179,LLL
101.7343947,-386.9766427,285.2205673,-3804.667993,1201.170862,2603.308628,LLL
113.8749452,-390.1120625,276.215437,-3777.362794,1084.369178,2692.805115,LLL
125.9030642,-392.8624511,266.9377069,-3746.330399,966.4967076,2779.645192,LLL
137.8068683,-395.2251077,257.3965597,-3711.600303,847.6709075,2863.740898,LLL
149.574623,-397.1976872,247.6013848,-3673.207909,728.0079156,2945.011498,LLL
161.1947017,-398.7782563,237.5618754,-3631.189979,607.6269519,3023.374533,LLL
172.65565,-399.9652417,227.2879128,-3585.589105,486.6456925,3098.75492,LLL
183.9461443,-400.7574854,216.7896626,-3536.449166,365.184655,3171.07602,LLL
195.0550552,-401.1541923,206.0774588,-3483.819778,243.3625848,3240.268705,LLL
205.9714065,-401.1549841,195.1618996,-3427.751761,121.3008258,3306.262448,LLL
216.6844383,-400.7598468,184.0537308,-3368.301565,-0.881280383,3368.99436,LLL
227.1835648,-399.9691836,172.7639413,-3305.526744,-123.0620376,3428.400298,LLL
237.4584379,-398.7837615,161.3036464,-3239.490364,-245.1219839,3484.423866,LLL
247.4989044,-397.2047636,149.6841823,-3170.256481,-366.9395468,3537.007548,LLL
257.2950687,-395.2337351,137.9169898,-3097.894534,-488.3956194,3586.101675,LLL
266.83725,-392.8726341,126.0137079,-3022.474823,-609.3692285,3631.655574,LLL
276.1160444,-390.1237779,113.9860574,-2944.072888,-729.7420969,3673.62651,LLL
285.1222819,-386.9898921,101.8459345,-2862.764994,-849.3943236,3711.970845,LLL
293.8470873,-383.4740565,89.60529376,-2778.63249,-968.2089322,3746.652951,LLL
302.2818374,-379.5797539,77.27624137,-2691.757299,-1086.067563,3777.636392,LLL
310.4182211,-375.3108145,64.87091852,-2602.226259,-1202.855006,3804.892797,LLL
318.2481957,-370.6714642,52.40159383,-2510.126625,-1318.454904,3828.393063,LLL
325.7640471,-365.6662684,39.88054699,-2415.550389,-1432.754276,3848.1162,LLL
332.9583449,-360.3001797,27.32016075,-2318.589786,-1545.639222,3864.040546,LLL
339.8240023,-354.5784807,14.73280475,-2219.341603,-1656.999436,3876.152579,LLL
346.3542306,-348.5068312,2.130927095,-2117.902691,-1766.723924,3884.438156,LLL
352.5425984,-342.09121,-10.47306155,-2014.37425,-1874.705493,3888.891286,LLL
358.3829855,-335.3379617,-23.06669674,-1908.857359,-1980.836488,3889.505392,LLL
363.8696411,-328.2537378,-35.63757587,-1801.457241,-2085.013261,3886.282048,LLL
368.9971376,-320.8455426,-48.17326724,-1692.278797,-2187.131912,3879.222257,LLL
373.7604276,-313.1206743,-60.66142536,-1581.430862,-2287.09275,3868.335161,LLL
378.1547975,-305.086769,-73.08970024,-1469.021742,-2384.79604,3853.629333,LLL
382.1759235,-296.7517426,-85.44585232,-1355.163457,-2480.146445,3835.121455,LLL
385.8198244,-288.1238336,-97.71766197,-1239.967287,-2573.048782,3812.827625,LLL
389.0829168,-279.2115437,-109.893044,-1123.548,-2663.412451,3786.772008,LLL
391.9619677,-270.0236812,-121.9599571,-1006.019406,-2751.147193,3756.978157,LLL
394.4541486,-260.5693005,-133.9065183,-887.4985711,-2836.167502,3723.477633,LLL
396.5569873,-250.8577449,-145.7209124,-768.1013838,-2918.388397,3686.301343,LLL
398.2684212,-240.8985856,-157.3915053,-647.9467502,-2997.729811,3645.488125,LLL
399.5867486,-230.7016639,-168.9067542,-527.1521744,-3074.112371,3601.076111,LLL
400.5106813,-220.2770302,-180.2553203,-405.8379385,-3147.461767,3553.111273,LLL
401.0392947,-209.634985,-191.4259786,-284.1226941,-3217.704543,3501.638806,LLL
401.1720799,-198.7860182,-202.4077303,-162.1276289,-3284.772445,3446.711645,LLL
400.908893,-187.7408489,-213.1897124,-39.97206939,-3348.59822,3388.381862,LLL
400.2500066,-176.5103648,-223.7613098,82.22236539,-3409.119944,3326.709153,LLL
399.1960582,-165.1056616,-234.1120643,204.3361489,-3466.276826,3261.752253,LLL
397.7481005,-153.5379818,-244.2317861,326.2477065,-3520.01352,3193.577392,LLL
395.9075499,-141.8187539,-254.1104632,447.8377878,-3570.275935,3122.249727,LLL
393.6762354,-129.9595308,-263.7383715,568.9853379,-3617.015527,3047.841771,LLL
391.0563465,-117.9720286,-273.1059845,689.5718575,-3660.185112,2970.424838,LLL
388.0504811,-105.868065,-282.2040824,809.4772852,-3699.743143,2890.077443,LLL
384.6615934,-93.65959774,-291.0236617,928.5843442,-3735.649526,2806.876769,LLL
380.89304,-81.35866257,-299.5560432,1046.774436,-3767.869879,2720.907031,LLL
376.7485278,-68.97741148,-307.7927817,1163.931975,-3796.371353,2632.250969,LLL
372.2321592,-56.52805085,-315.7257735,1279.940288,-3821.12687,2540.998174,LLL
367.348379,-44.0228791,-323.3471647,1394.68594,-3842.110952,2447.236606,LLL
362.1020192,-31.47422494,-330.6494588,1508.054641,-3859.303936,2351.06089,LLL
356.498245,-18.89448474,-337.6254245,1619.935558,-3872.687809,2252.563848,LLL
350.542599,-6.296060839,-344.2682022,1730.217233,-3882.250408,2151.844775,LLL
344.2409464,6.308601312,-350.5712114,1838.791873,-3887.981252,2049.00098,LLL
337.5995184,18.90707475,-356.5282566,1945.551288,-3889.875728,1944.136042,LLL
330.6248571,31.486914,-362.1334342,2050.391159,-3887.930925,1837.351371,LLL
323.3238579,44.03571656,-367.3812373,2153.206983,-3882.149802,1728.754425,LLL
315.7037136,56.54108601,-372.2664622,2253.89833,-3872.537026,1618.450304,LLL
307.7719568,68.99069332,-376.7843125,2352.364794,-3859.10312,1506.549936,LLL
299.5364029,81.37223998,-380.9303049,2448.510235,-3841.860307,1393.161684,LLL
291.0051916,93.67351914,-384.7003725,2542.238737,-3820.826638,1278.399514,LLL
282.18673,105.8823787,-388.0907701,2633.458832,-3796.021837,1162.37462,LLL
273.0897329,117.9867822,-391.0981763,2722.079467,-3767.471414,1045.203565,LLL
263.723166,129.9747718,-393.7195987,2808.014212,-3735.202518,926.9999248,LLL
254.0962849,141.8345291,-395.9524746,2891.177233,-3699.248019,807.8824064,LLL
244.2185782,153.5543377,-397.7945763,2971.487484,-3659.642376,687.9665138,LLL
234.0998061,165.1226438,-399.2441099,3048.864685,-3616.425697,567.3726371,LLL
223.7499424,176.5280186,-400.2996208,3123.233495,-3569.639612,446.2177431,LLL
213.1792134,187.7592186,-400.9600914,3194.519501,-3519.331312,324.6234389,LLL
202.3980389,198.8051478,-401.2248459,3262.653372,-3465.549427,202.7076845,LLL
191.4170708,209.6549174,-401.093647,3327.56685,-3408.348051,80.59283198,LLL
180.2471338,220.2978078,-400.5666002,3389.196889,-3347.782617,-41.60263899,LLL
168.8992635,230.7233278,-399.6442496,3447.481654,-3283.913913,-163.7561062,LLL
157.3846468,240.9211767,-398.3274815,3502.364637,-3216.803954,-285.7490461,LLL
145.7146591,250.8813025,-396.6176193,3553.790663,-3146.519983,-407.4590422,LLL
133.9008055,260.5938636,-394.5163266,3601.709993,-3073.130351,-528.7680026,LLL
121.9547567,270.0492871,-392.0257009,3646.074326,-2996.708493,-649.5541917,LLL
109.88829,279.2382294,-389.1481763,3686.840888,-2917.328821,-769.7004236,LLL
97.71332562,288.1516343,-385.8866165,3723.96844,-2835.070679,-889.0861158,LLL
85.44186677,296.7806933,-382.2442164,3757.421348,-2750.014242,-1007.595459,LLL
73.0860358,305.1169025,-378.2245943,3787.165593,-2662.244453,-1125.109491,LLL
60.65801458,313.1520232,-373.8316935,3813.172824,-2571.846928,-1241.514245,LLL
48.17007989,320.8781375,-369.0698728,3835.416375,-2478.91188,-1356.692842,LLL
35.634544,328.2876089,-363.9438081,3853.875292,-2383.530025,-1470.533613,LLL
23.06378978,335.3731369,-358.4585816,3868.530362,-2285.796491,-1582.922214,LLL
10.47021125,342.1277172,-352.619583,3879.368117,-2185.806733,-1693.749726,LLL
-2.133751465,348.5446956,-346.4325984,3886.376867,-2083.660424,-1802.904784,LLL
-14.73567154,354.6177275,-339.90371,3889.55069,-1979.457376,-1910.281653,LLL
-27.32310067,360.3408314,-333.0393845,3888.88546,-1873.301417,-2015.77238,LLL
-39.88362828,365.7083475,-325.8463726,3884.382826,-1765.29632,-2119.274841,LLL
-52.40484697,370.7149904,-318.3317966,3876.04624,-1655.549661,-2220.684912,LLL
-64.87441147,375.3558075,-310.5030489,3863.884919,-1544.168761,-2319.90449,LLL
-77.28000417,379.6262305,-302.3678789,3847.909877,-1431.264524,-2416.833684,LLL
-89.6093939,383.5220334,-293.9342918,3828.137866,-1316.947388,-2511.378806,LLL
-101.8504014,387.0393831,-285.2106337,3804.587414,-1201.331155,-2603.444585,LLL
-113.9909579,390.1747969,-276.2054907,3777.282744,-1084.528942,-2692.942127,LLL
-126.0190705,392.925192,-266.9277729,3746.249822,-966.6569974,-2779.781148,LLL
-137.9228806,395.2878425,-257.3866131,3711.520254,-847.8306695,-2863.877906,LLL
-149.6906288,397.2604284,-247.5914504,3673.127336,-728.1682023,-2945.147453,LLL
-161.3107135,398.8409914,-237.5519285,3631.109932,-607.7867123,-3023.511538,LLL
-172.7716555,400.0279832,-227.277978,3585.508535,-486.8059761,-3098.890875,LLL
-184.0621557,400.8202209,-216.7797152,3536.36912,-365.3444138,-3171.213021,LLL
-195.1710603,401.2169342,-206.0675236,3483.739211,-243.5228652,-3240.404658,LLL
-206.0874176,401.21772,-195.1519519,3427.671717,-121.460583,-3306.399445,LLL
-216.8004429,400.822589,-184.0437953,3368.221001,0.721003074,-3369.130313,LLL
-227.2995754,400.0319198,-172.7539933,3305.446702,122.9022821,-3428.537291,LLL
-237.5744422,398.8465041,-161.2937105,3239.409803,244.9617097,-3484.559818,LLL
-247.6149146,397.2675002,-149.6742339,3170.176441,366.7797929,-3537.144537,LLL
-257.4110725,395.296478,-137.9070535,3097.813976,488.2353483,-3586.237626,LLL
-266.9532597,392.9353711,-126.0037591,3022.394783,609.2094762,-3631.79256,LLL
-276.2320479,390.1865211,-113.9761207,2943.992333,729.581829,-3673.76246,LLL
-285.2382912,387.0526294,-101.8359854,2862.684957,849.234573,-3712.107826,LLL
-293.9630904,383.5368001,-89.59535665,2778.551938,968.0486673,-3746.7889,LLL
-302.3978464,379.6424917,-77.26629189,2691.677263,1085.907814,-3777.77337,LLL
-310.5342238,375.3735585,-64.86098101,2602.14571,1202.694744,-3805.028745,LLL
-318.3642043,370.7342022,-52.39164399,2510.046591,1318.295157,-3828.530037,LLL
-325.8800493,365.7290127,-39.87060909,2415.469843,1432.594017,-3848.252148,LLL
-333.074353,360.3629181,-27.31021056,2318.509753,1545.479477,-3864.177516,LLL
-339.9400041,354.6412254,-14.72286646,2219.261061,1656.839181,-3876.288526,LLL
-346.4702383,348.56957,-2.120976547,2117.82266,1766.56418,-3884.575122,LLL
-352.6585999,342.153955,10.48300023,2014.29371,1874.545241,-3889.027232,LLL
-358.4989928,335.4007008,23.07664764,1908.777329,1980.676746,-3889.642354,LLL
-363.9856421,328.3164832,35.64751493,1801.376704,2084.853011,-3886.417992,LLL
-369.1131444,320.9082822,48.1832185,1692.198769,2186.972171,-3879.359215,LLL
-373.8764282,313.18342,60.67136482,1581.350328,2286.932503,-3868.471105,LLL
-378.270804,305.1495089,73.09965186,1468.941716,2384.6363,-3853.766288,LLL
-382.2919238,296.8144887,85.45579217,1355.082926,2479.986201,-3835.257397,LLL
-385.9358304,288.1865738,97.72761394,1239.887263,2572.889045,-3812.964576,LLL
-389.1989166,279.2742901,109.9029842,1123.467472,2663.252211,-3786.907949,LLL
-392.0779733,270.0864218,121.9699094,1005.939383,2750.987457,-3757.115104,LLL
-394.570148,260.6320473,133.916459,887.4180468,2836.007265,-3723.613574,LLL
-396.6729924,250.9204859,145.7308651,768.0213625,2918.228663,-3686.438286,LLL
-398.3844202,240.9613327,157.4014463,647.8662289,2997.569577,-3645.624065,LLL
-399.7027534,230.7644053,168.9167072,527.0721547,3073.952638,-3601.21305,LLL
-400.6266799,220.3397776,180.2652617,405.7574202,3147.301536,-3553.247212,LLL
-401.155299,209.6977268,191.435932,284.042676,3217.544812,-3501.775742,LLL
-401.2880781,198.848766,202.4176721,162.0471137,3284.612218,-3446.847584,LLL
-401.0248969,187.803591,213.1996662,39.89205291,3348.438491,-3388.518794,LLL
-400.3660044,176.5731129,223.771252,-82.30287749,3408.95972,-3326.845091,LLL
-399.3120616,165.1684041,234.1220184,-204.4161637,3466.117098,-3261.889181,LLL
-397.8640979,153.6007303,244.2417287,-326.3282155,3519.853299,-3193.713328,LLL
-396.0235529,141.8814967,254.1204176,-447.917801,3570.116209,-3122.386652,LLL
-393.7922324,130.0222796,263.7483145,-569.0658439,3616.855309,-3047.977707,LLL
-391.1723491,118.0347718,273.1159393,-689.6518691,3660.025388,-2970.561759,LLL
-388.1664777,105.9308142,282.2140258,-809.5577881,3699.582928,-2890.213378,LLL
-384.7775956,93.7223413,291.0336168,-928.6643542,3735.489803,-2807.013685,LLL
-381.0090362,81.42141212,299.5659869,-1046.854936,3767.709667,-2721.042965,LLL
-376.8645296,69.04015541,307.8027373,-1164.011983,3796.211632,-2632.387882,LLL
-372.348155,56.59080075,315.7357176,-1280.020785,3820.966661,-2541.134107,LLL
-367.4643803,44.0856234,323.3571206,-1394.765946,3841.951232,-2447.373515,LLL
-362.2180146,31.53697519,330.6594033,-1508.135135,3859.14373,-2351.196822,LLL
-356.6142459,18.9572294,337.6353808,-1620.015563,3872.528092,-2252.700754,LLL
-350.658594,6.358811435,344.2781471,-1730.297724,3882.090205,-2151.980705,LLL
-344.3569469,-6.245856286,350.581168,-1838.871877,3887.821536,-2049.137882,LLL
-337.715513,-18.8443238,356.5382019,-1945.631776,3889.715528,-1944.271972,LLL
-330.7408572,-31.4241686,362.1433912,-2050.471161,3887.771211,-1837.488268,LLL
-323.439852,-43.97296526,367.391183,-2153.287468,3881.989605,-1728.890354,LLL
-315.8197133,-56.47834025,372.2764196,-2253.97833,3872.377313,-1618.587198,LLL
-307.8879506,-68.92794167,376.7942586,-2352.445276,3858.942926,-1506.685864,LLL
-299.6524022,-81.30949386,380.9402626,-2448.590234,3841.700597,-1393.298574,LLL
-291.121185,-93.61076714,384.710319,-2542.319216,3820.666447,-1278.535441,LLL
-282.3027288,-105.8196322,388.1007282,-2633.538829,3795.862128,-1162.511507,LLL
-273.2057259,-117.9240298,391.1081232,-2722.159942,3767.311226,-1045.339491,LLL
-263.8391644,-129.912025,393.7295571,-2808.094207,3735.04281,-927.1368077,LLL
-254.2122775,-141.7717764,395.9624219,-2891.257705,3699.087834,-808.0183312,LLL
-244.3345763,-153.4915905,397.804535,-2971.567478,3659.48267,-688.103393,LLL
-234.2157983,-165.0598907,399.2540575,-3048.945154,3616.265516,-567.5085609,LLL
-223.86594,-176.465271,400.3095799,-3123.313487,3569.479908,-446.3546185,LLL
-213.2952051,-187.6964652,400.9700394,-3194.599968,3519.171134,-324.7593617,LLL
-202.514036,-198.7423999,401.2348053,-3262.733363,3465.389725,-202.8445562,LLL
-191.5330621,-209.5921636,401.1035954,-3327.647314,3408.187875,-80.72875382,LLL
-180.3631306,-220.2350595,400.57656,-3389.276878,3347.622917,41.46577101,LLL
-169.0152545,-230.6605737,399.6541984,-3447.562114,3283.75374,163.6201854,LLL
-157.5006431,-240.858428,398.3374417,-3502.444624,3216.644255,285.6121819,LLL
-145.8306497,-250.818548,396.6275685,-3553.871121,3146.359814,407.3231223,LLL
-134.0168014,-260.5311146,394.5262871,-3601.789978,3072.970653,528.631142,LLL
-122.0707468,-269.9865323,392.0356505,-3646.154781,2996.548326,649.4182729,LLL
-110.0042855,-279.17548,389.1581372,-3686.920871,2917.169125,769.5635667,LLL
-97.82931536,-288.0888792,385.8965665,-3724.048892,2834.910516,888.950198,LLL
-85.55786184,-296.7179435,382.2541776,-3757.50133,2749.854548,1007.458606,LLL
-73.20202514,-305.054147,378.2345447,-3787.246042,2662.084292,1124.973575,LLL
-60.77400923,-313.0892731,373.8416551,-3813.252805,2571.687236,1241.377396,LLL
-48.28606882,-320.8153817,369.0798236,-3835.49682,2478.751723,1356.556926,LLL
-35.75053823,-328.2248584,363.95377,-3853.955271,2383.370335,1470.396767,LLL
-23.17977831,-335.3103807,358.4685327,-3868.610804,2285.636337,1582.7863,LLL
-10.58620507,-342.0649663,352.6295454,-3879.448094,2185.647044,1693.612884,LLL
2.017763344,-348.4819391,346.44255,-3886.457307,2083.500273,1802.76887,LLL
14.61967815,-354.5549763,339.9136727,-3889.630665,1979.297689,1910.144814,LLL
27.20711295,-360.2780745,333.0493364,-3888.965897,1873.141269,2015.636468,LLL
39.76763531,-365.6455959,325.8563357,-3884.462799,1765.136634,2119.138006,LLL
52.28885965,-370.6522332,318.3417489,-3876.126674,1655.389516,2220.549001,LLL
64.75841892,-375.2930555,310.5130123,-3863.964891,1544.009077,2319.767659,LLL
77.16401726,-379.5634729,302.3778316,-3847.990308,1431.104382,2416.697773,LLL
89.49340177,-383.4592811,293.9442556,-3828.217836,1316.787706,2511.241978,LLL
101.7344149,-386.9766252,285.2205868,-3804.667841,1201.171016,2603.308675,LLL
113.8749662,-390.1120442,276.2154548,-3777.362712,1084.369261,2692.805303,LLL
125.9030844,-392.8624337,266.9377264,-3746.330247,966.4968613,2779.645239,LLL
137.8068893,-395.2250894,257.3965776,-3711.600221,847.6709907,2863.741086,LLL
149.5746431,-397.1976698,247.6014043,-3673.207757,728.0080692,2945.011545,LLL
161.1947227,-398.778238,237.5618933,-3631.189897,607.6270352,3023.374721,LLL
172.6556702,-399.9652243,227.2879323,-3585.588953,486.645846,3098.754968,LLL
183.9461653,-400.7574671,216.7896804,-3536.449084,365.1847384,3171.076208,LLL
195.0550754,-401.1541749,206.0774783,-3483.819626,243.3627381,3240.268753,LLL
205.9714275,-401.1549658,195.1619174,-3427.751679,121.3009093,3306.262636,LLL
216.6844584,-400.7598294,184.0537503,-3368.301414,-0.881127113,3368.994409,LLL
227.1835858,-399.9691653,172.7639592,-3305.526662,-123.061954,3428.400486,LLL
237.4584581,-398.783744,161.3036659,-3239.490213,-245.1218308,3484.423915,LLL
247.4989254,-397.2047453,149.6842002,-3170.256399,-366.9394631,3537.007735,LLL
257.2950888,-395.2337176,137.9170093,-3097.894382,-488.3954664,3586.101723,LLL
266.8372709,-392.8726159,126.0137257,-3022.47474,-609.3691447,3631.655762,LLL
276.1160646,-390.1237604,113.9860769,-2944.072736,-729.741944,3673.626559,LLL
285.1223028,-386.9898738,101.8459524,-2862.764912,-849.3942397,3711.971032,LLL
293.8471075,-383.4740391,89.60531324,-2778.632339,-968.2087793,3746.653,LLL
302.2818584,-379.5797357,77.27625922,-2691.757216,-1086.067479,3777.636579,LLL
310.4182413,-375.310797,64.870938,-2602.226108,-1202.854853,3804.892846,LLL
318.2482167,-370.6714459,52.40161168,-2510.126542,-1318.45482,3828.39325,LLL
325.7640673,-365.6662509,39.88056646,-2415.550237,-1432.754123,3848.11625,LLL
332.9583659,-360.3001614,27.32017861,-2318.589703,-1545.639138,3864.040733,LLL
339.8240224,-354.5784633,14.73282422,-2219.341452,-1656.999284,3876.152629,LLL
346.3542516,-348.5068129,2.130944954,-2117.902608,-1766.72384,3884.438342,LLL
352.5426186,-342.0911926,-10.47304208,-2014.374099,-1874.705341,3888.891336,LLL
358.3830065,-335.3379434,-23.06667888,-1908.857276,-1980.836404,3889.505578,LLL
363.8696613,-328.2537203,-35.6375564,-1801.45709,-2085.013108,3886.282098,LLL
368.9971585,-320.8455244,-48.17324937,-1692.278714,-2187.131827,3879.222443,LLL
373.7604478,-313.1206568,-60.66140589,-1581.430711,-2287.092597,3868.335211,LLL
378.1548185,-305.0867508,-73.08968237,-1469.021659,-2384.795955,3853.629519,LLL
382.1759437,-296.7517252,-85.44583286,-1355.163306,-2480.146292,3835.121505,LLL
385.8198453,-288.1238153,-97.7176441,-1239.967204,-2573.048698,3812.82781,LLL
389.082937,-279.2115262,-109.8930245,-1123.547849,-2663.412299,3786.772058,LLL
391.9619887,-270.0236629,-121.9599392,-1006.019323,-2751.147108,3756.978343,LLL
394.4541688,-260.5692831,-133.9064989,-887.4984205,-2836.16735,3723.477684,LLL
396.5570082,-250.8577266,-145.7208945,-768.1013004,-2918.388312,3686.301528,LLL
398.2684413,-240.8985681,-157.3914858,-647.9465997,-2997.729659,3645.488176,LLL
399.5867696,-230.7016456,-168.9067363,-527.1520909,-3074.112286,3601.076296,LLL
400.5107015,-220.2770127,-180.2553008,-405.8377881,-3147.461615,3553.111324,LLL
401.0393157,-209.6349668,-191.4259607,-284.1226106,-3217.704458,3501.638991,LLL
401.1721,-198.7860007,-202.4077108,-162.1274786,-3284.772294,3446.711697,LLL
400.908914,-187.7408306,-213.1896946,-39.97198572,-3348.598135,3388.382047,LLL
400.2500268,-176.5103473,-223.7612904,82.22251554,-3409.119793,3326.709205,LLL
399.1960791,-165.1056433,-234.1120464,204.3362326,-3466.27674,3261.752437,LLL
397.7481206,-153.5379643,-244.2317666,326.2478565,-3520.013369,3193.577444,LLL
395.9075709,-141.8187356,-254.1104453,447.8378716,-3570.27585,3122.249912,LLL
393.6762556,-129.9595133,-263.7383521,568.9854879,-3617.015376,3047.841823,LLL
391.0563674,-117.9720103,-273.1059666,689.5719415,-3660.185027,2970.425022,LLL
388.0505013,-105.8680475,-282.204063,809.477435,-3699.742992,2890.077495,LLL
384.6616143,-93.65957949,-291.0236438,928.5844283,-3735.64944,2806.876952,LLL
380.8930602,-81.3586451,-299.5560238,1046.774586,-3767.869728,2720.907084,LLL
376.7485487,-68.97739324,-307.7927639,1163.932059,-3796.371267,2632.251152,LLL
372.2321794,-56.52803338,-315.7257541,1279.940438,-3821.126719,2540.998227,LLL
367.3483999,-44.02286086,-323.3471468,1394.686024,-3842.110866,2447.236789,LLL
362.1020394,-31.47420747,-330.6494394,1508.054791,-3859.303785,2351.060943,LLL
356.4982659,-18.8944665,-337.6254066,1619.935643,-3872.687723,2252.564032,LLL
350.5426192,-6.296043367,-344.2681827,1730.217382,-3882.250257,2151.844827,LLL
344.2409673,6.308619553,-350.5711935,1838.791958,-3887.981167,2049.001163,LLL
337.5995386,18.90709222,-356.5282372,1945.551438,-3889.875577,1944.136095,LLL
330.6248781,31.48693223,-362.1334164,2050.391244,-3887.930839,1837.351553,LLL
323.323878,44.03573403,-367.3812179,2153.207132,-3882.149651,1728.754478,LLL
315.7037346,56.54110425,-372.2664443,2253.898414,-3872.53694,1618.450487,LLL
307.771977,68.99071079,-376.784293,2352.364943,-3859.102969,1506.549989,LLL
299.5364239,81.37225822,-380.930287,2448.51032,-3841.860221,1393.161866,LLL
291.0052118,93.67353661,-384.7003531,2542.238886,-3820.826487,1278.399567,LLL
282.1867509,105.8823969,-388.0907522,2633.458917,-3796.021751,1162.374802,LLL
273.0897531,117.9867997,-391.0981569,2722.079616,-3767.471264,1045.203618,LLL
263.7231869,129.9747901,-393.7195808,2808.014296,-3735.202431,927.0001067,LLL
254.0963051,141.8345466,-395.9524552,2891.177382,-3699.247868,807.8824604,LLL
244.2185992,153.554356,-397.7945584,2971.487569,-3659.642289,687.9666956,LLL
234.0998263,165.1226612,-399.2440905,3048.864833,-3616.425547,567.3726912,LLL
223.7499634,176.5280368,-400.2996028,3123.23358,-3569.639526,446.2179247,LLL
213.1792336,187.7592361,-400.960072,3194.51965,-3519.331162,324.6234932,LLL
202.3980598,198.8051661,-401.224828,3262.653457,-3465.549341,202.7078659,LLL
191.4170909,209.6549349,-401.0936276,3327.566999,-3408.347901,80.59288645,LLL
180.2471548,220.297826,-400.5665823,3389.196975,-3347.782531,-41.60245775,LLL
168.8992837,230.7233453,-399.6442302,3447.481802,-3283.913763,-163.7560516,LLL
157.3846677,240.9211949,-398.3274636,3502.364722,-3216.803867,-285.7488651,LLL
145.7146793,250.8813199,-396.6175999,3553.790812,-3146.519833,-407.4589874,LLL
133.9008265,260.5938819,-394.5163087,3601.710079,-3073.130264,-528.7678217,LLL
121.9547769,270.0493045,-392.0256815,3646.074474,-2996.708343,-649.5541367,LLL
109.888311,279.2382477,-389.1481584,3686.840973,-2917.328734,-769.7002429,LLL
97.71334582,288.1516518,-385.8865971,3723.968588,-2835.070529,-889.0860606,LLL
85.44188771,296.7807115,-382.2441985,3757.421433,-2750.014155,-1007.595278,LLL
73.086056,305.11692,-378.2245749,3787.165741,-2662.244303,-1125.109436,LLL
60.65803551,313.1520414,-373.8316756,3813.17291,-2571.846841,-1241.514065,LLL
48.17010009,320.878155,-369.0698535,3835.416523,-2478.911731,-1356.692787,LLL
35.63456494,328.2876271,-363.9437901,3853.875378,-2383.529938,-1470.533433,LLL
23.06380998,335.3731544,-358.4585622,3868.53051,-2285.796342,-1582.922159,LLL
10.47023219,342.1277354,-352.6195651,3879.368203,-2185.806646,-1693.749546,LLL
-2.133731267,348.5447131,-346.432579,3886.377015,-2083.660275,-1802.904728,LLL
-14.73565061,354.6177457,-339.9036921,3889.550776,-1979.457289,-1910.281473,LLL
-27.32308047,360.3408489,-333.0393651,3888.885608,-1873.301268,-2015.772324,LLL
-39.88360735,365.7083657,-325.8463547,3884.382912,-1765.296232,-2119.274661,LLL
-52.40482677,370.7150079,-318.3317772,3876.046388,-1655.549512,-2220.684856,LLL
-64.87439054,375.3558257,-310.503031,3863.885005,-1544.168673,-2319.90431,LLL
-77.27998397,379.626248,-302.3678595,3847.910025,-1431.264375,-2416.833627,LLL
-89.60937297,383.5220516,-293.9342739,3828.137952,-1316.947301,-2511.378626,LLL
-101.8503812,387.0394006,-285.2106144,3804.587561,-1201.331006,-2603.444528,LLL
-113.990937,390.1748151,-276.2054728,3777.28283,-1084.528854,-2692.941948,LLL
-126.0190503,392.9252095,-266.9277535,3746.24997,-966.6568486,-2779.781091,LLL
-137.9228596,395.2878607,-257.3865952,3711.520341,-847.8305817,-2863.877727,LLL
-149.6906086,397.2604459,-247.5914311,3673.127483,-728.1680536,-2945.147396,LLL
-161.3106926,398.8410096,-237.5519105,3631.110019,-607.7866244,-3023.511359,LLL
-172.7716353,400.0280007,-227.2779587,3585.508682,-486.8058274,-3098.890817,LLL
-184.0621348,400.8202391,-216.7796973,3536.369207,-365.3443258,-3171.212842,LLL
-195.1710401,401.2169517,-206.0675043,3483.739358,-243.5227166,-3240.404601,LLL
-206.0873966,401.2177382,-195.1519339,3427.671804,-121.4604949,-3306.399266,LLL
-216.8004227,400.8226065,-184.0437759,3368.221148,0.721151549,-3369.130256,LLL
-227.2995545,400.031938,-172.7539753,3305.446789,122.9023703,-3428.537113,LLL
-237.574422,398.8465216,-161.2936911,3239.40995,244.9618581,-3484.55976,LLL
-247.6148937,397.2675184,-149.674216,3170.176527,366.7798811,-3537.144359,LLL
-257.4110523,395.2964955,-137.9070341,3097.814122,488.2354966,-3586.237568,LLL
-266.9532388,392.9353893,-126.0037412,3022.39487,609.2095645,-3631.792382,LLL
-276.2320276,390.1865386,-113.9761014,2943.99248,729.5819772,-3673.762402,LLL
-285.2382703,387.0526476,-101.8359674,2862.685044,849.2346613,-3712.107649,LLL
-293.9630702,383.5368176,-89.59533729,2778.552085,968.0488155,-3746.788842,LLL
-302.3978254,379.6425099,-77.26627395,2691.67735,1085.907902,-3777.773192,LLL
-310.5342036,375.373576,-64.86096166,2602.145857,1202.694892,-3805.028687,LLL
-318.3641833,370.7342204,-52.39162605,2510.046678,1318.295246,-3828.52986,LLL
-325.8800291,365.7290302,-39.87058974,2415.469989,1432.594165,-3848.252089,LLL
-333.0743321,360.3629363,-27.31019261,2318.509841,1545.479565,-3864.177339,LLL
-339.9399839,354.6412429,-14.72284712,2219.261207,1656.839329,-3876.288467,LLL
-346.4702174,348.5695882,-2.120958602,2117.822747,1766.564269,-3884.574945,LLL
-352.6585796,342.1539725,10.48301957,2014.293857,1874.545389,-3889.027173,LLL
-358.4989719,335.400719,23.07666559,1908.777417,1980.676835,-3889.642177,LLL
-363.9856219,328.3165007,35.64753427,1801.37685,2084.853159,-3886.417933,LLL
-369.1131235,320.9083004,48.18323644,1692.198857,2186.97226,-3879.359038,LLL
-373.876408,313.1834375,60.67138415,1581.350474,2286.932651,-3868.471046,LLL
-378.2707831,305.1495271,73.09966981,1468.941803,2384.636389,-3853.766111,LLL
-382.2919035,296.8145062,85.45581151,1355.083072,2479.986349,-3835.257338,LLL
-385.9358095,288.186592,97.72763189,1239.88735,2572.889134,-3812.964399,LLL
-389.1988964,279.2743076,109.9030035,1123.467618,2663.252358,-3786.90789,LLL
-392.0779524,270.08644,121.9699274,1005.939471,2750.987546,-3757.114928,LLL
-394.5701278,260.6320648,133.9164783,887.4181927,2836.007412,-3723.613514,LLL
-396.6729715,250.9205041,145.730883,768.0214502,2918.228752,-3686.43811,LLL
-398.3844,240.9613502,157.4014656,647.8663747,2997.569724,-3645.624006,LLL
-399.7027325,230.7644234,168.9167252,527.0722425,3073.952727,-3601.212874,LLL
-400.6266597,220.3397951,180.265281,405.757566,3147.301683,-3553.247152,LLL
-401.1552781,209.6977449,191.4359499,284.0427639,3217.544901,-3501.775566,LLL
-401.2880579,198.8487835,202.4176914,162.0472594,3284.612365,-3446.847524,LLL
-401.024876,187.8036092,213.1996842,39.8921409,3348.43858,-3388.518619,LLL
-400.3659842,176.5731304,223.7712713,-82.30273191,3408.959867,-3326.84503,LLL
-399.3120407,165.1684222,234.1220364,-204.4160757,3466.117188,-3261.889006,LLL
-397.8640776,153.6007478,244.241748,-326.3280701,3519.853446,-3193.713268,LLL
-396.023532,141.8815149,254.1204356,-447.9177128,3570.116299,-3122.386477,LLL
-393.7922122,130.0222971,263.7483338,-569.0656985,3616.855456,-3047.977646,LLL
-391.1723282,118.0347899,273.1159573,-689.6517809,3660.025478,-2970.561584,LLL
-388.1664575,105.9308317,282.2140451,-809.5576428,3699.583074,-2890.213317,LLL
-384.7775747,93.72235947,291.0336348,-928.6642659,3735.489893,-2807.013511,LLL
-381.009016,81.42142962,299.5660063,-1046.854791,3767.709813,-2721.042904,LLL
-376.8645087,69.04017358,307.8027553,-1164.011895,3796.211722,-2632.387707,LLL
-372.3481348,56.59081825,315.7357369,-1280.02064,3820.966808,-2541.134046,LLL
-367.4643594,44.08564157,323.3571386,-1394.765858,3841.951322,-2447.373341,LLL
-362.2179943,31.53699269,330.6594226,-1508.13499,3859.143876,-2351.196761,LLL
-356.614225,18.95724757,337.6353988,-1620.015475,3872.528182,-2252.70058,LLL
-350.6585738,6.358828936,344.2781664,-1730.297579,3882.090351,-2151.980644,LLL
-344.356926,-6.245838118,350.581186,-1838.871788,3887.821626,-2049.137708,LLL
-337.7154928,-18.8443063,356.5382212,-1945.631631,3889.715674,-1944.271911,LLL
-330.7408363,-31.42415044,362.1434092,-2050.471072,3887.771301,-1837.488095,LLL
-323.4398318,-43.97294776,367.3912023,-2153.287323,3881.989751,-1728.890292,LLL
-315.8196924,-56.47832209,372.2764375,-2253.978241,3872.377403,-1618.587025,LLL
-307.8879304,-68.92792417,376.7942778,-2352.445131,3858.943072,-1506.685802,LLL
-299.6523813,-81.3094757,380.9402806,-2448.590145,3841.700687,-1393.298401,LLL
-291.1211648,-93.61074964,384.7103383,-2542.319071,3820.666593,-1278.535379,LLL
-282.3027079,-105.8196141,388.1007461,-2633.53874,3795.862218,-1162.511333,LLL
-273.2057057,-117.9240123,391.1081424,-2722.159798,3767.311372,-1045.339428,LLL
-263.8391435,-129.9120068,393.7295751,-2808.094118,3735.0429,-927.1366344,LLL
-254.2122573,-141.7717589,395.9624412,-2891.257561,3699.08798,-808.0182689,LLL
-244.3345554,-153.4915724,397.804553,-2971.567388,3659.48276,-688.1032199,LLL
-234.215778,-165.0598732,399.2540768,-3048.94501,3616.265662,-567.5084984,LLL
-223.8659191,-176.4652529,400.3095978,-3123.313398,3569.479999,-446.3544456,LLL
-213.2951849,-187.6964477,400.9700587,-3194.599823,3519.17128,-324.759299,LLL
-202.5140152,-198.7423817,401.2348233,-3262.733273,3465.389816,-202.8443834,LLL
-191.5330419,-209.5921461,401.1036147,-3327.647169,3408.188021,-80.72869099,LLL
-180.3631097,-220.2350413,400.576578,-3389.276789,3347.623007,41.46594364,LLL
-169.0152342,-230.6605562,399.6542177,-3447.56197,3283.753886,163.6202484,LLL
-157.5006222,-240.8584099,398.3374597,-3502.444534,3216.644346,285.6123543,LLL
-145.8306295,-250.8185305,396.6275878,-3553.870977,3146.359959,407.3231855,LLL
-134.0167806,-260.5310964,394.5263051,-3601.789889,3072.970744,528.6313144,LLL
-122.0707266,-269.9865148,392.0356698,-3646.154637,2996.548472,649.4183362,LLL
-110.0042647,-279.1754619,389.1581552,-3686.920782,2917.169216,769.5637389,LLL
-97.82929514,-288.0888617,385.8965858,-3724.048748,2834.910661,888.9502614,LLL
-85.55784098,-296.7179254,382.2541956,-3757.50124,2749.854639,1007.458778,LLL
-73.20200491,-305.0541295,378.234564,-3787.245898,2662.084438,1124.973638,LLL
-60.77398836,-313.0892549,373.8416731,-3813.252715,2571.687327,1241.377568,LLL
-48.28604859,-320.8153642,369.0798429,-3835.496677,2478.751868,1356.55699,LLL
-35.75051737,-328.2248403,363.953788,-3853.955181,2383.370426,1470.396939,LLL
-23.17975808,-335.3103632,358.468552,-3868.61066,2285.636482,1582.786364,LLL
-10.5861842,-342.0649482,352.6295634,-3879.448004,2185.647136,1693.613055,LLL
2.01778357,-348.4819215,346.4425692,-3886.457163,2083.500418,1802.768934,LLL
14.61969901,-354.5549581,339.9136907,-3889.630575,1979.29778,1910.144986,LLL
27.20713317,-360.278057,333.0493557,-3888.965753,1873.141414,2015.636532,LLL
39.76765617,-365.6455777,325.8563537,-3884.462709,1765.136726,2119.138178,LLL
52.28887988,-370.6522157,318.3417682,-3876.12653,1655.389661,2220.549065,LLL
64.75843977,-375.2930374,310.5130303,-3863.964801,1544.009169,2319.76783,LLL
77.16403749,-379.5634554,302.3778509,-3847.990165,1431.104526,2416.697837,LLL
89.49342262,-383.4592629,293.9442736,-3828.217746,1316.787798,2511.242149,LLL
101.7344351,-386.9766077,285.2206061,-3804.667698,1201.171161,2603.30874,LLL
113.874987,-390.112026,276.2154728,-3777.362622,1084.369353,2692.805474,LLL
125.9031046,-392.8624162,266.9377456,-3746.330104,966.4970059,2779.645304,LLL
137.8069101,-395.2250713,257.3965956,-3711.600131,847.6710824,2863.741257,LLL
149.5746634,-397.1976523,247.6014236,-3673.207614,728.0082137,2945.01161,LLL
161.1947435,-398.7782198,237.5619113,-3631.189807,607.627127,3023.374892,LLL
172.6556904,-399.9652067,227.2879515,-3585.58881,486.6459905,3098.755033,LLL
183.9461861,-400.757449,216.7896984,-3536.448993,365.1848303,3171.076378,LLL
195.0550956,-401.1541573,206.0774975,-3483.819483,243.3628825,3240.268818,LLL
205.9714484,-401.1549477,195.1619354,-3427.751588,121.3010013,3306.262806,LLL
216.6844787,-400.7598118,184.0537695,-3368.301271,-0.880982808,3368.994474,LLL
227.1836066,-399.9691472,172.7639772,-3305.526571,-123.061862,3428.400656,LLL
237.4584783,-398.7837265,161.3036851,-3239.49007,-245.1216865,3484.42398,LLL
247.4989462,-397.2047272,149.6842182,-3170.256308,-366.939371,3537.007905,LLL
257.2951091,-395.2337001,137.9170285,-3097.894239,-488.3953222,3586.101789,LLL
266.8372918,-392.8725977,126.0137437,-3022.474649,-609.3690525,3631.655931,LLL
276.1160848,-390.1237429,113.9860962,-2944.072594,-729.7417999,3673.626625,LLL
285.1223237,-386.9898557,101.8459704,-2862.764821,-849.3941474,3711.971201,LLL
293.8471277,-383.4740216,89.60533248,-2778.632196,-968.2086353,3746.653066,LLL
302.2818793,-379.5797176,77.27627723,-2691.757126,-1086.067386,3777.636748,LLL
310.4182615,-375.3107795,64.87095723,-2602.225965,-1202.854709,3804.892912,LLL
318.2482376,-370.6714278,52.40162969,-2510.126451,-1318.454728,3828.393419,LLL
325.7640875,-365.6662334,39.8805857,-2415.550095,-1432.75398,3848.116316,LLL
332.9583867,-360.3001433,27.32019662,-2318.589612,-1545.639046,3864.040902,LLL
339.8240427,-354.5784458,14.73284345,-2219.34131,-1656.99914,3876.152695,LLL
346.3542725,-348.5067948,2.13096297,-2117.902517,-1766.723747,3884.438511,LLL
352.5426388,-342.091175,-10.47302285,-2014.373957,-1874.705197,3888.891403,LLL
358.3830273,-335.3379253,-23.06666086,-1908.857185,-1980.836311,3889.505747,LLL
363.8696815,-328.2537028,-35.63753717,-1801.456947,-2085.012965,3886.282164,LLL
368.9971794,-320.8455062,-48.17323135,-1692.278623,-2187.131734,3879.222611,LLL
373.760468,-313.1206393,-60.66138667,-1581.430569,-2287.092454,3868.335278,LLL
378.1548394,-305.0867327,-73.08966435,-1469.021568,-2384.795862,3853.629687,LLL
382.1759639,-296.7517077,-85.44581364,-1355.163164,-2480.146149,3835.121572,LLL
385.8198662,-288.1237972,-97.71762608,-1239.967113,-2573.048605,3812.827979,LLL
389.0829572,-279.2115087,-109.8930053,-1123.547707,-2663.412155,3786.772125,LLL
391.9620095,-270.0236448,-121.9599212,-1006.019231,-2751.147015,3756.978511,LLL
394.454189,-260.5692656,-133.9064797,-887.4982786,-2836.167206,3723.477751,LLL
396.5570291,-250.8577085,-145.7208765,-768.1012089,-2918.388219,3686.301696,LLL
398.2684616,-240.8985506,-157.3914666,-647.9464579,-2997.729516,3645.488244,LLL
399.5867904,-230.7016275,-168.9067183,-527.1519993,-3074.112193,3601.076464,LLL
400.5107217,-220.2769952,-180.2552816,-405.8376464,-3147.461472,3553.111392,LLL
401.0393365,-209.6349487,-191.4259427,-284.1225189,-3217.704365,3501.639159,LLL
401.1721203,-198.7859832,-202.4076916,-162.1273369,-3284.772151,3446.711764,LLL
400.9089348,-187.7408125,-213.1896765,-39.971894,-3348.598042,3388.382215,LLL
400.250047,-176.5103298,-223.7612712,82.22265713,-3409.11965,3326.709273,LLL
399.1960999,-165.1056252,-234.1120284,204.3363244,-3466.276647,3261.752605,LLL
397.7481409,-153.5379468,-244.2317474,326.2479981,-3520.013226,3193.577512,LLL
395.9075917,-141.8187175,-254.1104272,447.8379635,-3570.275757,3122.250079,LLL
393.6762758,-129.9594958,-263.7383329,568.9856293,-3617.015233,3047.841891,LLL
391.0563883,-117.9719922,-273.1059486,689.5720334,-3660.184933,2970.425189,LLL
388.0505216,-105.86803,-282.2040438,809.4775764,-3699.742849,2890.077563,LLL
384.6616352,-93.65956138,-291.0236257,928.5845202,-3735.649347,2806.877119,LLL
380.8930805,-81.35862757,-299.5560046,1046.774727,-3767.869585,2720.907152,LLL
376.7485696,-68.97737513,-307.7927458,1163.932151,-3796.371174,2632.251319,LLL
372.2321996,-56.52801586,-315.7257349,1279.940579,-3821.126577,2540.998295,LLL
367.3484207,-44.02284276,-323.3471288,1394.686116,-3842.110772,2447.236956,LLL
362.1020596,-31.47418995,-330.6494202,1508.054932,-3859.303642,2351.061012,LLL
356.4982868,-18.8944484,-337.6253886,1619.935735,-3872.68763,2252.564198,LLL
350.5426394,-6.296025842,-344.2681635,1730.217523,-3882.250115,2151.844896,LLL
344.2409881,6.308637655,-350.5711755,1838.79205,-3887.981073,2049.001329,LLL
337.5995588,18.90710974,-356.528218,1945.551579,-3889.875435,1944.136164,LLL
330.6248989,31.48695033,-362.1333983,2050.391336,-3887.930745,1837.35172,LLL
323.3238983,44.03575155,-367.3811987,2153.207273,-3882.149509,1728.754548,LLL
315.7037554,56.54112235,-372.2664263,2253.898507,-3872.536846,1618.450653,LLL
307.7719973,68.99072831,-376.7842739,2352.365084,-3859.102827,1506.550058,LLL
299.5364447,81.37227632,-380.930269,2448.510413,-3841.860127,1393.162032,LLL
291.0052321,93.67355414,-384.7003339,2542.239027,-3820.826345,1278.399637,LLL
282.1867717,105.882415,-388.0907342,2633.459009,-3796.021657,1162.374968,LLL
273.0897734,117.9868172,-391.0981377,2722.079756,-3767.471122,1045.203688,LLL
263.7232078,129.9748082,-393.7195628,2808.014389,-3735.202337,927.0002725,LLL
254.0963254,141.8345641,-395.9524361,2891.177522,-3699.247726,807.88253,LLL
244.21862,153.5543741,-397.7945403,2971.487662,-3659.642195,687.9668612,LLL
234.0998465,165.1226788,-399.2440713,3048.864974,-3616.425405,567.372761,LLL
223.7499842,176.5280549,-400.2995848,3123.233673,-3569.639432,446.2180901,LLL
213.1792538,187.7592536,-400.9600528,3194.51979,-3519.33102,324.6235631,LLL
202.3980806,198.8051842,-401.2248099,3262.65355,-3465.549247,202.7080312,LLL
191.4171112,209.6549524,-401.0936084,3327.567139,-3408.347759,80.59295651,LLL
180.2471756,220.2978441,-400.5665642,3389.197067,-3347.782436,-41.60229259,LLL
168.899304,230.7233628,-399.644211,3447.481943,-3283.913621,-163.7559814,LLL
157.3846885,240.921213,-398.3274456,3502.364815,-3216.803773,-285.7487001,LLL
145.7146996,250.8813375,-396.6175808,3553.790952,-3146.519691,-407.458917,LLL
133.9008473,260.5938999,-394.5162906,3601.710172,-3073.130169,-528.7676568,LLL
121.9547971,270.0493221,-392.0256623,3646.074615,-2996.708201,-649.5540662,LLL
109.8883318,279.2382657,-389.1481404,3686.841066,-2917.328639,-769.7000781,LLL
97.71336607,288.1516693,-385.8865779,3723.968729,-2835.070388,-889.08599,LLL
85.44190851,296.7807296,-382.2441804,3757.421527,-2750.01406,-1007.595114,LLL
73.08607625,305.1169375,-378.2245558,3787.165881,-2662.244162,-1125.109365,LLL
60.65805631,313.1520595,-373.8316575,3813.173003,-2571.846747,-1241.513901,LLL
48.17012033,320.8781725,-369.0698343,3835.416663,-2478.911589,-1356.692716,LLL
35.63458574,328.2876452,-363.9437721,3853.875471,-2383.529843,-1470.533268,LLL
23.06383023,335.3731719,-358.458543,3868.53065,-2285.796201,-1582.922088,LLL
10.47025298,342.1277535,-352.6195471,3879.368296,-2185.806551,-1693.749382,LLL
-2.13371102,348.5447306,-346.4325599,3886.377155,-2083.660133,-1802.904657,LLL
-14.73562982,354.6177638,-339.903674,3889.550869,-1979.457194,-1910.281309,LLL
-27.32306022,360.3408664,-333.0393459,3888.885748,-1873.301127,-2015.772253,LLL
-39.88358656,365.7083838,-325.8463367,3884.383005,-1765.296138,-2119.274497,LLL
-52.40480652,370.7150254,-318.331758,3876.046528,-1655.549371,-2220.684785,LLL
-64.87436975,375.3558438,-310.5030129,3863.885099,-1544.168578,-2319.904147,LLL
-77.27996372,379.6262655,-302.3678404,3847.910165,-1431.264234,-2416.833556,LLL
-89.60935218,383.5220697,-293.9342558,3828.138046,-1316.947206,-2511.378463,LLL
-101.850361,387.0394182,-285.2105952,3804.587701,-1201.330865,-2603.444456,LLL
-113.9909162,390.1748332,-276.2054547,3777.282924,-1084.528759,-2692.941784,LLL
-126.0190301,392.925227,-266.9277344,3746.250109,-966.6567077,-2779.781019,LLL
-137.9228388,395.2878788,-257.3865771,3711.520434,-847.8304865,-2863.877564,LLL
-149.6905884,397.2604634,-247.5914119,3673.127623,-728.1679127,-2945.147324,LLL
-161.3106718,398.8410277,-237.5518925,3631.110112,-607.7865292,-3023.511196,LLL
-172.7716151,400.0280182,-227.2779395,3585.508821,-486.8056866,-3098.890745,LLL
-184.062114,400.8202572,-216.7796792,3536.369301,-365.3442305,-3171.212679,LLL
-195.1710198,401.2169692,-206.0674851,3483.739497,-243.5225759,-3240.404529,LLL
-206.0873758,401.2177563,-195.1519159,3427.671898,-121.4603996,-3306.399103,LLL
-216.8004025,400.8226241,-184.0437568,3368.221287,0.721292225,-3369.130183,LLL
-227.2995337,400.0319561,-172.7539573,3305.446882,122.9024657,-3428.53695,LLL
-237.5744017,398.8465391,-161.293672,3239.410089,244.9619987,-3484.559688,LLL
-247.6148729,397.2675365,-149.6741979,3170.176621,366.7799766,-3537.144196,LLL
-257.4110321,395.296513,-137.907015,3097.814262,488.2356372,-3586.237495,LLL
-266.953218,392.9354074,-126.0037231,3022.394964,609.2096601,-3631.792219,LLL
-276.2320074,390.1865561,-113.9760822,2943.992619,729.5821177,-3673.762329,LLL
-285.2382495,387.0526657,-101.8359494,2862.685138,849.2347569,-3712.107486,LLL
-293.9630499,383.5368352,-89.59531816,2778.552224,968.0489559,-3746.788769,LLL
-302.3978047,379.6425279,-77.26625587,2691.677444,1085.907998,-3777.77303,LLL
-310.5341833,375.3735935,-64.86094253,2602.145996,1202.695032,-3805.028614,LLL
-318.3641626,370.7342385,-52.39160797,2510.046772,1318.295341,-3828.529698,LLL
-325.8800089,365.7290477,-39.87057061,2415.470128,1432.594306,-3848.252016,LLL
-333.0743113,360.3629544,-27.31017454,2318.509935,1545.479661,-3864.177177,LLL
-339.9399636,354.6412604,-14.72282799,2219.261346,1656.839469,-3876.288394,LLL
-346.4701966,348.5696062,-2.120940525,2117.822841,1766.564364,-3884.574783,LLL
-352.6585594,342.1539901,10.4830387,2014.293995,1874.545529,-3889.0271,LLL
-358.4989511,335.4007371,23.07668366,1908.777511,1980.676931,-3889.642015,LLL
-363.9856017,328.3165182,35.6475534,1801.376989,2084.853299,-3886.41786,LLL
-369.1131027,320.9083184,48.18325452,1692.198951,2186.972356,-3879.358877,LLL
-373.8763878,313.183455,60.67140328,1581.350613,2286.932791,-3868.470972,LLL
-378.2707623,305.1495452,73.09968789,1468.941898,2384.636485,-3853.76595,LLL
-382.2918833,296.8145237,85.45583063,1355.083211,2479.986489,-3835.257264,LLL
-385.9357887,288.1866101,97.72764997,1239.887445,2572.88923,-3812.964238,LLL
-389.1988761,279.2743251,109.9030226,1123.467757,2663.252498,-3786.907816,LLL
-392.0779316,270.086458,121.9699455,1005.939565,2750.987642,-3757.114767,LLL
-394.5701075,260.6320823,133.9164974,887.4183311,2836.007552,-3723.613441,LLL
-396.6729507,250.9205221,145.7309011,768.021545,2918.228848,-3686.437949,LLL
-398.3843797,240.9613677,157.4014848,647.866513,2997.569864,-3645.623932,LLL
-399.7027117,230.7644415,168.9167433,527.0723373,3073.952824,-3601.212713,LLL
-400.6266395,220.3398127,180.2653001,405.7577042,3147.301823,-3553.247078,LLL
-401.1552574,209.697763,191.435968,284.0428588,3217.544997,-3501.775405,LLL
-401.2880376,198.848801,202.4177105,162.0473976,3284.612504,-3446.847449,LLL
-401.0248553,187.8036272,213.1997022,39.89223583,3348.438677,-3388.518458,LLL
-400.3659639,176.573148,223.7712904,-82.30259378,3408.960006,-3326.844956,LLL
-399.31202,165.1684403,234.1220545,-204.4159807,3466.117284,-3261.888845,LLL
-397.8640574,153.6007653,244.2417671,-326.327932,3519.853585,-3193.713193,LLL
-396.0235113,141.8815329,254.1204537,-447.9176178,3570.116395,-3122.386316,LLL
-393.7921919,130.0223146,263.7483529,-569.0655605,3616.855595,-3047.977571,LLL
-391.1723074,118.034808,273.1159754,-689.6516858,3660.025574,-2970.561423,LLL
-388.1664373,105.9308492,282.2140642,-809.5575049,3699.583214,-2890.213242,LLL
-384.7775539,93.72237752,291.0336529,-928.6641707,3735.48999,-2807.01335,LLL
-381.0089958,81.42144716,299.5660254,-1046.854653,3767.709953,-2721.042829,LLL
-376.8644879,69.04019163,307.8027733,-1164.011799,3796.211818,-2632.387547,LLL
-372.3481145,56.59083579,315.735756,-1280.020502,3820.966947,-2541.133971,LLL
-367.4643387,44.08565961,323.3571567,-1394.765763,3841.951419,-2447.373181,LLL
-362.2179741,31.53701023,330.6594417,-1508.134852,3859.144015,-2351.196686,LLL
-356.6142043,18.95726562,337.6354168,-1620.015379,3872.528278,-2252.70042,LLL
-350.6585535,6.358846478,344.2781855,-1730.297441,3882.09049,-2151.980569,LLL
-344.3569053,-6.245820077,350.5812041,-1838.871693,3887.821723,-2049.137548,LLL
-337.7154725,-18.84428876,356.5382403,-1945.631494,3889.715813,-1944.271835,LLL
-330.7408156,-31.4241324,362.1434273,-2050.470977,3887.771398,-1837.487935,LLL
-323.4398116,-43.97293022,367.3912214,-2153.287185,3881.98989,-1728.890217,LLL
-315.8196717,-56.47830405,372.2764556,-2253.978146,3872.3775,-1618.586865,LLL
-307.8879101,-68.92790663,376.7942969,-2352.444994,3858.943211,-1506.685726,LLL
-299.6523606,-81.30945766,380.9402987,-2448.59005,3841.700784,-1393.298241,LLL
-291.1211445,-93.6107321,384.7103573,-2542.318934,3820.666732,-1278.535303,LLL
-282.3026872,-105.819596,388.1007642,-2633.538644,3795.862315,-1162.511174,LLL
-273.2056854,-117.9239948,391.1081615,-2722.15966,3767.311511,-1045.339353,LLL
-263.8391228,-129.9119888,393.7295932,-2808.094022,3735.042997,-927.1364752,LLL
-254.212237,-141.7717414,395.9624603,-2891.257424,3699.088119,-808.0181929,LLL
-244.3345346,-153.4915543,397.8045711,-2971.567293,3659.482857,-688.1030608,LLL
-234.2157578,-165.0598557,399.2540959,-3048.944872,3616.2658,-567.5084223,LLL
-223.8658984,-176.4652348,400.3096159,-3123.313302,3569.480096,-446.3542866,LLL
-213.2951646,-187.6964302,400.9700778,-3194.599686,3519.171418,-324.7592228,LLL
-202.5139944,-198.7423637,401.2348414,-3262.733177,3465.389913,-202.8442246,LLL
-191.5330216,-209.5921286,401.1036338,-3327.647032,3408.188159,-80.7286147,LLL
-180.363089,-220.2350233,400.5765961,-3389.276693,3347.623105,41.46610232,LLL
-169.015214,-230.6605387,399.6542368,-3447.561833,3283.754024,163.6203248,LLL
-157.5006015,-240.8583918,398.3374778,-3502.444438,3216.644443,285.6125129,LLL
-145.8306092,-250.818513,396.6276069,-3553.87084,3146.360097,407.323262,LLL
-134.0167598,-260.5310784,394.5263232,-3601.789793,3072.970841,528.6314728,LLL
-122.0707063,-269.9864972,392.0356888,-3646.1545,2996.54861,649.4184128,LLL
-110.0042439,-279.1754438,389.1581733,-3686.920686,2917.169313,769.5638972,LLL
-97.82927488,-288.0888441,385.8966048,-3724.048611,2834.910799,888.9503382,LLL
-85.55782023,-296.7179074,382.2542137,-3757.501144,2749.854736,1007.458936,LLL
-73.20198465,-305.054112,378.234583,-3787.245761,2662.084576,1124.973715,LLL
-60.77396762,-313.0892369,373.8416912,-3813.252619,2571.687425,1241.377726,LLL
-48.28602833,-320.8153466,369.0798619,-3835.49654,2478.752006,1356.557067,LLL
-35.75049663,-328.2248222,363.9538061,-3853.955085,2383.370524,1470.397097,LLL
-23.17973782,-335.3103457,358.4685711,-3868.610524,2285.63662,1582.786441,LLL
-10.58616347,-342.0649302,352.6295815,-3879.447908,2185.647233,1693.613213,LLL
2.017803831,-348.481904,346.4425883,-3886.457027,2083.500556,1802.769012,LLL
14.61971975,-354.5549401,339.9137088,-3889.630479,1979.297878,1910.145144,LLL
27.20715344,-360.2780395,333.0493747,-3888.965617,1873.141552,2015.636609,LLL
39.76767691,-365.6455597,325.8563718,-3884.462613,1765.136824,2119.138335,LLL
52.28890014,-370.6521981,318.3417872,-3876.126394,1655.389799,2220.549142,LLL
64.75846051,-375.2930194,310.5130484,-3863.964704,1544.009266,2319.767987,LLL
77.16405775,-379.5634379,302.3778699,-3847.990028,1431.104664,2416.697915,LLL
89.49344336,-383.4592449,293.9442917,-3828.21765,1316.787896,2511.242307,LLL
101.7344554,-386.9765901,285.2206252,-3804.667561,1201.171299,2603.308817,LLL
113.8750078,-390.112008,276.2154909,-3777.362525,1084.369451,2692.805631,LLL
125.9031249,-392.8623986,266.9377647,-3746.329967,966.4971437,2779.645382,LLL
137.8069308,-395.2250533,257.3966137,-3711.600034,847.6711805,2863.741414,LLL
149.5746836,-397.1976347,247.6014426,-3673.207478,728.0083514,2945.011688,LLL
161.1947642,-398.7782018,237.5619294,-3631.18971,607.6272252,3023.375049,LLL
172.6557107,-399.9651892,227.2879706,-3585.588674,486.6461281,3098.755111,LLL
183.9462068,-400.757431,216.7897165,-3536.448897,365.1849285,3171.076535,LLL
195.0551159,-401.1541398,206.0775166,-3483.819347,243.3630201,3240.268896,LLL
205.9714691,-401.1549297,195.1619535,-3427.751492,121.3010995,3306.262963,LLL
216.6844989,-400.7597943,184.0537886,-3368.301135,-0.880845293,3368.994552,LLL
227.1836274,-399.9691292,172.7639953,-3305.526475,-123.0617637,3428.400812,LLL
237.4584986,-398.783709,161.3037042,-3239.489934,-245.1215491,3484.424059,LLL
247.498967,-397.2047092,149.6842363,-3170.256211,-366.9392726,3537.008062,LLL
257.2951293,-395.2336825,137.9170476,-3097.894103,-488.3951848,3586.101867,LLL
266.8373125,-392.8725797,126.0137619,-3022.474552,-609.3689541,3631.656088,LLL
276.1161051,-390.1237253,113.9861152,-2944.072458,-729.7416626,3673.626703,LLL
285.1223444,-386.9898377,101.8459885,-2862.764724,-849.394049,3711.971358,LLL
293.847148,-383.474004,89.60535152,-2778.63206,-968.2084981,3746.653145,LLL
302.2819,-379.5796995,77.27629536,-2691.757028,-1086.067288,3777.636904,LLL
310.4182818,-375.310762,64.87097627,-2602.225829,-1202.854572,3804.892991,LLL
318.2482583,-370.6714098,52.40164782,-2510.126354,-1318.454629,3828.393575,LLL
325.7641078,-365.6662158,39.88060473,-2415.549959,-1432.753842,3848.116395,LLL
332.9584074,-360.3001253,27.32021474,-2318.589515,-1545.638947,3864.041058,LLL
339.8240629,-354.5784282,14.73286249,-2219.341174,-1656.999003,3876.152774,LLL
346.3542932,-348.5067768,2.130981095,-2117.902419,-1766.723648,3884.438667,LLL
352.5426591,-342.0911575,-10.47300382,-2014.373821,-1874.70506,3888.891482,LLL
358.3830481,-335.3379073,-23.06664273,-1908.857087,-1980.836213,3889.505902,LLL
363.8697018,-328.2536853,-35.63751814,-1801.456812,-2085.012828,3886.282244,LLL
368.9972001,-320.8454882,-48.17321323,-1692.278525,-2187.131636,3879.222767,LLL
373.7604883,-313.1206217,-60.66136764,-1581.430433,-2287.092317,3868.335357,LLL
378.1548601,-305.0867147,-73.08964623,-1469.02147,-2384.795763,3853.629843,LLL
382.1759842,-296.7516901,-85.44579461,-1355.163028,-2480.146012,3835.121651,LLL
385.8198869,-288.1237792,-97.71760795,-1239.967015,-2573.048506,3812.828134,LLL
389.0829775,-279.2114912,-109.8929862,-1123.547572,-2663.412019,3786.772205,LLL
391.9620302,-270.0236268,-121.9599031,-1006.019134,-2751.146916,3756.978666,LLL
394.4542093,-260.569248,-133.9064606,-887.4981433,-2836.16707,3723.477831,LLL
396.5570498,-250.8576905,-145.7208584,-768.1011114,-2918.38812,3686.301851,LLL
398.2684818,-240.8985331,-157.3914476,-647.9463226,-2997.729379,3645.488323,LLL
399.5868111,-230.7016095,-168.9067002,-527.1519017,-3074.112094,3601.076619,LLL
400.510742,-220.2769777,-180.2552626,-405.8375111,-3147.461335,3553.111472,LLL
401.0393572,-209.6349307,-191.4259245,-284.1224213,-3217.704266,3501.639314,LLL
401.1721405,-198.7859656,-202.4076726,-162.1272018,-3284.772014,3446.711844,LLL
400.9089555,-187.7407945,-213.1896584,-39.97179631,-3348.597943,3388.382369,LLL
400.2500673,-176.5103122,-223.7612521,82.22279224,-3409.119513,3326.709353,LLL
399.1961207,-165.1056072,-234.1120103,204.3364222,-3466.276548,3261.75276,LLL
397.7481611,-153.5379293,-244.2317284,326.2481331,-3520.013089,3193.577592,LLL
395.9076124,-141.8186995,-254.1104091,447.8380613,-3570.275657,3122.250233,LLL
393.6762961,-129.9594782,-263.7383138,568.9857643,-3617.015097,3047.841971,LLL
391.056409,-117.9719742,-273.1059304,689.5721312,-3660.184834,2970.425344,LLL
388.0505418,-105.8680125,-282.2040248,809.4777114,-3699.742713,2890.077644,LLL
384.6616559,-93.65954339,-291.0236076,928.5846181,-3735.649248,2806.877274,LLL
380.8931007,-81.35861002,-299.5559855,1046.774862,-3767.869449,2720.907233,LLL
376.7485903,-68.97735714,-307.7927277,1163.932249,-3796.371074,2632.251473,LLL
372.2322199,-56.52799831,-315.7257159,1279.940714,-3821.12644,2540.998376,LLL
367.3484414,-44.02282477,-323.3471107,1394.686214,-3842.110673,2447.23711,LLL
362.1020799,-31.47417239,-330.6494012,1508.055067,-3859.303506,2351.061092,LLL
356.4983075,-18.89443041,-337.6253705,1619.935833,-3872.68753,2252.564352,LLL
350.5426597,-6.296008289,-344.2681445,1730.217658,-3882.249979,2151.844977,LLL
344.2410088,6.308655641,-350.5711573,1838.792148,-3887.980973,2049.001483,LLL
337.5995791,18.9071273,-356.528199,1945.551713,-3889.875299,1944.136245,LLL
330.6249196,31.48696832,-362.1333802,2050.391434,-3887.930646,1837.351873,LLL
323.3239186,44.03576911,-367.3811797,2153.207408,-3882.149373,1728.754629,LLL
315.7037761,56.54114033,-372.2664082,2253.898605,-3872.536746,1618.450807,LLL
307.7720175,68.99074587,-376.7842549,2352.365219,-3859.102691,1506.55014,LLL
299.5364654,81.3722943,-380.9302509,2448.510511,-3841.860028,1393.162186,LLL
291.0052523,93.67357169,-384.7003149,2542.239162,-3820.826209,1278.399718,LLL
282.1867924,105.882433,-388.090716,2633.459108,-3796.021557,1162.375122,LLL
273.0897936,117.9868347,-391.0981187,2722.079891,-3767.470986,1045.203769,LLL
263.7232285,129.9748261,-393.7195446,2808.014487,-3735.202237,927.0004259,LLL
254.0963457,141.8345817,-395.9524171,2891.177657,-3699.24759,807.8826114,LLL
244.2186407,153.554392,-397.7945222,2971.48776,-3659.642095,687.9670146,LLL
234.0998668,165.1226963,-399.2440523,3048.865108,-3616.42527,567.3728424,LLL
223.7500049,176.5280729,-400.2995667,3123.233771,-3569.639332,446.2182434,LLL
213.1792741,187.7592712,-400.9600338,3194.519925,-3519.330885,324.6236446,LLL
202.3981013,198.8052021,-401.2247918,3262.653649,-3465.549147,202.7081844,LLL
191.4171315,209.6549699,-401.0935894,3327.567273,-3408.347623,80.59303818,LLL
180.2471963,220.2978621,-400.5665461,3389.197166,-3347.782337,-41.60213955,LLL
168.8993242,230.7233804,-399.644192,3447.482077,-3283.913485,-163.7558996,LLL
157.3847092,240.921231,-398.3274274,3502.364914,-3216.803673,-285.7485471,LLL
145.7147199,250.881355,-396.6175618,3553.791086,-3146.519556,-407.4588352,LLL
133.900868,260.5939179,-394.5162725,3601.71027,-3073.130069,-528.767504,LLL
121.9548174,270.0493396,-392.0256433,3646.074749,-2996.708066,-649.5539843,LLL
109.8883525,279.2382837,-389.1481222,3686.841165,-2917.328539,-769.6999254,LLL
97.71338634,288.1516869,-385.886559,3723.968863,-2835.070252,-889.085908,LLL
85.4419292,296.7807476,-382.2441623,3757.421625,-2750.01396,-1007.594961,LLL
73.08609652,305.1169551,-378.2245368,3787.166015,-2662.244026,-1125.109283,LLL
60.658077,313.1520775,-373.8316394,3813.173102,-2571.846646,-1241.513748,LLL
48.1701406,320.8781901,-369.0698153,3835.416797,-2478.911454,-1356.692634,LLL
35.63460642,328.2876632,-363.9437539,3853.87557,-2383.529743,-1470.533116,LLL
23.0638505,335.3731895,-358.458524,3868.530783,-2285.796065,-1582.922005,LLL
10.47027367,342.1277715,-352.6195289,3879.368395,-2185.806451,-1693.749229,LLL
-2.133690749,348.5447482,-346.4325409,3886.377289,-2083.659998,-1802.904575,LLL
-14.73560913,354.6177818,-339.9036559,3889.550968,-1979.457093,-1910.281157,LLL
-27.32303995,360.340884,-333.0393269,3888.885882,-1873.300991,-2015.77217,LLL
-39.88356588,365.7084017,-325.8463185,3884.383104,-1765.296037,-2119.274345,LLL
-52.40478625,370.715043,-318.3317391,3876.046661,-1655.549236,-2220.684702,LLL
-64.87434907,375.3558617,-310.5029947,3863.885198,-1544.168478,-2319.903995,LLL
-77.27994345,379.6262831,-302.3678214,3847.910298,-1431.264099,-2416.833473,LLL
-89.6093315,383.5220877,-293.9342377,3828.138145,-1316.947105,-2511.378311,LLL
-101.8503407,387.0394357,-285.2105763,3804.587834,-1201.33073,-2603.444374,LLL
-113.9908955,390.1748511,-276.2054366,3777.283023,-1084.528658,-2692.941633,LLL
-126.0190098,392.9252445,-266.9277154,3746.250243,-966.6565727,-2779.780936,LLL
-137.9228182,395.2878967,-257.3865589,3711.520534,-847.8303859,-2863.877412,LLL
-149.6905681,397.260481,-247.591393,3673.127756,-728.1677778,-2945.147241,LLL
-161.3106511,398.8410456,-237.5518743,3631.110212,-607.7864285,-3023.511044,LLL
-172.7715948,400.0280358,-227.2779205,3585.508955,-486.8055517,-3098.890662,LLL
-184.0620933,400.8202752,-216.7796611,3536.3694,-365.3441298,-3171.212527,LLL
-195.1709996,401.2169868,-206.0674662,3483.739631,-243.5224411,-3240.404445,LLL
-206.0873552,401.2177742,-195.1518977,3427.671997,-121.4602988,-3306.398952,LLL
-216.8003822,400.8226416,-184.0437378,3368.221421,0.721426984,-3369.1301,LLL
-227.299513,400.031974,-172.7539391,3305.446982,122.9025665,-3428.536799,LLL
-237.5743815,398.8465566,-161.293653,3239.410222,244.9621334,-3484.559605,LLL
-247.6148522,397.2675545,-149.6741798,3170.176721,366.7800774,-3537.144045,LLL
-257.4110118,395.2965306,-137.906996,3097.814395,488.2357718,-3586.237412,LLL
-266.9531974,392.9354253,-126.0037049,3022.395064,609.2097609,-3631.792068,LLL
-276.2319871,390.1865737,-113.9760633,2943.992752,729.5822523,-3673.762246,LLL
-285.2382288,387.0526836,-101.8359312,2862.685238,849.2348578,-3712.107335,LLL
-293.9630296,383.5368527,-89.5952992,2778.552357,968.0490904,-3746.788686,LLL
-302.397784,379.6425459,-77.26623771,2691.677544,1085.908099,-3777.772879,LLL
-310.534163,375.3736111,-64.86092358,2602.146129,1202.695167,-3805.02853,LLL
-318.3641419,370.7342564,-52.39158981,2510.046872,1318.295442,-3828.529547,LLL
-325.8799886,365.7290653,-39.87055166,2415.470261,1432.59444,-3848.251932,LLL
-333.0742906,360.3629723,-27.31015637,2318.510035,1545.479762,-3864.177026,LLL
-339.9399434,354.641278,-14.72280904,2219.261479,1656.839603,-3876.28831,LLL
-346.4701759,348.5696242,-2.120922361,2117.822941,1766.564465,-3884.574632,LLL
-352.6585391,342.1540076,10.48305765,2014.294128,1874.545663,-3889.027015,LLL
-358.4989304,335.400755,23.07670183,1908.777611,1980.677032,-3889.641865,LLL
-363.9855814,328.3165358,35.64757235,1801.377122,2084.853433,-3886.417776,LLL
-369.113082,320.9083364,48.18327269,1692.199051,2186.972457,-3879.358726,LLL
-373.8763675,313.1834726,60.67142222,1581.350746,2286.932925,-3868.470888,LLL
-378.2707416,305.1495631,73.09970605,1468.941998,2384.636587,-3853.765799,LLL
-382.291863,296.8145413,85.45584957,1355.083344,2479.986623,-3835.25718,LLL
-385.935768,288.186628,97.72766814,1239.887545,2572.889331,-3812.964088,LLL
-389.1988559,279.2743427,109.9030416,1123.467889,2663.252632,-3786.907732,LLL
-392.0779109,270.086476,121.9699636,1005.939665,2750.987743,-3757.114617,LLL
-394.5700873,260.6320999,133.9165164,887.4184637,2836.007686,-3723.613356,LLL
-396.6729301,250.9205401,145.7309193,768.0216449,2918.228949,-3686.437799,LLL
-398.3843594,240.9613853,157.4015037,647.8666457,2997.569998,-3645.623847,LLL
-399.702691,230.7644594,168.9167614,527.0724373,3073.952925,-3601.212564,LLL
-400.6266192,220.3398302,180.2653191,405.7578368,3147.301957,-3553.246993,LLL
-401.1552367,209.6977809,191.4359862,284.0429588,3217.545099,-3501.775255,LLL
-401.2880173,198.8488186,202.4177294,162.0475301,3284.612638,-3446.847364,LLL
-401.0248346,187.8036452,213.1997204,39.8923359,3348.438778,-3388.518308,LLL
-400.3659436,176.5731655,223.7713094,-82.3024613,3408.96014,-3326.844871,LLL
-399.3119993,165.1684582,234.1220726,-204.4158806,3466.117386,-3261.888696,LLL
-397.8640371,153.6007829,244.241786,-326.3277996,3519.853719,-3193.713108,LLL
-396.0234906,141.8815509,254.1204718,-447.9175176,3570.116497,-3122.386167,LLL
-393.7921716,130.0223322,263.7483718,-569.0654281,3616.855729,-3047.977486,LLL
-391.1722868,118.0348259,273.1159935,-689.6515856,3660.025676,-2970.561274,LLL
-388.166417,105.9308668,282.2140831,-809.5573725,3699.583347,-2890.213157,LLL
-384.7775333,93.72239546,291.0336711,-928.6640705,3735.490091,-2807.013201,LLL
-381.0089755,81.42146472,299.5660443,-1046.854521,3767.710086,-2721.042744,LLL
-376.8644673,69.04020957,307.8027915,-1164.011699,3796.21192,-2632.387398,LLL
-372.3480942,56.59085335,315.735775,-1280.02037,3820.96708,-2541.133886,LLL
-367.464318,44.08567755,323.3571748,-1394.765662,3841.951521,-2447.373032,LLL
-362.2179538,31.53702779,330.6594607,-1508.13472,3859.144149,-2351.1966,LLL
-356.6141836,18.95728355,337.635435,-1620.015279,3872.52838,-2252.700271,LLL
-350.6585332,6.358864038,344.2782044,-1730.297309,3882.090624,-2151.980483,LLL
-344.3568846,-6.245802141,350.5812223,-1838.871592,3887.821825,-2049.137399,LLL
-337.7154522,-18.8442712,356.5382592,-1945.631361,3889.715947,-1944.27175,LLL
-330.7407949,-31.42411446,362.1434455,-2050.470876,3887.7715,-1837.487786,LLL
-323.4397913,-43.97291266,367.3912403,-2153.287053,3881.990023,-1728.890131,LLL
-315.819651,-56.47828611,372.2764738,-2253.978045,3872.377602,-1618.586716,LLL
-307.8878899,-68.92788907,376.7943159,-2352.444862,3858.943344,-1506.68564,LLL
-299.6523399,-81.30943973,380.9403169,-2448.589949,3841.700886,-1393.298092,LLL
-291.1211242,-93.61071454,384.7103763,-2542.318802,3820.666865,-1278.535217,LLL
-282.3026665,-105.8195781,388.1007824,-2633.538544,3795.862417,-1162.511026,LLL
-273.2056652,-117.9239772,391.1081804,-2722.159528,3767.311645,-1045.339267,LLL
-263.8391021,-129.9119709,393.7296114,-2808.093921,3735.0431,-927.1363267,LLL
-254.2122168,-141.7717238,395.9624792,-2891.257292,3699.088252,-808.0181069,LLL
-244.334514,-153.4915364,397.8045893,-2971.567192,3659.482959,-688.1029124,LLL
-234.2157375,-165.0598381,399.2541148,-3048.944741,3616.265934,-567.5083362,LLL
-223.8658777,-176.4652169,400.3096341,-3123.313201,3569.480198,-446.3541383,LLL
-213.2951444,-187.6964126,400.9700967,-3194.599555,3519.171551,-324.7591366,LLL
-202.5139738,-198.7423458,401.2348596,-3262.733077,3465.390015,-202.8440764,LLL
-191.5330013,-209.592111,401.1036527,-3327.6469,3408.188293,-80.72852837,LLL
-180.3630683,-220.2350053,400.5766143,-3389.276592,3347.623207,41.46625045,LLL
-169.0151937,-230.6605211,399.6542557,-3447.561701,3283.754157,163.6204112,LLL
-157.5005809,-240.8583739,398.337496,-3502.444338,3216.644546,285.6126609,LLL
-145.8305889,-250.8184954,396.6276258,-3553.870708,3146.36023,407.3233485,LLL
-134.0167392,-260.5310605,394.5263414,-3601.789692,3072.970944,528.6316207,LLL
-122.0706861,-269.9864797,392.0357078,-3646.154368,2996.548743,649.4184994,LLL
-110.0042233,-279.1754259,389.1581915,-3686.920585,2917.169416,769.5640451,LLL
-97.8292546,-288.0888266,385.8966237,-3724.048479,2834.910932,888.9504249,LLL
-85.55779959,-296.7178894,382.2542319,-3757.501043,2749.854839,1007.459084,LLL
-73.20196437,-305.0540944,378.2346019,-3787.24563,2662.084709,1124.973802,LLL
-60.77394699,-313.089219,373.8417094,-3813.252518,2571.687527,1241.377874,LLL
-48.28600806,-320.8153291,369.0798808,-3835.496408,2478.752139,1356.557154,LLL
-35.75047599,-328.2248043,363.9538243,-3853.954984,2383.370626,1470.397244,LLL
-23.17971754,-335.3103281,358.46859,-3868.610392,2285.636753,1582.786528,LLL
-10.58614283,-342.0649123,352.6295997,-3879.447807,2185.647336,1693.613361,LLL
2.017824109,-348.4818864,346.4426072,-3886.456895,2083.500689,1802.769099,LLL
14.61974038,-354.5549222,339.913727,-3889.630378,1979.29798,1910.145291,LLL
27.20717371,-360.2780219,333.0493936,-3888.965485,1873.141684,2015.636696,LLL
39.76769754,-365.6455418,325.85639,-3884.462512,1765.136926,2119.138482,LLL
52.28892042,-370.6521805,318.3418061,-3876.126262,1655.389932,2220.54923,LLL
64.75848114,-375.2930014,310.5130666,-3863.964603,1544.009369,2319.768135,LLL
77.16407803,-379.5634203,302.3778888,-3847.989897,1431.104797,2416.698002,LLL
89.49346399,-383.459227,293.9443099,-3828.217548,1316.787999,2511.242454,LLL
101.7344757,-386.9765726,285.2206441,-3804.66743,1201.171431,2603.308905,LLL
113.8750284,-390.1119901,276.2155091,-3777.362424,1084.369553,2692.805778,LLL
125.9031452,-392.8623811,266.9377836,-3746.329836,966.4972762,2779.645469,LLL
137.8069515,-395.2250354,257.3966319,-3711.599933,847.6712833,2863.741561,LLL
149.5747039,-397.1976171,247.6014615,-3673.207347,728.0084839,2945.011776,LLL
161.1947849,-398.7781839,237.5619476,-3631.189609,607.627328,3023.375196,LLL
172.655731,-399.9651716,227.2879895,-3585.588543,486.6462605,3098.755199,LLL
183.9462275,-400.7574131,216.7897347,-3536.448795,365.1850314,3171.076682,LLL
195.0551362,-401.1541222,206.0775355,-3483.819216,243.3631525,3240.268984,LLL
205.9714897,-401.1549118,195.1619717,-3427.75139,121.3012024,3306.263109,LLL
216.6845192,-400.7597767,184.0538075,-3368.301004,-0.880712937,3368.99464,LLL
227.183648,-399.9691112,172.7640135,-3305.526373,-123.0616608,3428.400959,LLL
237.4585189,-398.7836914,161.3037231,-3239.489803,-245.1214168,3484.424146,LLL
247.4989876,-397.2046913,149.6842545,-3170.25611,-366.9391697,3537.008208,LLL
257.2951496,-395.233665,137.9170665,-3097.893972,-488.3950525,3586.101955,LLL
266.8373331,-392.8725618,126.0137801,-3022.474451,-609.3688511,3631.656234,LLL
276.1161253,-390.1237078,113.9861341,-2944.072327,-729.7415303,3673.626791,LLL
285.122365,-386.9898198,101.8460067,-2862.764623,-849.3939459,3711.971504,LLL
293.8471683,-383.4739864,89.6053704,-2778.63193,-968.2083659,3746.653233,LLL
302.2819206,-379.5796816,77.27631355,-2691.756927,-1086.067185,3777.637051,LLL
310.4183021,-375.3107444,64.87099515,-2602.225699,-1202.854439,3804.893079,LLL
318.2482789,-370.6713918,52.40166601,-2510.126253,-1318.454526,3828.393722,LLL
325.764128,-365.6661983,39.88062361,-2415.549828,-1432.75371,3848.116483,LLL
332.9584281,-360.3001074,27.32023294,-2318.589413,-1545.638844,3864.041204,LLL
339.8240832,-354.5784106,14.73288136,-2219.341044,-1656.998871,3876.152862,LLL
346.3543138,-348.5067589,2.13099929,-2117.902318,-1766.723545,3884.438813,LLL
352.5426794,-342.0911399,-10.47298494,-2014.37369,-1874.704928,3888.89157,LLL
358.3830687,-335.3378894,-23.06662454,-1908.856986,-1980.83611,3889.506048,LLL
363.869722,-328.2536677,-35.63749927,-1801.456681,-2085.012696,3886.282332,LLL
368.9972207,-320.8454703,-48.17319503,-1692.278424,-2187.131532,3879.222913,LLL
373.7605086,-313.1206042,-60.66134877,-1581.430303,-2287.092185,3868.335446,LLL
378.1548807,-305.0866967,-73.08962803,-1469.021368,-2384.79566,3853.629989,LLL
382.1760045,-296.7516726,-85.44577574,-1355.162898,-2480.14588,3835.12174,LLL
385.8199075,-288.1237613,-97.71758975,-1239.966913,-2573.048403,3812.82828,LLL
389.0829977,-279.2114736,-109.8929674,-1123.547441,-2663.411887,3786.772294,LLL
391.9620508,-270.0236089,-121.9598849,-1006.019032,-2751.146813,3756.978812,LLL
394.4542295,-260.5692304,-133.9064418,-887.498013,-2836.166938,3723.47792,LLL
396.5570704,-250.8576726,-145.7208402,-768.1010094,-2918.388017,3686.301997,LLL
398.2685021,-240.8985155,-157.3914287,-647.9461923,-2997.729248,3645.488412,LLL
399.5868318,-230.7015916,-168.906682,-527.1517997,-3074.11199,3601.076764,LLL
400.5107623,-220.2769601,-180.2552437,-405.8373809,-3147.461204,3553.11156,LLL
401.0393779,-209.6349128,-191.4259063,-284.1223192,-3217.704162,3501.639459,LLL
401.1721608,-198.7859481,-202.4076537,-162.1270715,-3284.771882,3446.711933,LLL
400.9089761,-187.7407766,-213.1896402,-39.9716942,-3348.597839,3388.382515,LLL
400.2500875,-176.5102947,-223.7612333,82.22292243,-3409.119381,3326.709442,LLL
399.1961413,-165.1055893,-234.1119921,204.3365243,-3466.276444,3261.752905,LLL
397.7481814,-153.5379117,-244.2317096,326.2482633,-3520.012958,3193.577681,LLL
395.907633,-141.8186816,-254.1103909,447.8381634,-3570.275554,3122.250379,LLL
393.6763164,-129.9594606,-263.738295,568.9858944,-3617.014965,3047.842061,LLL
391.0564296,-117.9719563,-273.1059122,689.5722335,-3660.18473,2970.425489,LLL
388.0505621,-105.8679949,-282.2040059,809.4778414,-3699.742581,2890.077733,LLL
384.6616765,-93.6595255,-291.0235894,928.5847204,-3735.649144,2806.877419,LLL
380.893121,-81.35859246,-299.5559667,1046.774992,-3767.869317,2720.907322,LLL
376.7486109,-68.97733925,-307.7927095,1163.932351,-3796.370971,2632.251618,LLL
372.2322402,-56.52798074,-315.725697,1279.940844,-3821.126309,2540.998466,LLL
367.348462,-44.02280688,-323.3470925,1394.686316,-3842.110569,2447.237255,LLL
362.1021001,-31.47415483,-330.6493823,1508.055197,-3859.303375,2351.061182,LLL
356.4983281,-18.89441252,-337.6253523,1619.935935,-3872.687426,2252.564497,LLL
350.54268,-6.295990725,-344.2681257,1730.217788,-3882.249847,2151.845067,LLL
344.2410295,6.308673529,-350.5711391,1838.792251,-3887.980869,2049.001628,LLL
337.5995994,18.90714486,-356.5281801,1945.551843,-3889.875167,1944.136335,LLL
330.6249402,31.48698621,-362.133362,2050.391537,-3887.930542,1837.352018,LLL
323.3239388,44.03578667,-367.3811608,2153.207537,-3882.149241,1728.754718,LLL
315.7037967,56.54115822,-372.26639,2253.898707,-3872.536642,1618.450951,LLL
307.7720378,68.99076343,-376.784236,2352.365348,-3859.10256,1506.550229,LLL
299.536486,81.37231219,-380.9302326,2448.510613,-3841.859924,1393.16233,LLL
291.0052726,93.67358926,-384.700296,2542.239291,-3820.826078,1278.399808,LLL
282.186813,105.8824509,-388.0906978,2633.45921,-3796.021453,1162.375266,LLL
273.0898139,117.9868523,-391.0980998,2722.08002,-3767.470855,1045.203859,LLL
263.7232491,129.974844,-393.7195264,2808.01459,-3735.202133,927.0005701,LLL
254.0963659,141.8345992,-395.9523982,2891.177786,-3699.247459,807.8827015,LLL
244.2186613,153.5544099,-397.794504,2971.487863,-3659.641991,687.9671587,LLL
234.0998871,165.1227139,-399.2440334,3048.865238,-3616.425138,567.3729326,LLL
223.7500255,176.5280908,-400.2995485,3123.233874,-3569.639228,446.2183874,LLL
213.1792943,187.7592887,-400.960015,3194.520054,-3519.330754,324.6237349,LLL
202.3981219,198.80522,-401.2247736,3262.653751,-3465.549042,202.7083283,LLL
191.4171517,209.6549875,-401.0935706,3327.567403,-3408.347492,80.59312852,LLL
180.2472169,220.29788,-400.5665279,3389.197269,-3347.782232,-41.60199568,LLL
168.8993445,230.7233979,-399.6441732,3447.482206,-3283.913355,-163.7558092,LLL
157.3847298,240.9212489,-398.3274092,3502.365016,-3216.803569,-285.7484033,LLL
145.7147401,250.8813726,-396.6175429,3553.791216,-3146.519425,-407.4587447,LLL
133.9008886,260.5939358,-394.5162543,3601.710373,-3073.129965,-528.7673603,LLL
121.9548377,270.0493572,-392.0256245,3646.074878,-2996.707935,-649.5538937,LLL
109.8883731,279.2383016,-389.148104,3686.841268,-2917.328435,-769.6997818,LLL
97.71340662,288.1517044,-385.8865401,3723.968992,-2835.070122,-889.0858173,LLL
85.44194979,296.7807655,-382.2441441,3757.421728,-2750.013856,-1007.594818,LLL
73.0861168,305.1169726,-378.2245179,3787.166145,-2662.243896,-1125.109192,LLL
60.65809759,313.1520953,-373.8316212,3813.173205,-2571.846542,-1241.513605,LLL
48.17016089,320.8782076,-369.0697965,3835.416926,-2478.911323,-1356.692543,LLL
35.63462701,328.2876811,-363.9437357,3853.875673,-2383.529639,-1470.532972,LLL
23.06387078,335.3732071,-358.4585052,3868.530913,-2285.795935,-1582.921914,LLL
10.47029426,342.1277894,-352.6195107,3879.368498,-2185.806347,-1693.749086,LLL
-2.133670468,348.5447657,-346.4325221,3886.377418,-2083.659868,-1802.904484,LLL
-14.73558854,354.6177997,-339.9036377,3889.551071,-1979.456989,-1910.281013,LLL
-27.32301967,360.3409015,-333.0393081,3888.886011,-1873.300861,-2015.772079,LLL
-39.88354529,365.7084196,-325.8463003,3884.383207,-1765.295933,-2119.274202,LLL
-52.40476597,370.7150605,-318.3317202,3876.04679,-1655.549106,-2220.684611,LLL
-64.87432848,375.3558796,-310.5029765,3863.885301,-1544.168373,-2319.903852,LLL
-77.27992317,379.6263006,-302.3678026,3847.910427,-1431.263968,-2416.833382,LLL
-89.60931091,383.5221055,-293.9342195,3828.138248,-1316.947001,-2511.378168,LLL
-101.8503204,387.0394533,-285.2105574,3804.587963,-1201.3306,-2603.444282,LLL
-113.9908749,390.174869,-276.2054184,3777.283126,-1084.528554,-2692.94149,LLL
-126.0189895,392.9252621,-266.9276966,3746.250372,-966.6564423,-2779.780845,LLL
-137.9227976,395.2879146,-257.3865407,3711.520637,-847.8302813,-2863.877269,LLL
-149.6905478,397.2604985,-247.5913741,3673.127885,-728.1676474,-2945.14715,LLL
-161.3106306,398.8410635,-237.5518561,3631.110315,-607.7863239,-3023.510901,LLL
-172.7715745,400.0280534,-227.2779017,3585.509084,-486.8054214,-3098.890571,LLL
-184.0620727,400.820293,-216.7796429,3536.369503,-365.3440251,-3171.212385,LLL
-195.1709793,401.2170043,-206.0674473,3483.73976,-243.5223108,-3240.404354,LLL
-206.0873346,401.2177921,-195.1518795,3427.6721,-121.4601941,-3306.398809,LLL
-216.8003619,400.8226592,-184.043719,3368.22155,0.721557242,-3369.130008,LLL
-227.2994925,400.0319919,-172.7539209,3305.447085,122.9026712,-3428.536656,LLL
-237.5743612,398.8465742,-161.2936342,3239.410351,244.9622637,-3484.559513,LLL
-247.6148316,397.2675723,-149.6741615,3170.176824,366.7801822,-3537.143903,LLL
-257.4109915,395.2965481,-137.9069772,3097.814524,488.235902,-3586.23732,LLL
-266.9531768,392.9354432,-126.0036867,3022.395167,609.2098658,-3631.791926,LLL
-276.2319668,390.1865913,-113.9760444,2943.99288,729.5823824,-3673.762154,LLL
-285.2382083,387.0527015,-101.835913,2862.685341,849.2349627,-3712.107193,LLL
-293.9630094,383.5368703,-89.59528039,2778.552486,968.0492205,-3746.788594,LLL
-302.3977634,379.6425637,-77.2662195,2691.677647,1085.908204,-3777.772737,LLL
-310.5341427,375.3736286,-64.86090476,2602.146257,1202.695297,-3805.028438,LLL
-318.3641213,370.7342743,-52.39157159,2510.046975,1318.295547,-3828.529405,LLL
-325.8799683,365.7290828,-39.87053285,2415.47039,1432.59457,-3848.25184,LLL
-333.07427,360.3629902,-27.31013816,2318.510138,1545.479867,-3864.176884,LLL
-339.9399231,354.6412955,-14.72279023,2219.261607,1656.839733,-3876.288218,LLL
-346.4701554,348.569642,-2.120904142,2117.823044,1766.56457,-3884.57449,LLL
-352.6585188,342.1540252,10.48307645,2014.294257,1874.545793,-3889.026923,LLL
-358.4989098,335.4007729,23.07672005,1908.777714,1980.677137,-3889.641723,LLL
-363.9855611,328.3165533,35.64759115,1801.37725,2084.853563,-3886.417684,LLL
-369.1130615,320.9083542,48.18329091,1692.199154,2186.972562,-3879.358585,LLL
-373.8763472,313.1834901,60.67144103,1581.350874,2286.933055,-3868.470796,LLL
-378.270721,305.149581,73.09972427,1468.942101,2384.636692,-3853.765658,LLL
-382.2918427,296.8145589,85.45586838,1355.083472,2479.986753,-3835.257088,LLL
-385.9357475,288.1866459,97.72768636,1239.887648,2572.889436,-3812.963946,LLL
-389.1988356,279.2743603,109.9030604,1123.468018,2663.252762,-3786.907639,LLL
-392.0778903,270.0864938,121.9699819,1005.939769,2750.987848,-3757.114475,LLL
-394.570067,260.6321175,133.9165352,887.4185921,2836.007816,-3723.613264,LLL
-396.6729095,250.9205579,145.7309375,768.0217487,2918.229055,-3686.437657,LLL
-398.3843392,240.9614029,157.4015225,647.866774,2997.570128,-3645.623754,LLL
-399.7026705,230.7644773,168.9167797,527.0725411,3073.95303,-3601.212422,LLL
-400.6265989,220.3398478,180.2653379,405.7579651,3147.302087,-3553.246901,LLL
-401.1552161,209.6977988,191.4360044,284.0430627,3217.545204,-3501.775114,LLL
-401.287997,198.8488361,202.4177482,162.0476583,3284.612768,-3446.847272,LLL
-401.024814,187.803663,213.1997386,39.89243976,3348.438884,-3388.518167,LLL
-400.3659234,176.5731831,223.7713282,-82.30233312,3408.96027,-3326.844778,LLL
-399.3119787,165.1684761,234.1220908,-204.4157767,3466.117491,-3261.888554,LLL
-397.8640168,153.6008005,244.2418048,-326.3276714,3519.853849,-3193.713015,LLL
-396.0234701,141.8815687,254.1204901,-447.9174137,3570.116602,-3122.386025,LLL
-393.7921514,130.0223498,263.7483906,-569.0653,3616.855858,-3047.977393,LLL
-391.1722662,118.0348438,273.1160118,-689.6514816,3660.025781,-2970.561133,LLL
-388.1663967,105.9308844,282.2141019,-809.5572445,3699.583477,-2890.213064,LLL
-384.7775127,93.72241331,291.0336893,-928.6639665,3735.490197,-2807.01306,LLL
-381.0089552,81.42148228,299.5660631,-1046.854393,3767.710216,-2721.042651,LLL
-376.8644467,69.04022741,307.8028097,-1164.011595,3796.212026,-2632.387257,LLL
-372.348074,56.59087092,315.7357938,-1280.020242,3820.96721,-2541.133792,LLL
-367.4642975,44.0856954,323.3571931,-1394.765558,3841.951626,-2447.372891,LLL
-362.2179335,31.53704536,330.6594795,-1508.134592,3859.144278,-2351.196507,LLL
-356.6141631,18.9573014,337.6354532,-1620.015175,3872.528486,-2252.70013,LLL
-350.6585129,6.358881603,344.2782232,-1730.297181,3882.090753,-2151.98039,LLL
-344.356864,-6.245784296,350.5812405,-1838.871488,3887.821931,-2049.137258,LLL
-337.715432,-18.84425363,356.538278,-1945.631234,3889.716076,-1944.271656,LLL
-330.7407744,-31.42409662,362.1434637,-2050.470772,3887.771605,-1837.487645,LLL
-323.439771,-43.97289509,367.3912591,-2153.286925,3881.990153,-1728.890038,LLL
-315.8196305,-56.47826827,372.276492,-2253.977941,3872.377708,-1618.586576,LLL
-307.8878696,-68.9278715,376.7943346,-2352.444734,3858.943474,-1506.685547,LLL
-299.6523194,-81.30942188,380.9403351,-2448.589845,3841.700991,-1393.297952,LLL
-291.121104,-93.61069697,384.7103951,-2542.318674,3820.666994,-1278.535124,LLL
-282.302646,-105.8195602,388.1008006,-2633.538439,3795.862523,-1162.510885,LLL
-273.2056449,-117.9239597,391.1081992,-2722.159401,3767.311774,-1045.339173,LLL
-263.8390816,-129.911953,393.7296296,-2808.093817,3735.043205,-927.1361863,LLL
-254.2121965,-141.7717062,395.962498,-2891.257164,3699.088381,-808.0180133,LLL
-244.3344934,-153.4915185,397.8046075,-2971.567088,3659.483065,-688.1027721,LLL
-234.2157172,-165.0598206,399.2541336,-3048.944613,3616.266063,-567.5082425,LLL
-223.8658572,-176.4651991,400.3096523,-3123.313097,3569.480304,-446.353998,LLL
-213.2951241,-187.696395,400.9701155,-3194.599427,3519.17168,-324.7590429,LLL
-202.5139532,-198.7423279,401.2348778,-3262.732972,3465.390121,-202.8439361,LLL
-191.5329811,-209.5920935,401.1036715,-3327.646773,3408.188422,-80.72843458,LLL
-180.3630478,-220.2349875,400.5766325,-3389.276488,3347.623313,41.46639062,LLL
-169.0151734,-230.6605035,399.6542745,-3447.561574,3283.754286,163.6205051,LLL
-157.5005603,-240.8583561,398.3375142,-3502.444233,3216.644651,285.612801,LLL
-145.8305687,-250.8184778,396.6276446,-3553.870581,3146.360359,407.3234424,LLL
-134.0167186,-260.5310426,394.5263596,-3601.789588,3072.97105,528.6317608,LLL
-122.0706658,-269.9864621,392.0357265,-3646.154241,2996.548872,649.4185934,LLL
-110.0042027,-279.1754081,389.1582097,-3686.92048,2917.169522,769.564185,LLL
-97.82923432,-288.088809,385.8966425,-3724.048352,2834.911061,888.9505189,LLL
-85.55777904,-296.7178716,382.2542501,-3757.500938,2749.854945,1007.459224,LLL
-73.20194409,-305.0540768,378.2346207,-3787.245502,2662.084838,1124.973896,LLL
-60.77392644,-313.0892011,373.8417276,-3813.252413,2571.687633,1241.378013,LLL
-48.28598778,-320.8153115,369.0798996,-3835.496281,2478.752268,1356.557248,LLL
-35.75045545,-328.2247865,363.9538425,-3853.954879,2383.370732,1470.397384,LLL
-23.17969726,-335.3103106,358.4686087,-3868.610265,2285.636882,1582.786622,LLL
-10.58612228,-342.0648944,352.6296179,-3879.447702,2185.647442,1693.6135,LLL
2.017844389,-348.4818689,346.442626,-3886.456768,2083.500817,1802.769193,LLL
14.61976093,-354.5549044,339.9137452,-3889.630273,1979.298087,1910.145431,LLL
27.20719399,-360.2780043,333.0494124,-3888.965358,1873.141813,2015.636791,LLL
39.76771809,-365.645524,325.8564082,-3884.462407,1765.137032,2119.138622,LLL
52.2889407,-370.652163,318.3418249,-3876.126135,1655.39006,2220.549324,LLL
64.75850169,-375.2929836,310.5130848,-3863.964498,1544.009475,2319.768274,LLL
77.16409831,-379.5634027,302.3779076,-3847.98977,1431.104926,2416.698097,LLL
89.49348453,-383.4592092,293.9443281,-3828.217444,1316.788105,2511.242593,LLL
101.7344959,-386.976555,285.2206628,-3804.667303,1201.17156,2603.308999,LLL
113.8750489,-390.1119723,276.2155274,-3777.362319,1084.36966,2692.805918,LLL
125.9031655,-392.8623635,266.9378023,-3746.329709,966.4974048,2779.645564,LLL
137.806972,-395.2250175,257.3966501,-3711.599828,847.6713895,2863.7417,LLL
149.5747242,-397.1975996,247.6014803,-3673.20722,728.0086125,2945.01187,LLL
161.1948054,-398.7781661,237.5619658,-3631.189504,607.6274342,3023.375335,LLL
172.6557513,-399.9651541,227.2880082,-3585.588416,486.646389,3098.755294,LLL
183.946248,-400.7573953,216.789753,-3536.44869,365.1851376,3171.076821,LLL
195.0551564,-401.1541047,206.0775542,-3483.819089,243.3632809,3240.269078,LLL
205.9715103,-401.154894,195.16199,-3427.751285,121.3013087,3306.263248,LLL
216.6845395,-400.7597592,184.0538262,-3368.300877,-0.880584515,3368.994735,LLL
227.1836685,-399.9690934,172.7640317,-3305.526268,-123.0615544,3428.401098,LLL
237.4585391,-398.7836738,161.3037418,-3239.489676,-245.1212884,3484.424241,LLL
247.4990081,-397.2046735,149.6842727,-3170.256005,-366.9390633,3537.008347,LLL
257.2951699,-395.2336474,137.9170852,-3097.893846,-488.3949242,3586.10205,LLL
266.8373537,-392.872544,126.0137983,-3022.474346,-609.3687447,3631.656373,LLL
276.1161456,-390.1236902,113.9861528,-2944.0722,-729.741402,3673.626886,LLL
285.1223856,-386.9898019,101.8460249,-2862.764518,-849.3938395,3711.971643,LLL
293.8471886,-383.4739689,89.60538915,-2778.631803,-968.2082376,3746.653328,LLL
302.2819411,-379.5796638,77.27633179,-2691.756822,-1086.067078,3777.637189,LLL
310.4183223,-375.3107269,64.8710139,-2602.225572,-1202.854311,3804.893174,LLL
318.2482995,-370.671374,52.40168425,-2510.126148,-1318.45442,3828.39386,LLL
325.7641483,-365.6661807,39.88064236,-2415.549702,-1432.753582,3848.116578,LLL
332.9584486,-360.3000895,27.32025118,-2318.589308,-1545.638738,3864.041342,LLL
339.8241035,-354.5783931,14.73290011,-2219.340917,-1656.998743,3876.152958,LLL
346.3543343,-348.5067411,2.131017527,-2117.902213,-1766.723439,3884.438951,LLL
352.5426997,-342.0911224,-10.47296619,-2014.373564,-1874.7048,3888.891665,LLL
358.3830892,-335.3378715,-23.0666063,-1908.85688,-1980.836003,3889.506187,LLL
363.8697423,-328.2536501,-35.63748052,-1801.456555,-2085.012568,3886.282427,LLL
368.9972412,-320.8454525,-48.17317679,-1692.278318,-2187.131426,3879.223051,LLL
373.7605288,-313.1205866,-60.66133002,-1581.430176,-2287.092057,3868.335541,LLL
378.1549012,-305.0866789,-73.08960979,-1469.021263,-2384.795554,3853.630127,LLL
382.1760248,-296.751655,-85.44575699,-1355.162771,-2480.145752,3835.121836,LLL
385.819928,-288.1237435,-97.71757151,-1239.966808,-2573.048296,3812.828418,LLL
389.083018,-279.211456,-109.8929486,-1123.547315,-2663.411759,3786.772389,LLL
391.9620714,-270.0235911,-121.9598666,-1006.018927,-2751.146706,3756.97895,LLL
394.4542498,-260.5692129,-133.906423,-887.4978864,-2836.16681,3723.478015,LLL
396.5570909,-250.8576548,-145.7208219,-768.1009041,-2918.38791,3686.302135,LLL
398.2685224,-240.8984979,-157.39141,-647.9460658,-2997.72912,3645.488508,LLL
399.5868523,-230.7015738,-168.9066637,-527.1516944,-3074.111883,3601.076902,LLL
400.5107826,-220.2769425,-180.255225,-405.8372544,-3147.461076,3553.111656,LLL
401.0393984,-209.634895,-191.4258881,-284.1222139,-3217.704055,3501.639597,LLL
401.1721811,-198.7859305,-202.407635,-162.1269451,-3284.771755,3446.712029,LLL
400.9089967,-187.7407588,-213.189622,-39.97158884,-3348.597732,3388.382653,LLL
400.2501078,-176.5102771,-223.7612145,82.22304885,-3409.119254,3326.709538,LLL
399.1961618,-165.1055715,-234.1119738,204.3366297,-3466.276338,3261.753043,LLL
397.7482017,-153.5378941,-244.2316908,326.2483897,-3520.01283,3193.577777,LLL
395.9076535,-141.8186638,-254.1103727,447.8382689,-3570.275447,3122.250516,LLL
393.6763366,-129.9594431,-263.7382762,568.9860208,-3617.014837,3047.842157,LLL
391.0564501,-117.9719385,-273.105894,689.5723389,-3660.184624,2970.425627,LLL
388.0505824,-105.8679773,-282.2039872,809.4779677,-3699.742453,2890.077829,LLL
384.661697,-93.65950769,-291.0235712,928.5848259,-3735.649037,2806.877556,LLL
380.8931413,-81.3585749,-299.555948,1046.775119,-3767.86919,2720.907418,LLL
376.7486314,-68.97732144,-307.7926912,1163.932457,-3796.370864,2632.251756,LLL
372.2322604,-56.52796318,-315.7256783,1279.94097,-3821.126181,2540.998562,LLL
367.3484826,-44.02278907,-323.3470742,1394.686422,-3842.110462,2447.237393,LLL
362.1021204,-31.47413727,-330.6493636,1508.055323,-3859.303247,2351.061278,LLL
356.4983486,-18.89439472,-337.625334,1619.936041,-3872.687319,2252.564635,LLL
350.5427002,-6.295973163,-344.268107,1730.217914,-3882.24972,2151.845163,LLL
344.24105,6.308691335,-350.5711209,1838.792356,-3887.980762,2049.001766,LLL
337.5996197,18.90716242,-356.5281614,1945.551969,-3889.87504,1944.136431,LLL
330.6249607,31.48700401,-362.1333437,2050.391642,-3887.930435,1837.352155,LLL
323.3239591,44.03580423,-367.3811421,2153.207664,-3882.149114,1728.754815,LLL
315.7038172,56.54117602,-372.2663717,2253.898813,-3872.536535,1618.451089,LLL
307.7720581,68.99078099,-376.7842173,2352.365475,-3859.102432,1506.550326,LLL
299.5365065,81.37232999,-380.9302144,2448.510719,-3841.859817,1393.162467,LLL
291.0052929,93.67360682,-384.7002773,2542.239417,-3820.82595,1278.399904,LLL
282.1868336,105.8824687,-388.0906796,2633.459316,-3796.021346,1162.375403,LLL
273.0898342,117.9868699,-391.0980811,2722.080146,-3767.470727,1045.203956,LLL
263.7232696,129.9748618,-393.7195082,2808.014696,-3735.202026,927.0007073,LLL
254.0963862,141.8346168,-395.9523795,2891.177912,-3699.247332,807.8827981,LLL
244.2186818,153.5544277,-397.7944857,2971.487968,-3659.641884,687.9672958,LLL
234.0999074,165.1227315,-399.2440147,3048.865364,-3616.425011,567.3730293,LLL
223.750046,176.5281086,-400.2995302,3123.23398,-3569.63912,446.2185245,LLL
213.1793146,187.7593063,-400.9599962,3194.52018,-3519.330626,324.6238316,LLL
202.3981424,198.8052378,-401.2247553,3262.653857,-3465.548935,202.7084653,LLL
191.417172,209.6550051,-401.0935519,3327.567529,-3408.347365,80.59322529,LLL
180.2472374,220.2978977,-400.5665096,3389.197375,-3347.782125,-41.60185874,LLL
168.8993648,230.7234155,-399.6441545,3447.482332,-3283.913227,-163.7557124,LLL
157.3847503,240.9212667,-398.327391,3502.365122,-3216.803462,-285.7482664,LLL
145.7147604,250.8813901,-396.6175242,3553.791342,-3146.519298,-407.4586478,LLL
133.9009091,260.5939536,-394.516236,3601.710479,-3073.129858,-528.7672235,LLL
121.954858,270.0493747,-392.0256058,3646.075004,-2996.707808,-649.5537968,LLL
109.8883936,279.2383194,-389.1480858,3686.841374,-2917.328327,-769.699645,LLL
97.71342689,288.151722,-385.8865214,3723.969118,-2835.069994,-889.0857203,LLL
85.4419703,296.7807833,-382.2441258,3757.421834,-2750.013748,-1007.594681,LLL
73.08613707,305.1169902,-378.2244992,3787.16627,-2662.243768,-1125.109095,LLL
60.6581181,313.1521131,-373.8316029,3813.173311,-2571.846435,-1241.513468,LLL
48.17018116,320.8782252,-369.0697778,3835.417052,-2478.911196,-1356.692446,LLL
35.63464752,328.2876988,-363.9437175,3853.875779,-2383.529531,-1470.532836,LLL
23.06389105,335.3732246,-358.4584865,3868.531038,-2285.795807,-1582.921817,LLL
10.47031477,342.1278071,-352.6194925,3879.368604,-2185.806239,-1693.748949,LLL
-2.133650193,348.5447833,-346.4325034,3886.377544,-2083.65974,-1802.904386,LLL
-14.73556803,354.6178175,-339.9036194,3889.551177,-1979.456882,-1910.280877,LLL
-27.32299939,360.3409191,-333.0392894,3888.886137,-1873.300734,-2015.771982,LLL
-39.88352478,365.7084374,-325.8462821,3884.383313,-1765.295825,-2119.274066,LLL
-52.40474569,370.7150781,-318.3317015,3876.046916,-1655.548978,-2220.684514,LLL
-64.87430797,375.3558974,-310.5029583,3863.885407,-1544.168266,-2319.903715,LLL
-77.2799029,379.6263182,-302.3677839,3847.910553,-1431.263841,-2416.833284,LLL
-89.60929041,383.5221233,-293.9342012,3828.138354,-1316.946893,-2511.378032,LLL
-101.8503001,387.0394708,-285.2105387,3804.588089,-1201.330473,-2603.444185,LLL
-113.9908544,390.1748868,-276.2054001,3777.283232,-1084.528446,-2692.941353,LLL
-126.0189692,392.9252797,-266.9276779,3746.250497,-966.6563153,-2779.780748,LLL
-137.9227771,395.2879324,-257.3865225,3711.520743,-847.8301737,-2863.877133,LLL
-149.6905275,397.2605161,-247.5913554,3673.12801,-728.1675205,-2945.147052,LLL
-161.3106101,398.8410813,-237.5518378,3631.110421,-607.7862163,-3023.510765,LLL
-172.7715542,400.0280709,-227.277883,3585.509209,-486.8052945,-3098.890473,LLL
-184.0620522,400.8203108,-216.7796246,3536.369609,-365.3439175,-3171.212249,LLL
-195.170959,401.2170219,-206.0674286,3483.739885,-243.5221839,-3240.404256,LLL
-206.0873141,401.2178099,-195.1518613,3427.672206,-121.4600864,-3306.398673,LLL
-216.8003417,400.8226767,-184.0437003,3368.221675,0.721684057,-3369.129911,LLL
-227.299472,400.0320097,-172.7539026,3305.447191,122.9027789,-3428.53652,LLL
-237.5743409,398.8465918,-161.2936155,3239.410477,244.9623904,-3484.559415,LLL
-247.6148111,397.2675901,-149.6741433,3170.17693,366.7802899,-3537.143767,LLL
-257.4109712,395.2965657,-137.9069585,3097.814649,488.2360288,-3586.237222,LLL
-266.9531563,392.935461,-126.0036685,3022.395274,609.2099735,-3631.79179,LLL
-276.2319466,390.1866088,-113.9760258,2943.993006,729.5825091,-3673.762056,LLL
-285.2381878,387.0527193,-101.8358947,2862.685447,849.2350705,-3712.107057,LLL
-293.9629891,383.5368879,-89.59526169,2778.552611,968.0493472,-3746.788496,LLL
-302.3977429,379.6425815,-77.26620125,2691.677754,1085.908311,-3777.772601,LLL
-310.5341225,375.3736462,-64.86088607,2602.146383,1202.695423,-3805.02834,LLL
-318.3641008,370.7342921,-52.39155334,2510.047082,1318.295655,-3828.529269,LLL
-325.879948,365.7291004,-39.87051415,2415.470515,1432.594697,-3848.251742,LLL
-333.0742496,360.3630079,-27.31011991,2318.510245,1545.479975,-3864.176748,LLL
-339.9399028,354.6413131,-14.72277153,2219.261733,1656.83986,-3876.28812,LLL
-346.4701349,348.5696598,-2.120885893,2117.823151,1766.564678,-3884.574355,LLL
-352.6584986,342.1540427,10.48309515,2014.294382,1874.54592,-3889.026825,LLL
-358.4988894,335.4007907,23.0767383,1908.777821,1980.677245,-3889.641587,LLL
-363.9855408,328.3165709,35.64760985,1801.377375,2084.85369,-3886.417585,LLL
-369.113041,320.908372,48.18330916,1692.199261,2186.97267,-3879.358449,LLL
-373.8763269,313.1835077,60.67145972,1581.350999,2286.933182,-3868.470697,LLL
-378.2707005,305.1495988,73.09974252,1468.942208,2384.6368,-3853.765522,LLL
-382.2918225,296.8145764,85.45588707,1355.083597,2479.986879,-3835.25699,LLL
-385.935727,288.1866637,97.72770461,1239.887755,2572.889544,-3812.963811,LLL
-389.1988153,279.2743778,109.9030791,1123.468143,2663.252889,-3786.907541,LLL
-392.0778699,270.0865116,121.9700001,1005.939876,2750.987956,-3757.11434,LLL
-394.5700467,260.632135,133.9165539,887.4187171,2836.007942,-3723.613165,LLL
-396.672889,250.9205757,145.7309558,768.0218552,2918.229163,-3686.437522,LLL
-398.3843189,240.9614204,157.4015412,647.8668989,2997.570254,-3645.623656,LLL
-399.70265,230.7644951,168.9167979,527.0726477,3073.953138,-3601.212287,LLL
-400.6265786,220.3398654,180.2653565,405.75809,3147.302213,-3553.246802,LLL
-401.1551957,209.6978166,191.4360227,284.0431693,3217.545312,-3501.774979,LLL
-401.2879768,198.8488537,202.4177669,162.0477832,3284.612894,-3446.847173,LLL
-401.0247935,187.8036808,213.1997569,39.8925464,3348.438992,-3388.518032,LLL
-400.3659031,176.5732007,223.7713468,-82.30220823,3408.960396,-3326.84468,LLL
-399.3119582,165.1684938,234.1221091,-204.41567,3466.117599,-3261.888419,LLL
-397.8639966,153.600818,244.2418235,-326.3275466,3519.853975,-3193.712917,LLL
-396.0234496,141.8815865,254.1205083,-447.917307,3570.116711,-3122.38589,LLL
-393.7921311,130.0223673,263.7484093,-569.0651752,3616.855985,-3047.977295,LLL
-391.1722457,118.0348615,273.11603,-689.6513749,3660.025889,-2970.560998,LLL
-388.1663764,105.9309019,282.2141206,-809.5571197,3699.583603,-2890.212965,LLL
-384.7774922,93.72243108,291.0337075,-928.6638597,3735.490305,-2807.012925,LLL
-381.0089349,81.42149984,299.5660818,-1046.854268,3767.710342,-2721.042552,LLL
-376.8644262,69.04024518,307.802828,-1164.011488,3796.212134,-2632.387122,LLL
-372.3480537,56.59088847,315.7358124,-1280.020117,3820.967336,-2541.133694,LLL
-367.464277,44.08571317,323.3572113,-1394.765451,3841.951735,-2447.372756,LLL
-362.2179133,31.53706291,330.6594981,-1508.134467,3859.144404,-2351.196408,LLL
-356.6141426,18.95731917,337.6354715,-1620.015068,3872.528594,-2252.699995,LLL
-350.6584927,6.358899159,344.2782419,-1730.297056,3882.090879,-2151.980291,LLL
-344.3568436,-6.245766528,350.5812587,-1838.871381,3887.822039,-2049.137123,LLL
-337.7154117,-18.84423608,356.5382967,-1945.631109,3889.716202,-1944.271557,LLL
-330.7407539,-31.42407885,362.1434819,-2050.470665,3887.771714,-1837.487511,LLL
-323.4397507,-43.97287753,367.3912778,-2153.286801,3881.990279,-1728.889939,LLL
-315.81961,-56.4782505,372.2765103,-2253.977834,3872.377816,-1618.586441,LLL
-307.8878493,-68.92785395,376.7943533,-2352.444609,3858.9436,-1506.685448,LLL
-299.6522989,-81.30940412,380.9403533,-2448.589738,3841.7011,-1393.297817,LLL
-291.1210837,-93.61067942,384.7104137,-2542.318549,3820.66712,-1278.535024,LLL
-282.3026255,-105.8195425,388.1008189,-2633.538332,3795.862631,-1162.510751,LLL
-273.2056246,-117.9239421,391.1082179,-2722.159276,3767.3119,-1045.339074,LLL
-263.8390611,-129.9119353,393.7296478,-2808.09371,3735.043314,-927.1360519,LLL
-254.2121762,-141.7716887,395.9625166,-2891.25704,3699.088507,-808.0179141,LLL
-244.3344729,-153.4915008,397.8046258,-2971.566981,3659.483174,-688.1026378,LLL
-234.2156969,-165.059803,399.2541523,-3048.944488,3616.266189,-567.5081433,LLL
-223.8658367,-176.4651813,400.3096706,-3123.31299,3569.480412,-446.3538638,LLL
-213.2951038,-187.6963775,400.9701342,-3194.599302,3519.171806,-324.7589436,LLL
-202.5139328,-198.7423102,401.2348961,-3262.732865,3465.390229,-202.843802,LLL
-191.5329608,-209.5920759,401.1036901,-3327.646648,3408.188547,-80.72833525,LLL
-180.3630273,-220.2349697,400.5766508,-3389.276381,3347.623421,41.46652474,LLL
-169.0151532,-230.660486,399.6542931,-3447.561449,3283.754412,163.6206044,LLL
-157.5005398,-240.8583383,398.3375324,-3502.444126,3216.64476,285.6129351,LLL
-145.8305484,-250.8184603,396.6276632,-3553.870456,3146.360485,407.3235419,LLL
-134.0166981,-260.5310249,394.5263779,-3601.789481,3072.971158,528.6318948,LLL
-122.0706455,-269.9864445,392.0357452,-3646.154116,2996.548998,649.4186928,LLL
-110.0041823,-279.1753903,389.158228,-3686.920373,2917.16963,769.564319,LLL
-97.82921405,-288.0887914,385.8966612,-3724.048227,2834.911187,888.9506184,LLL
-85.55775857,-296.7178538,382.2542684,-3757.500831,2749.855053,1007.459357,LLL
-73.20192382,-305.0540593,378.2346394,-3787.245378,2662.084963,1124.973996,LLL
-60.77390596,-313.0891834,373.8417459,-3813.252306,2571.687742,1241.378147,LLL
-48.28596751,-320.8152939,369.0799183,-3835.496157,2478.752394,1356.557348,LLL
-35.75043497,-328.2247687,363.9538608,-3853.954772,2383.370841,1470.397518,LLL
-23.17967699,-335.310293,358.4686274,-3868.610141,2285.637007,1582.786721,LLL
-10.58610181,-342.0648767,352.6296362,-3879.447595,2185.647551,1693.613634,LLL
2.017864658,-348.4818513,346.4426446,-3886.456644,2083.500943,1802.769293,LLL
14.6197814,-354.5548866,339.9137635,-3889.630166,1979.298195,1910.145564,LLL
27.20721426,-360.2779868,333.049431,-3888.965234,1873.141939,2015.63689,LLL
39.76773856,-365.6455062,325.8564265,-3884.4623,1765.137141,2119.138756,LLL
52.28896097,-370.6521454,318.3418435,-3876.126011,1655.390186,2220.549424,LLL
64.75852216,-375.2929659,310.5131031,-3863.964391,1544.009584,2319.768408,LLL
77.16411858,-379.5633852,302.3779263,-3847.989646,1431.105051,2416.698197,LLL
89.493505,-383.4591914,293.9443463,-3828.217336,1316.788213,2511.242727,LLL
101.7345162,-386.9765375,285.2206815,-3804.667179,1201.171685,2603.309099,LLL
113.8750694,-390.1119545,276.2155456,-3777.362212,1084.369768,2692.806051,LLL
125.9031857,-392.8623459,266.937821,-3746.329585,966.4975303,2779.645664,LLL
137.8069925,-395.2249998,257.3966684,-3711.599721,847.6714983,2863.741833,LLL
149.5747444,-397.197582,247.6014989,-3673.207096,728.0087379,2945.01197,LLL
161.1948259,-398.7781483,237.5619841,-3631.189397,607.627543,3023.375468,LLL
172.6557715,-399.9651365,227.2880269,-3585.588292,486.6465145,3098.755394,LLL
183.9462685,-400.7573775,216.7897712,-3536.448583,365.1852464,3171.076954,LLL
195.0551767,-401.1540871,206.0775729,-3483.818965,243.3634064,3240.269179,LLL
205.9715307,-401.1548762,195.1620082,-3427.751178,121.3014176,3306.263382,LLL
216.6845598,-400.7597416,184.0538449,-3368.300753,-0.880459108,3368.994835,LLL
227.183689,-399.9690757,172.76405,-3305.526161,-123.0614456,3428.401231,LLL
237.4585594,-398.7836563,161.3037605,-3239.489552,-245.121163,3484.424341,LLL
247.4990286,-397.2046557,149.684291,-3170.255898,-366.9389544,3537.00848,LLL
257.2951902,-395.2336299,137.9171039,-3097.893722,-488.3947988,3586.102151,LLL
266.8373741,-392.8725262,126.0138165,-3022.474239,-609.3686358,3631.656506,LLL
276.1161659,-390.1236727,113.9861715,-2944.072076,-729.7412767,3673.626986,LLL
285.122406,-386.9897842,101.8460432,-2862.76441,-849.3937306,3711.971776,LLL
293.8472088,-383.4739513,89.6054078,-2778.631679,-968.2081123,3746.653428,LLL
302.2819616,-379.5796461,77.27635004,-2691.756714,-1086.066969,3777.637322,LLL
310.4183426,-375.3107093,64.87103255,-2602.225448,-1202.854186,3804.893275,LLL
318.2483199,-370.6713563,52.40170251,-2510.12604,-1318.454311,3828.393993,LLL
325.7641686,-365.6661632,39.880661,-2415.549578,-1432.753457,3848.116679,LLL
332.9584691,-360.3000718,27.32026943,-2318.589201,-1545.638629,3864.041475,LLL
339.8241238,-354.5783755,14.73291875,-2219.340793,-1656.998618,3876.153058,LLL
346.3543548,-348.5067233,2.131035785,-2117.902105,-1766.72333,3884.439084,LLL
352.5427199,-342.0911048,-10.47294755,-2014.37344,-1874.704675,3888.891766,LLL
358.3831097,-335.3378538,-23.06658804,-1908.856773,-1980.835894,3889.50632,LLL
363.8697626,-328.2536326,-35.63746188,-1801.456431,-2085.012442,3886.282528,LLL
368.9972617,-320.8454348,-48.17315854,-1692.278211,-2187.131317,3879.223184,LLL
373.7605491,-313.120569,-60.66131138,-1581.430052,-2287.091932,3868.335642,LLL
378.1549217,-305.0866612,-73.08959153,-1469.021155,-2384.795444,3853.63026,LLL
382.176045,-296.7516374,-85.44573836,-1355.162648,-2480.145627,3835.121936,LLL
385.8199485,-288.1237257,-97.71755326,-1239.9667,-2573.048187,3812.828551,LLL
389.0830383,-279.2114385,-109.89293,-1123.547191,-2663.411634,3786.77249,LLL
391.9620918,-270.0235733,-121.9598484,-1006.018819,-2751.146597,3756.979082,LLL
394.4542701,-260.5691953,-133.9064044,-887.4977628,-2836.166685,3723.478116,LLL
396.5571114,-250.8576371,-145.7208037,-768.1007964,-2918.387801,3686.302267,LLL
398.2685427,-240.8984804,-157.3913914,-647.9459422,-2997.728995,3645.488609,LLL
399.5868727,-230.7015561,-168.9066455,-527.1515867,-3074.111774,3601.077035,LLL
400.5108028,-220.276925,-180.2552063,-405.8371308,-3147.460951,3553.111757,LLL
401.0394188,-209.6348772,-191.4258698,-284.1221061,-3217.703946,3501.639729,LLL
401.1722014,-198.785913,-202.4076163,-162.1268215,-3284.77163,3446.71213,LLL
400.9090171,-187.7407411,-213.1896037,-39.9714811,-3348.597623,3388.382785,LLL
400.2501281,-176.5102596,-223.7611959,82.22317239,-3409.119129,3326.709639,LLL
399.1961822,-165.1055538,-234.1119556,204.3367375,-3466.276228,3261.753175,LLL
397.748222,-153.5378766,-244.2316722,326.2485132,-3520.012705,3193.577878,LLL
395.907674,-141.8186461,-254.1103544,447.8383766,-3570.275338,3122.250649,LLL
393.6763569,-129.9594255,-263.7382576,568.9861443,-3617.014712,3047.842258,LLL
391.0564705,-117.9719208,-273.1058757,689.5724467,-3660.184514,2970.425759,LLL
388.0506027,-105.8679598,-282.2039686,809.4780912,-3699.742328,2890.07793,LLL
384.6617174,-93.65948996,-291.0235529,928.5849337,-3735.648928,2806.877689,LLL
380.8931615,-81.35855735,-299.5559293,1046.775242,-3767.869065,2720.907519,LLL
376.7486519,-68.97730371,-307.792673,1163.932565,-3796.370754,2632.251888,LLL
372.2322807,-56.52794563,-315.7256596,1279.941094,-3821.126056,2540.998663,LLL
367.348503,-44.02277134,-323.347056,1394.68653,-3842.110353,2447.237525,LLL
362.1021407,-31.47411972,-330.649345,1508.055446,-3859.303122,2351.061379,LLL
356.498369,-18.89437698,-337.6253158,1619.936149,-3872.68721,2252.564767,LLL
350.5427205,-6.295955614,-344.2680883,1730.218038,-3882.249595,2151.845264,LLL
344.2410704,6.308709067,-350.5711026,1838.792464,-3887.980653,2049.001898,LLL
337.5996399,18.90717997,-356.5281428,1945.552093,-3889.874915,1944.136533,LLL
330.6249811,31.48702174,-362.1333255,2050.39175,-3887.930325,1837.352287,LLL
323.3239794,44.03582178,-367.3811235,2153.207787,-3882.148989,1728.754916,LLL
315.7038377,56.54119375,-372.2663534,2253.898921,-3872.536426,1618.451221,LLL
307.7720784,68.99079854,-376.7841987,2352.365598,-3859.102308,1506.550427,LLL
299.536527,81.37234772,-380.9301961,2448.510827,-3841.859707,1393.162599,LLL
291.0053131,93.67362437,-384.7002587,2542.239541,-3820.825826,1278.400006,LLL
282.186854,105.8824864,-388.0906613,2633.459424,-3796.021236,1162.375535,LLL
273.0898545,117.9868874,-391.0980625,2722.08027,-3767.470603,1045.204057,LLL
263.72329,129.9748796,-393.7194899,2808.014804,-3735.201917,927.0008392,LLL
254.0964065,141.8346343,-395.9523609,2891.178036,-3699.247207,807.8828995,LLL
244.2187023,153.5544454,-397.7944675,2971.488076,-3659.641774,687.9674276,LLL
234.0999276,165.122749,-399.2439961,3048.865487,-3616.424886,567.3731307,LLL
223.7500664,176.5281263,-400.2995119,3123.234088,-3569.639011,446.2186562,LLL
213.1793349,187.7593238,-400.9599776,3194.520303,-3519.330502,324.6239331,LLL
202.3981629,198.8052555,-401.2247371,3262.653965,-3465.548826,202.708597,LLL
191.4171923,209.6550226,-401.0935332,3327.567652,-3408.34724,80.59332682,LLL
180.2472578,220.2979155,-400.5664914,3389.197483,-3347.782016,-41.60172707,LLL
168.899385,230.723433,-399.6441359,3447.482455,-3283.913103,-163.7556108,LLL
157.3847708,240.9212844,-398.3273727,3502.36523,-3216.803352,-285.7481348,LLL
145.7147807,250.8814077,-396.6175056,3553.791465,-3146.519173,-407.4585462,LLL
133.9009295,260.5939713,-394.5162178,3601.710587,-3073.129748,-528.7670919,LLL
121.9548782,270.0493923,-392.0255872,3646.075127,-2996.707683,-649.5536951,LLL
109.888414,279.2383371,-389.1480675,3686.841482,-2917.328218,-769.6995135,LLL
97.71344715,288.1517395,-385.8865028,3723.969241,-2835.06987,-889.0856186,LLL
85.44199074,296.780801,-382.2441076,3757.421942,-2750.013639,-1007.594549,LLL
73.08615733,305.1170077,-378.2244806,3787.166393,-2662.243644,-1125.108994,LLL
60.65813854,313.1521309,-373.8315847,3813.173419,-2571.846325,-1241.513337,LLL
48.17020142,320.8782428,-369.0697592,3835.417175,-2478.911072,-1356.692344,LLL
35.63466796,328.2877166,-363.9436992,3853.875887,-2383.529422,-1470.532704,LLL
23.06391131,335.3732422,-358.4584679,3868.531161,-2285.795683,-1582.921715,LLL
10.47033521,342.1278249,-352.6194742,3879.368712,-2185.80613,-1693.748818,LLL
-2.133629931,348.5448008,-346.4324848,3886.377667,-2083.659616,-1802.904285,LLL
-14.7355476,354.6178352,-339.9036011,3889.551286,-1979.456772,-1910.280746,LLL
-27.32297913,360.3409366,-333.0392708,3888.886259,-1873.300609,-2015.77188,LLL
-39.88350434,365.7084551,-325.8462638,3884.383421,-1765.295716,-2119.273935,LLL
-52.40472543,370.7150956,-318.3316829,3876.047039,-1655.548854,-2220.684412,LLL
-64.87428754,375.3559151,-310.50294,3863.885515,-1544.168156,-2319.903584,LLL
-77.27988263,379.6263357,-302.3677653,3847.910676,-1431.263717,-2416.833182,LLL
-89.60926997,383.522141,-293.9341829,3828.138462,-1316.946783,-2511.3779,LLL
-101.8502799,387.0394884,-285.2105201,3804.588212,-1201.330349,-2603.444083,LLL
-113.990834,390.1749045,-276.2053818,3777.28334,-1084.528336,-2692.941222,LLL
-126.018949,392.9252972,-266.9276593,3746.25062,-966.6561911,-2779.780645,LLL
-137.9227566,395.2879501,-257.3865042,3711.520851,-847.8300639,-2863.877002,LLL
-149.6905073,397.2605336,-247.5913368,3673.128133,-728.1673962,-2945.14695,LLL
-161.3105896,398.841099,-237.5518196,3631.110529,-607.7861065,-3023.510634,LLL
-172.771534,400.0280885,-227.2778644,3585.509332,-486.8051703,-3098.890371,LLL
-184.0620318,400.8203285,-216.7796064,3536.369718,-365.3438077,-3171.212118,LLL
-195.1709387,401.2170394,-206.06741,3483.740008,-243.5220597,-3240.404154,LLL
-206.0872937,401.2178276,-195.151843,3427.672315,-121.4599766,-3306.398542,LLL
-216.8003214,400.8226943,-184.0436817,3368.221798,0.721808226,-3369.129808,LLL
-227.2994515,400.0320274,-172.7538844,3305.4473,122.9028887,-3428.536389,LLL
-237.5743206,398.8466093,-161.2935969,3239.410599,244.9625146,-3484.559313,LLL
-247.6147907,397.2676078,-149.674125,3170.177039,366.7803998,-3537.143636,LLL
-257.410951,395.2965832,-137.9069399,3097.814772,488.2361529,-3586.23712,LLL
-266.9531359,392.9354787,-126.0036502,3022.395382,609.2100834,-3631.791659,LLL
-276.2319263,390.1866264,-113.9760072,2943.993128,729.5826332,-3673.761954,LLL
-285.2381673,387.052737,-101.8358765,2862.685556,849.2351804,-3712.106926,LLL
-293.9629688,383.5369054,-89.5952431,2778.552734,968.0494713,-3746.788394,LLL
-302.3977225,379.6425992,-77.26618298,2691.677862,1085.908421,-3777.77247,LLL
-310.5341022,375.3736637,-64.86086747,2602.146505,1202.695547,-3805.028238,LLL
-318.3640804,370.7343098,-52.39153508,2510.04719,1318.295765,-3828.529138,LLL
-325.8799278,365.7291179,-39.87049556,2415.470638,1432.594821,-3848.25164,LLL
-333.0742291,360.3630257,-27.31010164,2318.510353,1545.480085,-3864.176618,LLL
-339.9398825,354.6413306,-14.72275294,2219.261855,1656.839984,-3876.288017,LLL
-346.4701145,348.5696775,-2.12086763,2117.823259,1766.564788,-3884.574224,LLL
-352.6584783,342.1540603,10.48311374,2014.294504,1874.546044,-3889.026723,LLL
-358.4988689,335.4008084,23.07675656,1908.777929,1980.677355,-3889.641457,LLL
-363.9855206,328.3165884,35.64762844,1801.377498,2084.853814,-3886.417483,LLL
-369.1130206,320.9083897,48.18332742,1692.19937,2186.97278,-3879.358319,LLL
-373.8763067,313.1835252,60.67147831,1581.351122,2286.933305,-3868.470595,LLL
-378.2706801,305.1496165,73.09976078,1468.942316,2384.63691,-3853.765392,LLL
-382.2918022,296.814594,85.45590566,1355.08372,2479.987003,-3835.256887,LLL
-385.9357065,288.1866814,97.72772287,1239.887863,2572.889654,-3812.96368,LLL
-389.198795,279.2743954,109.9030977,1123.468265,2663.253012,-3786.907438,LLL
-392.0778494,270.0865293,121.9700184,1005.939984,2750.988066,-3757.114209,LLL
-394.5700265,260.6321526,133.9165724,887.4188395,2836.008066,-3723.613063,LLL
-396.6728686,250.9205934,145.730974,768.0219639,2918.229273,-3686.437392,LLL
-398.3842986,240.961438,157.4015598,647.8670214,2997.570378,-3645.623553,LLL
-399.7026295,230.7645128,168.9168162,527.0727563,3073.953248,-3601.212157,LLL
-400.6265584,220.3398829,180.2653751,405.7582124,3147.302337,-3553.246699,LLL
-401.1551752,209.6978343,191.4360409,284.0432779,3217.545422,-3501.774849,LLL
-401.2879565,198.8488712,202.4177855,162.0479056,3284.613018,-3446.84707,LLL
-401.0247731,187.8036985,213.1997751,39.89265507,3348.439102,-3388.517902,LLL
-400.3658828,176.5732182,223.7713654,-82.30208588,3408.96052,-3326.844577,LLL
-399.3119378,165.1685115,234.1221274,-204.4155613,3466.117709,-3261.888289,LLL
-397.8639763,153.6008356,244.2418421,-326.3274242,3519.854099,-3193.712814,LLL
-396.0234291,141.8816042,254.1205266,-447.9171983,3570.116821,-3122.38576,LLL
-393.7921108,130.0223849,263.7484279,-569.0650529,3616.856108,-3047.977192,LLL
-391.1722253,118.0348792,273.1160483,-689.6512662,3660.025999,-2970.560868,LLL
-388.1663562,105.9309195,282.2141392,-809.5569974,3699.583727,-2890.212862,LLL
-384.7774718,93.72244878,291.0337258,-928.663751,3735.490415,-2807.012795,LLL
-381.0089147,81.42151738,299.5661003,-1046.854146,3767.710466,-2721.042449,LLL
-376.8644058,69.04026288,307.8028463,-1164.01138,3796.212244,-2632.386992,LLL
-372.3480334,56.59090601,315.735831,-1280.019995,3820.96746,-2541.133591,LLL
-367.4642566,44.08573087,323.3572296,-1394.765343,3841.951845,-2447.372626,LLL
-362.217893,31.53708045,330.6595167,-1508.134345,3859.144528,-2351.196305,LLL
-356.6141222,18.95733687,337.6354898,-1620.014959,3872.528704,-2252.699865,LLL
-350.6584724,6.358916699,344.2782605,-1730.296934,3882.091003,-2151.980188,LLL
-344.3568231,-6.24574883,350.581277,-1838.871273,3887.822149,-2049.136994,LLL
-337.7153914,-18.84421854,356.5383153,-1945.630987,3889.716326,-1944.271454,LLL
-330.7407335,-31.42406115,362.1435002,-2050.470557,3887.771824,-1837.487381,LLL
-323.4397305,-43.97286,367.3912963,-2153.286678,3881.990402,-1728.889836,LLL
-315.8195896,-56.47823281,372.2765285,-2253.977725,3872.377927,-1618.586311,LLL
-307.8878291,-68.92783641,376.7943719,-2352.444487,3858.943723,-1506.685345,LLL
-299.6522785,-81.30938642,380.9403716,-2448.589629,3841.70121,-1393.297688,LLL
-291.1210634,-93.61066188,384.7104323,-2542.318427,3820.667244,-1278.534921,LLL
-282.3026051,-105.8195248,388.1008372,-2633.538224,3795.862741,-1162.510621,LLL
-273.2056043,-117.9239246,391.1082365,-2722.159154,3767.312023,-1045.338971,LLL
-263.8390407,-129.9119176,393.7296661,-2808.093601,3735.043424,-927.1359222,LLL
-254.2121559,-141.7716712,395.9625352,-2891.256917,3699.08863,-808.0178108,LLL
-244.3344525,-153.4914831,397.804644,-2971.566872,3659.483284,-688.1025081,LLL
-234.2156767,-165.0597855,399.2541708,-3048.944366,3616.266312,-567.5080399,LLL
-223.8658163,-176.4651636,400.3096889,-3123.312881,3569.480523,-446.3537342,LLL
-213.2950835,-187.6963599,400.9701527,-3194.59918,3519.17193,-324.7588402,LLL
-202.5139123,-198.7422925,401.2349143,-3262.732756,3465.39034,-202.8436724,LLL
-191.5329405,-209.5920584,401.1037087,-3327.646526,3408.188671,-80.72823183,LLL
-180.3630069,-220.2349521,400.576669,-3389.276272,3347.623532,41.46665427,LLL
-169.0151329,-230.6604684,399.6543117,-3447.561327,3283.754536,163.6207079,LLL
-157.5005194,-240.8583206,398.3375507,-3502.444017,3216.64487,285.6130646,LLL
-145.8305281,-250.8184428,396.6276818,-3553.870334,3146.360609,407.3236453,LLL
-134.0166777,-260.5310072,394.5263962,-3601.789372,3072.971269,528.6320242,LLL
-122.0706253,-269.986427,392.0357638,-3646.153994,2996.549121,649.4187964,LLL
-110.0041618,-279.1753726,389.1582463,-3686.920264,2917.169741,769.5644484,LLL
-97.8291938,-288.0887739,385.8966798,-3724.048106,2834.91131,888.950722,LLL
-85.55773817,-296.7178362,382.2542867,-3757.500722,2749.855164,1007.459487,LLL
-73.20190357,-305.0540418,378.2346579,-3787.245256,2662.085087,1124.974099,LLL
-60.77388556,-313.0891657,373.8417641,-3813.252197,2571.687852,1241.378277,LLL
-48.28594725,-320.8152764,369.0799368,-3835.496035,2478.752517,1356.557451,LLL
-35.75041457,-328.224751,363.9538791,-3853.954663,2383.370951,1470.397647,LLL
-23.17965674,-335.3102755,358.468646,-3868.610019,2285.637131,1582.786825,LLL
-10.58608141,-342.064859,352.6296544,-3879.447486,2185.647661,1693.613763,LLL
2.01788491,-348.4818338,346.4426632,-3886.456522,2083.501066,1802.769396,LLL
14.6198018,-354.5548689,339.9137817,-3889.630057,1979.298306,1910.145693,LLL
27.20723451,-360.2779692,333.0494496,-3888.965112,1873.142062,2015.636994,LLL
39.76775896,-365.6454885,325.8564447,-3884.462191,1765.137252,2119.138885,LLL
52.28898122,-370.6521279,318.3418621,-3876.125889,1655.390309,2220.549528,LLL
64.75854256,-375.2929482,310.5131213,-3863.964282,1544.009694,2319.768537,LLL
77.16413883,-379.5633676,302.3779448,-3847.989524,1431.105174,2416.6983,LLL
89.4935254,-383.4591737,293.9443646,-3828.217227,1316.788324,2511.242856,LLL
101.7345365,-386.9765199,285.2207,-3804.667057,1201.171808,2603.309203,LLL
113.8750898,-390.1119368,276.2155639,-3777.362103,1084.369879,2692.80618,LLL
125.903206,-392.8623284,266.9378396,-3746.329463,966.4976535,2779.645768,LLL
137.8070129,-395.2249821,257.3966866,-3711.599612,847.6716089,2863.741962,LLL
149.5747647,-397.1975645,247.6015175,-3673.206974,728.0088611,2945.012074,LLL
161.1948463,-398.7781307,237.5620023,-3631.189288,607.6276536,3023.375597,LLL
172.6557918,-399.965119,227.2880454,-3585.58817,486.6466376,3098.755497,LLL
183.9462889,-400.7573598,216.7897895,-3536.448474,365.1853571,3171.077083,LLL
195.055197,-401.1540696,206.0775914,-3483.818844,243.3635295,3240.269283,LLL
205.9715511,-401.1548585,195.1620265,-3427.751069,121.3015282,3306.263511,LLL
216.68458,-400.7597241,184.0538634,-3368.300631,-0.880336028,3368.994939,LLL
227.1837094,-399.969058,172.7640682,-3305.526051,-123.0613349,3428.40136,LLL
237.4585797,-398.7836388,161.303779,-3239.48943,-245.1210399,3484.424446,LLL
247.499049,-397.204638,149.6843093,-3170.255788,-366.9388438,3537.008609,LLL
257.2952104,-395.2336123,137.9171224,-3097.8936,-488.3946758,3586.102255,LLL
266.8373945,-392.8725086,126.0138348,-3022.474129,-609.3685252,3631.656635,LLL
276.1161861,-390.1236551,113.98619,-2944.071954,-729.7411537,3673.62709,LLL
285.1224264,-386.9897665,101.8460614,-2862.764301,-849.3936199,3711.971905,LLL
293.8472291,-383.4739338,89.60542635,-2778.631557,-968.2079893,3746.653532,LLL
302.281982,-379.5796284,77.27636831,-2691.756605,-1086.066859,3777.637451,LLL
310.4183629,-375.3106918,64.8710511,-2602.225326,-1202.854063,3804.893379,LLL
318.2483403,-370.6713386,52.40172077,-2510.125931,-1318.4542,3828.394122,LLL
325.7641888,-365.6661456,39.88067956,-2415.549456,-1432.753334,3848.116783,LLL
332.9584894,-360.3000541,27.3202877,-2318.589092,-1545.638518,3864.041604,LLL
339.824144,-354.578358,14.73293731,-2219.340672,-1656.998495,3876.153162,LLL
346.3543752,-348.5067056,2.131054048,-2117.901996,-1766.723219,3884.439213,LLL
352.5427402,-342.0910873,-10.472929,-2014.373318,-1874.704552,3888.89187,LLL
358.3831301,-335.3378361,-23.06656978,-1908.856664,-1980.835783,3889.506448,LLL
363.8697828,-328.2536151,-35.63744333,-1801.456309,-2085.01232,3886.282632,LLL
368.9972821,-320.8454171,-48.17314027,-1692.278101,-2187.131206,3879.223312,LLL
373.7605693,-313.1205515,-60.66129283,-1581.429931,-2287.091809,3868.335746,LLL
378.1549421,-305.0866435,-73.08957327,-1469.021046,-2384.795334,3853.630388,LLL
382.1760653,-296.7516199,-85.44571981,-1355.162526,-2480.145504,3835.122041,LLL
385.8199689,-288.1237081,-97.71753499,-1239.966591,-2573.048076,3812.828679,LLL
389.0830585,-279.211421,-109.8929114,-1123.54707,-2663.411511,3786.772594,LLL
391.9621122,-270.0235557,-121.9598301,-1006.01871,-2751.146486,3756.979211,LLL
394.4542903,-260.5691778,-133.9063859,-887.4976414,-2836.166562,3723.47822,LLL
396.5571318,-250.8576194,-145.7207854,-768.100687,-2918.38769,3686.302396,LLL
398.2685629,-240.8984628,-157.3913728,-647.9458208,-2997.728872,3645.488713,LLL
399.5868931,-230.7015384,-168.9066272,-527.1514773,-3074.111663,3601.077163,LLL
400.5108231,-220.2769074,-180.2551878,-405.8370094,-3147.460828,3553.111861,LLL
401.0394392,-209.6348596,-191.4258516,-284.1219967,-3217.703835,3501.639858,LLL
401.1722216,-198.7858954,-202.4075978,-162.1267002,-3284.771507,3446.712235,LLL
400.9090375,-187.7407234,-213.1895854,-39.97137165,-3348.597512,3388.382913,LLL
400.2501483,-176.510242,-223.7611774,82.22329371,-3409.119006,3326.709743,LLL
399.1962026,-165.1055361,-234.1119373,204.3368469,-3466.276118,3261.753303,LLL
397.7482422,-153.5378591,-244.2316537,326.2486345,-3520.012582,3193.577982,LLL
395.9076944,-141.8186284,-254.1103362,447.8384861,-3570.275227,3122.250777,LLL
393.6763771,-129.959408,-263.7382391,568.9862656,-3617.01459,3047.842362,LLL
391.0564909,-117.9719031,-273.1058575,689.5725562,-3660.184403,2970.425887,LLL
388.0506229,-105.8679423,-282.20395,809.4782125,-3699.742206,2890.078035,LLL
384.6617378,-93.65947229,-291.0235346,928.5850432,-3735.648817,2806.877817,LLL
380.8931818,-81.35853982,-299.5559108,1046.775363,-3767.868942,2720.907624,LLL
376.7486722,-68.97728604,-307.7926547,1163.932674,-3796.370643,2632.252016,LLL
372.232301,-56.5279281,-315.7256411,1279.941215,-3821.125934,2540.998767,LLL
367.3485234,-44.02275367,-323.3470377,1394.686639,-3842.110242,2447.237653,LLL
362.1021609,-31.47410219,-330.6493264,1508.055568,-3859.303,2351.061484,LLL
356.4983894,-18.89435932,-337.6252975,1619.936258,-3872.687099,2252.564895,LLL
350.5427408,-6.295938085,-344.2680698,1730.218159,-3882.249472,2151.845369,LLL
344.2410908,6.308726733,-350.5710844,1838.792574,-3887.980542,2049.002026,LLL
337.5996602,18.9071975,-356.5281242,1945.552214,-3889.874792,1944.136637,LLL
330.6250015,31.48703941,-362.1333072,2050.39186,-3887.930214,1837.352415,LLL
323.3239996,44.03583931,-367.3811049,2153.207908,-3882.148866,1728.755021,LLL
315.7038581,56.54121142,-372.2663352,2253.899031,-3872.536315,1618.451348,LLL
307.7720986,68.99081607,-376.7841801,2352.365719,-3859.102185,1506.550532,LLL
299.5365473,81.37236538,-380.9301779,2448.510937,-3841.859596,1393.162727,LLL
291.0053334,93.67364189,-384.7002402,2542.239662,-3820.825703,1278.400111,LLL
282.1868744,105.8825041,-388.0906431,2633.459533,-3796.021125,1162.375663,LLL
273.0898747,117.9869049,-391.098044,2722.080391,-3767.47048,1045.204162,LLL
263.7233104,129.9748972,-393.7194716,2808.014913,-3735.201806,927.0009669,LLL
254.0964267,141.8346519,-395.9523423,2891.178157,-3699.247085,807.8830045,LLL
244.2187226,153.5544631,-397.7944492,2971.488186,-3659.641663,687.9675554,LLL
234.0999479,165.1227665,-399.2439776,3048.865608,-3616.424764,567.3732357,LLL
223.7500868,176.528144,-400.2994937,3123.234197,-3569.6389,446.218784,LLL
213.1793551,187.7593414,-400.9599591,3194.520424,-3519.330379,324.6240381,LLL
202.3981833,198.8052732,-401.2247188,3262.654075,-3465.548715,202.7087247,LLL
191.4172125,209.6550401,-401.0935147,3327.567773,-3408.347118,80.59343187,LLL
180.2472782,220.2979331,-400.5664731,3389.197592,-3347.781904,-41.60159942,LLL
168.8994053,230.7234506,-399.6441173,3447.482576,-3283.91298,-163.7555057,LLL
157.3847911,240.9213021,-398.3273544,3502.36534,-3216.803241,-285.7480072,LLL
145.7148009,250.8814252,-396.6174871,3553.791586,-3146.519051,-407.4584411,LLL
133.9009499,260.593989,-394.5161995,3601.710697,-3073.129637,-528.7669643,LLL
121.9548985,270.0494098,-392.0255687,3646.075248,-2996.707561,-649.55359,LLL
109.8884344,279.2383548,-389.1480493,3686.841592,-2917.328107,-769.6993859,LLL
97.7134674,288.1517571,-385.8864843,3723.969362,-2835.069747,-889.0855135,LLL
85.44201111,296.7808187,-382.2440893,3757.422052,-2750.013528,-1007.594422,LLL
73.08617758,305.1170253,-378.2244621,3787.166514,-2662.243522,-1125.108889,LLL
60.65815891,313.1521485,-373.8315664,3813.173529,-2571.846214,-1241.513209,LLL
48.17022166,320.8782603,-369.0697406,3835.417296,-2478.910949,-1356.692239,LLL
35.63468833,328.2877342,-363.943681,3853.875997,-2383.529311,-1470.532577,LLL
23.06393156,335.3732597,-358.4584494,3868.531282,-2285.795561,-1582.92161,LLL
10.47035558,342.1278425,-352.6194559,3879.368822,-2185.806018,-1693.748691,LLL
-2.133609691,348.5448184,-346.4324662,3886.377788,-2083.659494,-1802.904179,LLL
-14.73552723,354.6178528,-339.9035829,3889.551395,-1979.456661,-1910.280618,LLL
-27.32295889,360.3409542,-333.0392523,3888.88638,-1873.300487,-2015.771775,LLL
-39.88348397,365.7084728,-325.8462455,3884.383531,-1765.295604,-2119.273807,LLL
-52.40470519,370.7151132,-318.3316644,3876.04716,-1655.548732,-2220.684306,LLL
-64.87426717,375.3559328,-310.5029218,3863.885625,-1544.168045,-2319.903457,LLL
-77.2798624,379.6263533,-302.3677468,3847.910797,-1431.263595,-2416.833077,LLL
-89.6092496,383.5221587,-293.9341647,3828.138572,-1316.946672,-2511.377773,LLL
-101.8502596,387.0395059,-285.2105016,3804.588332,-1201.330226,-2603.443978,LLL
-113.9908136,390.1749222,-276.2053636,3777.28345,-1084.528225,-2692.941095,LLL
-126.0189287,392.9253147,-266.9276407,3746.250741,-966.6560689,-2779.78054,LLL
-137.9227363,395.2879678,-257.386486,3711.520961,-847.8299526,-2863.876875,LLL
-149.6904871,397.2605512,-247.5913183,3673.128254,-728.1672741,-2945.146844,LLL
-161.3105693,398.8411167,-237.5518013,3631.110639,-607.7859952,-3023.510507,LLL
-172.7715137,400.028106,-227.2778459,3585.509453,-486.8050482,-3098.890266,LLL
-184.0620114,400.8203462,-216.7795881,3536.369828,-365.3436964,-3171.211991,LLL
-195.1709185,401.217057,-206.0673915,3483.740129,-243.5219376,-3240.404049,LLL
-206.0872733,401.2178452,-195.1518247,3427.672425,-121.4598653,-3306.398415,LLL
-216.8003012,400.8227118,-184.0436632,3368.221918,0.721930347,-3369.129703,LLL
-227.2994312,400.0320451,-172.7538661,3305.44741,122.9030001,-3428.536262,LLL
-237.5743004,398.8466268,-161.2935784,3239.41072,244.9626367,-3484.559207,LLL
-247.6147703,397.2676255,-149.6741068,3170.177149,366.7805112,-3537.143509,LLL
-257.4109307,395.2966008,-137.9069214,3097.814892,488.236275,-3586.237014,LLL
-266.9531155,392.9354963,-126.003632,3022.395492,609.2101948,-3631.791532,LLL
-276.2319061,390.1866439,-113.9759886,2943.993249,729.5827553,-3673.761848,LLL
-285.238147,387.0527547,-101.8358582,2862.685666,849.2352918,-3712.106799,LLL
-293.9629486,383.5369229,-89.59522458,2778.552854,968.0495933,-3746.788288,LLL
-302.3977021,379.6426169,-77.26616472,2691.677972,1085.908533,-3777.772343,LLL
-310.534082,375.3736812,-64.86084896,2602.146626,1202.695669,-3805.028132,LLL
-318.36406,370.7343274,-52.39151682,2510.0473,1318.295876,-3828.529011,LLL
-325.8799075,365.7291355,-39.87047705,2415.470758,1432.594943,-3848.251534,LLL
-333.0742088,360.3630433,-27.31008338,2318.510463,1545.480196,-3864.176491,LLL
-339.9398623,354.6413482,-14.72273443,2219.261976,1656.840106,-3876.287911,LLL
-346.4700941,348.5696952,-2.12084937,2117.823369,1766.5649,-3884.574097,LLL
-352.6584581,342.1540778,10.48313225,2014.294625,1874.546166,-3889.026617,LLL
-358.4988486,335.400826,23.07677482,1908.778039,1980.677466,-3889.64133,LLL
-363.9855003,328.3166059,35.64764695,1801.377618,2084.853936,-3886.417377,LLL
-369.1130002,320.9084074,48.18334568,1692.19948,2186.972891,-3879.358192,LLL
-373.8762864,313.1835427,60.67149682,1581.351242,2286.933427,-3868.470489,LLL
-378.2706598,305.1496341,73.09977904,1468.942426,2384.637021,-3853.765265,LLL
-382.291782,296.8146115,85.45592417,1355.08384,2479.987125,-3835.256781,LLL
-385.9356862,288.186699,97.72774113,1239.887974,2572.889766,-3812.963553,LLL
-389.1987748,279.2744129,109.9031162,1123.468386,2663.253134,-3786.907333,LLL
-392.0778291,270.086547,121.9700366,1005.940094,2750.988178,-3757.114083,LLL
-394.5700062,260.6321701,133.9165909,887.41896,2836.008188,-3723.612957,LLL
-396.6728482,250.920611,145.7309923,768.0220739,2918.229384,-3686.437265,LLL
-398.3842784,240.9614555,157.4015783,647.8671418,2997.5705,-3645.623447,LLL
-399.7026092,230.7645304,168.9168344,527.0728664,3073.95336,-3601.21203,LLL
-400.6265381,220.3399004,180.2653936,405.7583329,3147.302459,-3553.246593,LLL
-401.1551549,209.6978519,191.4360592,284.043388,3217.545534,-3501.774722,LLL
-401.2879363,198.8488888,202.417804,162.048026,3284.61314,-3446.846964,LLL
-401.0247528,187.8037161,213.1997934,39.89276519,3348.439213,-3388.517775,LLL
-400.3658626,176.5732357,223.7713839,-82.30196549,3408.960642,-3326.844471,LLL
-399.3119175,165.1685292,234.1221456,-204.4154512,3466.117821,-3261.888163,LLL
-397.8639561,153.6008531,244.2418606,-326.3273038,3519.85422,-3193.712708,LLL
-396.0234088,141.8816218,254.1205448,-447.9170882,3570.116932,-3122.385634,LLL
-393.7920906,130.0224024,263.7484464,-569.0649325,3616.85623,-3047.977086,LLL
-391.172205,118.0348969,273.1160665,-689.651156,3660.026111,-2970.560741,LLL
-388.166336,105.930937,282.2141577,-809.556877,3699.583849,-2890.212756,LLL
-384.7774515,93.72246642,291.0337441,-928.6636408,3735.490527,-2807.012669,LLL
-381.0088944,81.4215349,299.5661188,-1046.854026,3767.710587,-2721.042343,LLL
-376.8643855,69.04028052,307.8028645,-1164.011269,3796.212356,-2632.386865,LLL
-372.3480132,56.59092353,315.7358495,-1280.019875,3820.967581,-2541.133485,LLL
-367.4642362,44.0857485,323.3572478,-1394.765232,3841.951956,-2447.3725,LLL
-362.2178728,31.53709797,330.6595352,-1508.134225,3859.14465,-2351.196199,LLL
-356.6141018,18.9573545,337.635508,-1620.014849,3872.528816,-2252.699739,LLL
-350.6584522,6.358934216,344.278279,-1730.296814,3882.091125,-2151.980082,LLL
-344.3568028,-6.245731195,350.5812953,-1838.871162,3887.822261,-2049.136867,LLL
-337.7153712,-18.84420102,356.5383338,-1945.630866,3889.716447,-1944.271348,LLL
-330.7407131,-31.42404352,362.1435185,-2050.470446,3887.771936,-1837.487255,LLL
-323.4397102,-43.97284248,367.3913148,-2153.286558,3881.990524,-1728.889729,LLL
-315.8195692,-56.47821517,372.2765468,-2253.977615,3872.378038,-1618.586185,LLL
-307.8878088,-68.92781889,376.7943904,-2352.444367,3858.943845,-1506.685238,LLL
-299.6522581,-81.30936879,380.9403899,-2448.589519,3841.701322,-1393.297561,LLL
-291.1210432,-93.61064436,384.7104508,-2542.318307,3820.667365,-1278.534815,LLL
-282.3025847,-105.8195071,388.1008554,-2633.538113,3795.862853,-1162.510495,LLL
-273.2055841,-117.9239071,391.108255,-2722.159034,3767.312145,-1045.338864,LLL
-263.8390204,-129.9118999,393.7296844,-2808.093491,3735.043536,-927.1357961,LLL
-254.2121357,-141.7716536,395.9625537,-2891.256797,3699.088752,-808.0177044,LLL
-244.3344322,-153.4914655,397.8046623,-2971.566762,3659.483396,-688.102382,LLL
-234.2156565,-165.0597679,399.2541893,-3048.944246,3616.266434,-567.5079335,LLL
-223.865796,-176.465146,400.3097071,-3123.312771,3569.480634,-446.3536081,LLL
-213.2950633,-187.6963424,400.9701712,-3194.59906,3519.172051,-324.7587338,LLL
-202.513892,-198.7422748,401.2349326,-3262.732646,3465.390451,-202.8435464,LLL
-191.5329203,-209.5920409,401.1037272,-3327.646406,3408.188792,-80.7281254,LLL
-180.3629865,-220.2349344,400.5766873,-3389.276161,3347.623643,41.46678028,LLL
-169.0151127,-230.6604509,399.6543302,-3447.561207,3283.754657,163.6208144,LLL
-157.5004991,-240.858303,398.337569,-3502.443907,3216.644982,285.6131906,LLL
-145.8305079,-250.8184252,396.6277003,-3553.870214,3146.36073,407.3237518,LLL
-134.0166574,-260.5309896,394.5264144,-3601.789261,3072.97138,528.6321502,LLL
-122.070605,-269.9864095,392.0357822,-3646.153874,2996.549242,649.4189029,LLL
-110.0041415,-279.175355,389.1582645,-3686.920154,2917.169852,769.5645743,LLL
-97.82917357,-288.0887564,385.8966982,-3724.047986,2834.911432,888.9508285,LLL
-85.55771782,-296.7178185,382.2543049,-3757.500612,2749.855276,1007.459613,LLL
-73.20188334,-305.0540242,378.2346764,-3787.245136,2662.085208,1124.974206,LLL
-60.77386522,-313.089148,373.8417824,-3813.252087,2571.687964,1241.378402,LLL
-48.28592703,-320.8152589,369.0799553,-3835.495915,2478.752638,1356.557558,LLL
-35.75039423,-328.2247334,363.9538973,-3853.954553,2383.371063,1470.397773,LLL
-23.17963651,-335.310258,358.4686644,-3868.609899,2285.637252,1582.786932,LLL
-10.58606107,-342.0648413,352.6296727,-3879.447375,2185.647773,1693.613889,LLL
2.017905138,-348.4818163,346.4426817,-3886.456402,2083.501188,1802.769503,LLL
14.61982214,-354.5548513,339.9138,-3889.629947,1979.298418,1910.145819,LLL
27.20725474,-360.2779517,333.0494681,-3888.964992,1873.142183,2015.637101,LLL
39.7677793,-365.6454709,325.856463,-3884.46208,1765.137363,2119.139011,LLL
52.28900145,-370.6521104,318.3418806,-3876.125769,1655.390431,2220.549634,LLL
64.7585629,-375.2929305,310.5131396,-3863.964172,1544.009806,2319.768663,LLL
77.16415906,-379.5633501,302.3779633,-3847.989404,1431.105296,2416.698407,LLL
89.49354574,-383.4591561,293.9443829,-3828.217117,1316.788436,2511.242982,LLL
101.7345567,-386.9765024,285.2207185,-3804.666937,1201.17193,2603.30931,LLL
113.8751101,-390.1119192,276.2155821,-3777.361993,1084.369991,2692.806306,LLL
125.9032262,-392.8623109,266.937858,-3746.329343,966.4977748,2779.645874,LLL
137.8070332,-395.2249645,257.3967049,-3711.599501,847.6717208,2863.742088,LLL
149.5747849,-397.197547,247.601536,-3673.206854,728.0089824,2945.012181,LLL
161.1948666,-398.778113,237.5620206,-3631.189177,607.6277655,3023.375723,LLL
172.655812,-399.9651015,227.2880639,-3585.58805,486.6467589,3098.755604,LLL
183.9463092,-400.7573422,216.7898077,-3536.448363,365.185469,3171.077209,LLL
195.0552172,-401.1540521,206.0776099,-3483.818724,243.3636508,3240.269389,LLL
205.9715715,-401.1548409,195.1620447,-3427.750958,121.3016401,3306.263636,LLL
216.6846002,-400.7597066,184.0538819,-3368.300511,-0.880214756,3368.995046,LLL
227.1837297,-399.9690404,172.7640865,-3305.525941,-123.061223,3428.401486,LLL
237.4585999,-398.7836213,161.3037975,-3239.48931,-245.1209187,3484.424552,LLL
247.4990693,-397.2046204,149.6843275,-3170.255678,-366.9387318,3537.008735,LLL
257.2952306,-395.2335948,137.9171409,-3097.89348,-488.3945546,3586.102362,LLL
266.8374149,-392.8724909,126.0138531,-3022.474019,-609.3684132,3631.65676,LLL
276.1162064,-390.1236376,113.9862085,-2944.071835,-729.7410325,3673.627197,LLL
285.1224468,-386.9897489,101.8460797,-2862.76419,-849.3935079,3711.97203,LLL
293.8472493,-383.4739163,89.60544483,-2778.631438,-968.2078681,3746.653639,LLL
302.2820023,-379.5796108,77.27638656,-2691.756494,-1086.066747,3777.637577,LLL
310.4183831,-375.3106743,64.87106957,-2602.225207,-1202.853942,3804.893486,LLL
318.2483606,-370.671321,52.40173902,-2510.12582,-1318.454088,3828.394247,LLL
325.764209,-365.6661281,39.88069803,-2415.549337,-1432.753213,3848.11689,LLL
332.9585098,-360.3000365,27.32030595,-2318.588981,-1545.638406,3864.041729,LLL
339.8241642,-354.5783405,14.73295578,-2219.340552,-1656.998373,3876.153269,LLL
346.3543955,-348.506688,2.131072304,-2117.901885,-1766.723107,3884.439338,LLL
352.5427604,-342.0910698,-10.47291053,-2014.373199,-1874.704431,3888.891977,LLL
358.3831504,-335.3378185,-23.06655152,-1908.856553,-1980.835671,3889.506573,LLL
363.8698031,-328.2535976,-35.63742486,-1801.45619,-2085.012198,3886.282739,LLL
368.9973024,-320.8453995,-48.17312202,-1692.277991,-2187.131094,3879.223438,LLL
373.7605896,-313.120534,-60.66127436,-1581.429811,-2287.091688,3868.335853,LLL
378.1549624,-305.0866259,-73.08955501,-1469.020935,-2384.795222,3853.630513,LLL
382.1760855,-296.7516024,-85.44570134,-1355.162407,-2480.145383,3835.122148,LLL
385.8199892,-288.1236904,-97.71751674,-1239.96648,-2573.047964,3812.828804,LLL
389.0830787,-279.2114034,-109.892893,-1123.54695,-2663.41139,3786.772701,LLL
391.9621325,-270.023538,-121.9598119,-1006.018599,-2751.146374,3756.979336,LLL
394.4543106,-260.5691603,-133.9063674,-887.4975217,-2836.166441,3723.478328,LLL
396.5571521,-250.8576018,-145.7207672,-768.1005764,-2918.387578,3686.302521,LLL
398.2685831,-240.8984453,-157.3913543,-647.9457012,-2997.728751,3645.48882,LLL
399.5869135,-230.7015208,-168.9066089,-527.1513666,-3074.111551,3601.077288,LLL
400.5108433,-220.2768899,-180.2551693,-405.8368898,-3147.460707,3553.111969,LLL
401.0394596,-209.6348419,-191.4258333,-284.121886,-3217.703723,3501.639983,LLL
401.1722418,-198.7858779,-202.4075793,-162.1265806,-3284.771386,3446.712342,LLL
400.9090578,-187.7407058,-213.1895672,-39.97126096,-3348.5974,3388.383038,LLL
400.2501686,-176.5102245,-223.7611589,82.22341328,-3409.118885,3326.70985,LLL
399.196223,-165.1055185,-234.111919,204.3369576,-3466.276005,3261.753428,LLL
397.7482624,-153.5378415,-244.2316352,326.248754,-3520.012461,3193.57809,LLL
395.9077147,-141.8186108,-254.1103179,447.8385968,-3570.275115,3122.250902,LLL
393.6763974,-129.9593905,-263.7382206,568.9863851,-3617.014469,3047.84247,LLL
391.0565113,-117.9718855,-273.1058392,689.5726669,-3660.184291,2970.426012,LLL
388.0506431,-105.8679248,-282.2039316,809.478332,-3699.742085,2890.078142,LLL
384.6617582,-93.65945468,-291.0235164,928.5851539,-3735.648705,2806.877942,LLL
380.893202,-81.35852231,-299.5558923,1046.775483,-3767.868821,2720.907731,LLL
376.7486926,-68.97726843,-307.7926365,1163.932785,-3796.370531,2632.252141,LLL
372.2323212,-56.5279106,-315.7256226,1279.941334,-3821.125813,2540.998875,LLL
367.3485437,-44.02273606,-323.3470194,1394.68675,-3842.11013,2447.237778,LLL
362.1021811,-31.47408469,-330.649308,1508.055687,-3859.302879,2351.061591,LLL
356.4984097,-18.89434171,-337.6252792,1619.936369,-3872.686987,2252.565019,LLL
350.542761,-6.295920581,-344.2680513,1730.218278,-3882.249351,2151.845476,LLL
344.2411111,6.308744339,-350.5710661,1838.792684,-3887.98043,2049.00215,LLL
337.5996804,18.90721501,-356.5281058,1945.552333,-3889.874671,1944.136745,LLL
330.6250218,31.48705701,-362.133289,2050.39197,-3887.930102,1837.35254,LLL
323.3240198,44.03585681,-367.3810865,2153.208027,-3882.148746,1728.755128,LLL
315.7038784,56.54122902,-372.2663169,2253.899141,-3872.536203,1618.451473,LLL
307.7721188,68.99083357,-376.7841617,2352.365838,-3859.102064,1506.550639,LLL
299.5365677,81.37238299,-380.9301596,2448.511047,-3841.859484,1393.162852,LLL
291.0053536,93.6736594,-384.7002217,2542.239781,-3820.825582,1278.400218,LLL
282.1868947,105.8825217,-388.0906248,2633.459644,-3796.021013,1162.375788,LLL
273.0898949,117.9869224,-391.0980255,2722.08051,-3767.470359,1045.20427,LLL
263.7233307,129.9749148,-393.7194534,2808.015024,-3735.201693,927.0010916,LLL
254.0964469,141.8346694,-395.9523239,2891.178276,-3699.246964,807.883112,LLL
244.218743,153.5544807,-397.794431,2971.488297,-3659.641551,687.96768,LLL
234.0999681,165.122784,-399.2439591,3048.865727,-3616.424643,567.3733433,LLL
223.7501071,176.5281616,-400.2994754,3123.234308,-3569.638788,446.2189086,LLL
213.1793753,187.7593589,-400.9599406,3194.520544,-3519.330259,324.6241457,LLL
202.3982036,198.8052908,-401.2247005,3262.654186,-3465.548602,202.7088493,LLL
191.4172327,209.6550576,-401.0934963,3327.567892,-3408.346997,80.59353948,LLL
180.2472985,220.2979507,-400.5664549,3389.197703,-3347.781792,-41.60147484,LLL
168.8994255,230.7234681,-399.6440989,3447.482696,-3283.91286,-163.7553981,LLL
157.3848115,240.9213197,-398.3273362,3502.365451,-3216.803129,-285.7478827,LLL
145.7148211,250.8814427,-396.6174686,3553.791705,-3146.51893,-407.4583334,LLL
133.9009702,260.5940066,-394.5161813,3601.710808,-3073.129525,-528.7668398,LLL
121.9549187,270.0494273,-392.0255502,3646.075367,-2996.70744,-649.5534823,LLL
109.8884547,279.2383724,-389.148031,3686.841702,-2917.327994,-769.6992614,LLL
97.71348761,288.1517746,-385.8864658,3723.969481,-2835.069627,-889.0854058,LLL
85.44203143,296.7808362,-382.244071,3757.422163,-2750.013415,-1007.594297,LLL
73.08619779,305.1170428,-378.2244436,3787.166634,-2662.243401,-1125.108781,LLL
60.65817923,313.1521661,-373.8315481,3813.17364,-2571.846102,-1241.513085,LLL
48.17024188,320.8782778,-369.0697222,3835.417415,-2478.910829,-1356.692131,LLL
35.63470864,328.2877518,-363.9436627,3853.876108,-2383.529198,-1470.532453,LLL
23.06395177,335.3732772,-358.4584309,3868.531401,-2285.79544,-1582.921502,LLL
10.47037589,342.1278601,-352.6194377,3879.368933,-2185.805906,-1693.748566,LLL
-2.133589477,348.5448359,-346.4324478,3886.377907,-2083.659373,-1802.904071,LLL
-14.73550692,354.6178704,-339.9035646,3889.551506,-1979.456548,-1910.280494,LLL
-27.32293868,360.3409717,-333.0392338,3888.886499,-1873.300367,-2015.771667,LLL
-39.88346366,365.7084904,-325.8462273,3884.383642,-1765.295492,-2119.273683,LLL
-52.40468498,370.7151307,-318.331646,3876.047279,-1655.548611,-2220.684198,LLL
-64.87424686,375.3559504,-310.5029035,3863.885736,-1544.167933,-2319.903332,LLL
-77.27984218,379.6263708,-302.3677283,3847.910916,-1431.263474,-2416.832969,LLL
-89.60922929,383.5221763,-293.9341464,3828.138683,-1316.94656,-2511.377649,LLL
-101.8502394,387.0395234,-285.2104831,3804.588452,-1201.330106,-2603.44387,LLL
-113.9907933,390.1749398,-276.2053453,3777.283561,-1084.528113,-2692.940971,LLL
-126.0189085,392.9253322,-266.9276223,3746.25086,-966.6559483,-2779.780432,LLL
-137.922716,395.2879854,-257.3864677,3711.521072,-847.8298402,-2863.87675,LLL
-149.6904668,397.2605687,-247.5912999,3673.128373,-728.1671535,-2945.146737,LLL
-161.3105489,398.8411343,-237.5517831,3631.11075,-607.7858828,-3023.510383,LLL
-172.7714935,400.0281235,-227.2778275,3585.509572,-486.8049276,-3098.890158,LLL
-184.0619911,400.8203638,-216.7795699,3536.369939,-365.343584,-3171.211866,LLL
-195.1708983,401.2170745,-206.0673731,3483.740248,-243.5218171,-3240.403941,LLL
-206.087253,401.2178628,-195.1518065,3427.672536,-121.4597528,-3306.398291,LLL
-216.8002809,400.8227293,-184.0436447,3368.222038,0.722050867,-3369.129595,LLL
-227.2994109,400.0320627,-172.7538479,3305.447521,122.9031125,-3428.536138,LLL
-237.5742802,398.8466443,-161.2935599,3239.410839,244.9627572,-3484.559099,LLL
-247.61475,397.2676431,-149.6740885,3170.17726,366.7806236,-3537.143385,LLL
-257.4109105,395.2966182,-137.9069029,3097.815011,488.2363955,-3586.236906,LLL
-266.9530952,392.9355139,-126.0036137,3022.395603,609.2103072,-3631.791408,LLL
-276.2318859,390.1866614,-113.9759702,2943.993368,729.5828758,-3673.76174,LLL
-285.2381267,387.0527722,-101.83584,2862.685777,849.2354042,-3712.106675,LLL
-293.9629284,383.5369404,-89.59520614,2778.552973,968.0497138,-3746.78818,LLL
-302.3976818,379.6426345,-77.26614647,2691.678083,1085.908645,-3777.772219,LLL
-310.5340618,375.3736987,-64.86083052,2602.146745,1202.69579,-3805.028024,LLL
-318.3640397,370.734345,-52.39149857,2510.047411,1318.295989,-3828.528887,LLL
-325.8798873,365.729153,-39.87045861,2415.470877,1432.595063,-3848.251426,LLL
-333.0741885,360.3630609,-27.31006513,2318.510574,1545.480309,-3864.176367,LLL
-339.9398421,354.6413657,-14.72271599,2219.262095,1656.840226,-3876.287803,LLL
-346.4700738,348.5697128,-2.120831121,2117.82348,1766.565012,-3884.573973,LLL
-352.6584379,342.1540953,10.48315069,2014.294744,1874.546286,-3889.026509,LLL
-358.4988283,335.4008436,23.07679307,1908.778151,1980.677579,-3889.641206,LLL
-363.9854801,328.3166234,35.64766538,1801.377737,2084.854056,-3886.417269,LLL
-369.1129799,320.9084249,48.18336393,1692.199591,2186.973004,-3879.358068,LLL
-373.8762662,313.1835602,60.67151525,1581.351361,2286.933548,-3868.470381,LLL
-378.2706395,305.1496517,73.09979729,1468.942537,2384.637134,-3853.765141,LLL
-382.2917618,296.814629,85.4559426,1355.083959,2479.987246,-3835.256673,LLL
-385.9356659,288.1867166,97.72775938,1239.888085,2572.889878,-3812.96343,LLL
-389.1987546,279.2744304,109.9031346,1123.468505,2663.253255,-3786.907224,LLL
-392.0778088,270.0865646,121.9700549,1005.940205,2750.988291,-3757.113959,LLL
-394.569986,260.6321876,133.9166094,887.4190789,2836.008308,-3723.612848,LLL
-396.6728279,250.9206286,145.7310105,768.0221851,2918.229497,-3686.437141,LLL
-398.3842582,240.961473,157.4015967,647.8672607,2997.57062,-3645.623339,LLL
-399.7025889,230.764548,168.9168527,527.0729775,3073.953473,-3601.211906,LLL
-400.6265179,220.3399179,180.2654121,405.7584517,3147.302579,-3553.246485,LLL
-401.1551346,209.6978695,191.4360774,284.0434992,3217.545646,-3501.774598,LLL
-401.2879161,198.8489063,202.4178224,162.0481449,3284.61326,-3446.846856,LLL
-401.0247325,187.8037337,213.1998117,39.89287634,3348.439326,-3388.517651,LLL
-400.3658424,176.5732532,223.7714024,-82.30184663,3408.960762,-3326.844363,LLL
-399.3118972,165.1685468,234.1221639,-204.41534,3466.117933,-3261.888039,LLL
-397.8639359,153.6008706,244.241879,-326.327185,3519.854341,-3193.7126,LLL
-396.0233885,141.8816394,254.1205631,-447.916977,3570.117045,-3122.38551,LLL
-393.7920704,130.0224199,263.7484648,-569.0648137,3616.856351,-3047.976977,LLL
-391.1721847,118.0349145,273.1160848,-689.6510448,3660.026224,-2970.560618,LLL
-388.1663157,105.9309545,282.2141761,-809.5567582,3699.583969,-2890.212648,LLL
-384.7774312,93.722484,291.0337623,-928.6635296,3735.490639,-2807.012545,LLL
-381.0088742,81.42155239,299.5661373,-1046.853907,3767.710708,-2721.042235,LLL
-376.8643652,69.0402981,307.8028828,-1164.011158,3796.212468,-2632.386742,LLL
-372.347993,56.59094102,315.735868,-1280.019756,3820.967702,-2541.133376,LLL
-367.4642159,44.08576608,323.3572661,-1394.765121,3841.952069,-2447.372376,LLL
-362.2178526,31.53711546,330.6595536,-1508.134106,3859.14477,-2351.19609,LLL
-356.6140815,18.95737208,337.6355263,-1620.014738,3872.528928,-2252.699615,LLL
-350.658432,6.358951705,344.2782974,-1730.296695,3882.091245,-2151.979973,LLL
-344.3567825,-6.245713617,350.5813135,-1838.871051,3887.822374,-2049.136744,LLL
-337.715351,-18.84418353,356.5383522,-1945.630748,3889.716568,-1944.27124,LLL
-330.7406928,-31.42402594,362.1435367,-2050.470335,3887.772048,-1837.487131,LLL
-323.43969,-43.97282499,367.3913333,-2153.286439,3881.990644,-1728.889621,LLL
-315.8195489,-56.4781976,372.276565,-2253.977504,3872.378151,-1618.586062,LLL
-307.8877886,-68.9278014,376.7944088,-2352.444248,3858.943965,-1506.68513,LLL
-299.6522378,-81.30935121,380.9404081,-2448.589408,3841.701434,-1393.297438,LLL
-291.121023,-93.61062687,384.7104692,-2542.318188,3820.667485,-1278.534706,LLL
-282.3025645,-105.8194896,388.1008737,-2633.538002,3795.862966,-1162.510371,LLL
-273.2055639,-117.9238896,391.1082734,-2722.158915,3767.312265,-1045.338756,LLL
-263.8390001,-129.9118824,393.7297026,-2808.09338,3735.043648,-927.1356727,LLL
-254.2121155,-141.7716362,395.9625721,-2891.256679,3699.088872,-808.0175959,LLL
-244.3344119,-153.4914479,397.8046805,-2971.56665,3659.483508,-688.1022586,LLL
-234.2156363,-165.0597505,399.2542077,-3048.944128,3616.266554,-567.507825,LLL
-223.8657757,-176.4651284,400.3097254,-3123.312659,3569.480747,-446.3534848,LLL
-213.2950431,-187.6963249,400.9701896,-3194.598942,3519.172171,-324.7586252,LLL
-202.5138717,-198.7422573,401.2349509,-3262.732535,3465.390564,-202.843423,LLL
-191.5329001,-209.5920234,401.1037456,-3327.646288,3408.188913,-80.72801678,LLL
-180.3629663,-220.2349169,400.5767055,-3389.27605,3347.623756,41.4669036,LLL
-169.0150925,-230.6604334,399.6543486,-3447.561089,3283.754777,163.620923,LLL
-157.5004788,-240.8582854,398.3375872,-3502.443795,3216.645095,285.6133139,LLL
-145.8304877,-250.8184078,396.6277187,-3553.870096,3146.36085,407.3238605,LLL
-134.0166371,-260.530972,394.5264327,-3601.78915,3072.971493,528.6322735,LLL
-122.0705848,-269.986392,392.0358007,-3646.153756,2996.549362,649.4190115,LLL
-110.0041212,-279.1753374,389.1582828,-3686.920043,2917.169965,769.5646975,LLL
-97.82915337,-288.0887389,385.8967167,-3724.047867,2834.911552,888.9509372,LLL
-85.55769754,-296.717801,382.2543232,-3757.500501,2749.855388,1007.459736,LLL
-73.20186314,-305.0540068,378.2346948,-3787.245017,2662.085328,1124.974314,LLL
-60.77384493,-313.0891305,373.8418006,-3813.251975,2571.688077,1241.378526,LLL
-48.28590683,-320.8152414,369.0799737,-3835.495796,2478.752758,1356.557667,LLL
-35.75037394,-328.2247158,363.9539156,-3853.954441,2383.371176,1470.397896,LLL
-23.17961631,-335.3102405,358.4686829,-3868.60978,2285.637372,1582.78704,LLL
-10.58604078,-342.0648238,352.6296909,-3879.447264,2185.647886,1693.614012,LLL
2.017925337,-348.4817988,346.4427001,-3886.456283,2083.501308,1802.769612,LLL
14.61984243,-354.5548337,339.9138182,-3889.629835,1979.29853,1910.145942,LLL
27.20727494,-360.2779343,333.0494865,-3888.964874,1873.142303,2015.63721,LLL
39.76779958,-365.6454533,325.8564812,-3884.461969,1765.137476,2119.139134,LLL
52.28902164,-370.6520929,318.341899,-3876.125651,1655.390551,2220.549743,LLL
64.75858318,-375.292913,310.5131578,-3863.96406,1544.009919,2319.768786,LLL
77.16417925,-379.5633327,302.3779817,-3847.989285,1431.105416,2416.698516,LLL
89.49356602,-383.4591385,293.9444011,-3828.217005,1316.788549,2511.243105,LLL
101.7345769,-386.9764849,285.2207369,-3804.666819,1201.17205,2603.309419,LLL
113.8751304,-390.1119017,276.2156004,-3777.361881,1084.370104,2692.806429,LLL
125.9032464,-392.8622934,266.9378764,-3746.329225,966.4978947,2779.645983,LLL
137.8070535,-395.2249469,257.3967231,-3711.59939,847.6718336,2863.742211,LLL
149.5748051,-397.1975295,247.6015544,-3673.206736,728.0091023,2945.01229,LLL
161.1948869,-398.7780955,237.5620388,-3631.189066,607.6278784,3023.375846,LLL
172.6558322,-399.965084,227.2880823,-3585.587932,486.6468788,3098.755713,LLL
183.9463295,-400.7573246,216.789826,-3536.448252,365.1855818,3171.077332,LLL
195.0552374,-401.1540346,206.0776283,-3483.818605,243.3637706,3240.269498,LLL
205.9715917,-401.1548233,195.162063,-3427.750847,121.301753,3306.263759,LLL
216.6846204,-400.7596891,184.0539003,-3368.300393,-0.880094904,3368.995155,LLL
227.18375,-399.9690228,172.7641047,-3305.52583,-123.0611101,3428.401608,LLL
237.4586201,-398.7836038,161.3038159,-3239.489192,-245.1207988,3484.424661,LLL
247.4990896,-397.2046029,149.6843458,-3170.255566,-366.9386189,3537.008858,LLL
257.2952508,-395.2335773,137.9171593,-3097.893362,-488.3944347,3586.102471,LLL
266.8374352,-392.8724734,126.0138713,-3022.473907,-609.3683003,3631.656883,LLL
276.1162266,-390.1236201,113.9862269,-2944.071716,-729.7409126,3673.627306,LLL
285.122467,-386.9897313,101.8460979,-2862.764079,-849.393395,3711.972153,LLL
293.8472695,-383.4738988,89.60546323,-2778.631319,-968.2077483,3746.653748,LLL
302.2820226,-379.5795932,77.2764048,-2691.756383,-1086.066634,3777.637699,LLL
310.4184033,-375.3106568,64.87108798,-2602.225088,-1202.853822,3804.893595,LLL
318.2483809,-370.6713034,52.40175727,-2510.125709,-1318.453975,3828.39437,LLL
325.7642292,-365.6661106,39.88071643,-2415.549218,-1432.753093,3848.116999,LLL
332.9585301,-360.3000189,27.32032419,-2318.58887,-1545.638293,3864.041852,LLL
339.8241844,-354.578323,14.73297418,-2219.340433,-1656.998254,3876.153378,LLL
346.3544158,-348.5066705,2.131090544,-2117.901774,-1766.722994,3884.439461,LLL
352.5427806,-342.0910523,-10.47289213,-2014.37308,-1874.704311,3888.892086,LLL
358.3831707,-335.3378009,-23.06653328,-1908.856441,-1980.835558,3889.506696,LLL
363.8698233,-328.2535801,-35.63740646,-1801.456071,-2085.012079,3886.282848,LLL
368.9973227,-320.8453819,-48.17310378,-1692.277879,-2187.130981,3879.22356,LLL
373.7606098,-313.1205165,-60.66125596,-1581.429693,-2287.091568,3868.335963,LLL
378.1549827,-305.0866083,-73.08953678,-1469.020824,-2384.795109,3853.630636,LLL
382.1761057,-296.7515849,-85.44568294,-1355.162288,-2480.145263,3835.122257,LLL
385.8200095,-288.1236729,-97.7174985,-1239.966369,-2573.047851,3812.828927,LLL
389.0830989,-279.211386,-109.8928746,-1123.546832,-2663.41127,3786.77281,LLL
391.9621528,-270.0235205,-121.9597936,-1006.018487,-2751.146261,3756.979459,LLL
394.4543308,-260.5691428,-133.906349,-887.4974035,-2836.166321,3723.478437,LLL
396.5571724,-250.8575842,-145.7207489,-768.1004649,-2918.387465,3686.302644,LLL
398.2686033,-240.8984279,-157.3913359,-647.9455829,-2997.728631,3645.48893,LLL
399.5869337,-230.7015032,-168.9065907,-527.1512551,-3074.111438,3601.077411,LLL
400.5108635,-220.2768725,-180.2551509,-405.8367716,-3147.460587,3553.112078,LLL
401.0394798,-209.6348244,-191.4258151,-284.1217745,-3217.70361,3501.640105,LLL
401.172262,-198.7858605,-202.4075609,-162.1264624,-3284.771266,3446.712451,LLL
400.9090781,-187.7406882,-213.1895489,-39.97114943,-3348.597287,3388.383161,LLL
400.2501887,-176.510207,-223.7611405,82.22353149,-3409.118765,3326.70996,LLL
399.1962432,-165.105501,-234.1119008,204.3370692,-3466.275892,3261.753551,LLL
397.7482826,-153.5378241,-244.2316168,326.2488722,-3520.012342,3193.578199,LLL
395.9077349,-141.8185933,-254.1102997,447.8387084,-3570.275002,3122.251025,LLL
393.6764175,-129.959373,-263.7382022,568.9865033,-3617.014349,3047.842579,LLL
391.0565315,-117.9718679,-273.105821,689.5727785,-3660.184178,2970.426134,LLL
388.0506633,-105.8679073,-282.2039132,809.4784502,-3699.741965,2890.078251,LLL
384.6617784,-93.65943713,-291.0234981,928.5852655,-3735.648592,2806.878064,LLL
380.8932222,-81.35850484,-299.5558739,1046.775601,-3767.868702,2720.90784,LLL
376.7487128,-68.97725088,-307.7926182,1163.932896,-3796.370418,2632.252263,LLL
372.2323414,-56.52789312,-315.7256042,1279.941452,-3821.125693,2540.998984,LLL
367.348564,-44.02271851,-323.3470012,1394.686862,-3842.110017,2447.2379,LLL
362.1022013,-31.47406721,-330.6492896,1508.055805,-3859.302759,2351.061701,LLL
356.49843,-18.89432416,-337.625261,1619.936481,-3872.686874,2252.565142,LLL
350.5427812,-6.295903108,-344.2680329,1730.218396,-3882.249232,2151.845586,LLL
344.2411314,6.308761889,-350.5710479,1838.792796,-3887.980317,2049.002273,LLL
337.5997006,18.90723248,-356.5280874,1945.552451,-3889.874552,1944.136854,LLL
330.6250421,31.48707456,-362.1332707,2050.392082,-3887.929989,1837.352663,LLL
323.32404,44.03587429,-367.3810681,2153.208146,-3882.148626,1728.755238,LLL
315.7038986,56.54124657,-372.2662987,2253.899253,-3872.53609,1618.451596,LLL
307.772139,68.99085105,-376.7841433,2352.365956,-3859.101945,1506.550749,LLL
299.5365879,81.37240054,-380.9301414,2448.511159,-3841.859371,1393.162974,LLL
291.0053738,93.67367687,-384.7002033,2542.239899,-3820.825463,1278.400328,LLL
282.186915,105.8825392,-388.0906066,2633.459756,-3796.0209,1162.37591,LLL
273.0899151,117.9869399,-391.0980071,2722.080628,-3767.47024,1045.204379,LLL
263.723351,129.9749324,-393.7194352,2808.015136,-3735.20158,927.0012139,LLL
254.0964671,141.8346868,-395.9523055,2891.178394,-3699.246845,807.8832214,LLL
244.2187632,153.5544983,-397.7944127,2971.488409,-3659.641438,687.9678023,LLL
234.0999883,165.1228015,-399.2439407,3048.865845,-3616.424524,567.3734527,LLL
223.7501274,176.5281791,-400.2994572,3123.23442,-3569.638674,446.2190308,LLL
213.1793955,187.7593763,-400.9599223,3194.520662,-3519.330139,324.6242552,LLL
202.3982238,198.8053084,-401.2246823,3262.654297,-3465.548489,202.7089715,LLL
191.4172529,209.6550751,-401.0934779,3327.56801,-3408.346878,80.59364896,LLL
180.2473188,220.2979683,-400.5664366,3389.197815,-3347.781679,-41.60135264,LLL
168.8994457,230.7234855,-399.6440805,3447.482814,-3283.91274,-163.7552886,LLL
157.3848317,240.9213372,-398.3273179,3502.365563,-3216.803015,-285.7477605,LLL
145.7148413,250.8814602,-396.6174502,3553.791823,-3146.518811,-407.4582239,LLL
133.9009905,260.5940241,-394.516163,3601.710919,-3073.129412,-528.7667176,LLL
121.9549389,270.0494448,-392.0255318,3646.075485,-2996.707321,-649.5533728,LLL
109.888475,279.2383899,-389.1480128,3686.841814,-2917.327881,-769.6991393,LLL
97.7135078,288.151792,-385.8864474,3723.969599,-2835.069507,-889.0852962,LLL
85.44205169,296.7808538,-382.2440528,3757.422275,-2750.013302,-1007.594175,LLL
73.08621797,305.1170602,-378.2244253,3787.166752,-2662.243282,-1125.108671,LLL
60.65819949,313.1521837,-373.8315299,3813.173752,-2571.845988,-1241.512963,LLL
48.17026206,320.8782952,-369.0697038,3835.417533,-2478.910709,-1356.692021,LLL
35.6347289,328.2877694,-363.9436445,3853.87622,-2383.529085,-1470.53233,LLL
23.06397195,335.3732947,-358.4584125,3868.531519,-2285.795321,-1582.921393,LLL
10.47039615,342.1278777,-352.6194195,3879.369045,-2185.805793,-1693.748444,LLL
-2.133569294,348.5448533,-346.4324294,3886.378025,-2083.659254,-1802.903962,LLL
-14.73548666,354.617888,-339.9035464,3889.551618,-1979.456435,-1910.280372,LLL
-27.32291849,360.3409891,-333.0392154,3888.886617,-1873.300247,-2015.771558,LLL
-39.88344341,365.7085079,-325.846209,3884.383754,-1765.295379,-2119.273561,LLL
-52.40466479,370.7151481,-318.3316276,3876.047397,-1655.548492,-2220.684089,LLL
-64.8742266,375.3559679,-310.5028853,3863.885848,-1544.167819,-2319.90321,LLL
-77.279822,379.6263882,-302.3677099,3847.911034,-1431.263355,-2416.83286,LLL
-89.60920904,383.5221938,-293.9341282,3828.138795,-1316.946447,-2511.377527,LLL
-101.8502192,387.0395409,-285.2104648,3804.588569,-1201.329986,-2603.44376,LLL
-113.990773,390.1749573,-276.2053271,3777.283673,-1084.527999,-2692.940849,LLL
-126.0188883,392.9253497,-266.9276039,3746.250978,-966.655829,-2779.780322,LLL
-137.9226957,395.2880029,-257.3864495,3711.521184,-847.8297271,-2863.876629,LLL
-149.6904467,397.2605861,-247.5912815,3673.128491,-728.1670342,-2945.146627,LLL
-161.3105287,398.8411518,-237.5517648,3631.110862,-607.7857696,-3023.510261,LLL
-172.7714733,400.028141,-227.2778091,3585.50969,-486.8048083,-3098.890048,LLL
-184.0619709,400.8203813,-216.7795516,3536.37005,-365.3434708,-3171.211744,LLL
-195.1708781,401.2170919,-206.0673547,3483.740366,-243.5216978,-3240.403831,LLL
-206.0872327,401.2178804,-195.1517883,3427.672648,-121.4596397,-3306.398169,LLL
-216.8002608,400.8227468,-184.0436263,3368.222155,0.722170123,-3369.129485,LLL
-227.2993906,400.0320802,-172.7538296,3305.447633,122.9032257,-3428.536016,LLL
-237.57426,398.8466618,-161.2935416,3239.410957,244.9628764,-3484.55899,LLL
-247.6147298,397.2676606,-149.6740703,3170.177372,366.7807368,-3537.143263,LLL
-257.4108904,395.2966357,-137.9068846,3097.815129,488.2365147,-3586.236797,LLL
-266.9530749,392.9355315,-126.0035955,3022.395715,609.2104204,-3631.791286,LLL
-276.2318657,390.1866789,-113.9759518,2943.993486,729.582995,-3673.76163,LLL
-285.2381064,387.0527898,-101.8358217,2862.685889,849.2355174,-3712.106554,LLL
-293.9629082,383.5369579,-89.59518777,2778.553091,968.049833,-3746.78807,LLL
-302.3976616,379.642652,-77.26612824,2691.678195,1085.908758,-3777.772097,LLL
-310.5340416,375.3737162,-64.86081215,2602.146863,1202.695909,-3805.027914,LLL
-318.3640195,370.7343626,-52.39148034,2510.047523,1318.296102,-3828.528766,LLL
-325.8798671,365.7291704,-39.87044024,2415.470995,1432.595182,-3848.251316,LLL
-333.0741682,360.3630784,-27.3100469,2318.510686,1545.480422,-3864.176245,LLL
-339.9398219,354.6413831,-14.72269762,2219.262212,1656.840346,-3876.287693,LLL
-346.4700535,348.5697303,-2.120812891,2117.823592,1766.565125,-3884.573851,LLL
-352.6584177,342.1541128,10.48316906,2014.294862,1874.546405,-3889.026399,LLL
-358.498808,335.4008611,23.0768113,1908.778262,1980.677692,-3889.641084,LLL
-363.9854599,328.3166409,35.64768375,1801.377855,2084.854175,-3886.417159,LLL
-369.1129596,320.9084425,48.18338216,1692.199702,2186.973117,-3879.357946,LLL
-373.8762461,313.1835777,60.67153362,1581.351479,2286.933667,-3868.470271,LLL
-378.2706192,305.1496692,73.09981552,1468.942649,2384.637247,-3853.76502,LLL
-382.2917416,296.8146464,85.45596097,1355.084077,2479.987365,-3835.256563,LLL
-385.9356456,288.1867341,97.72777761,1239.888196,2572.889992,-3812.963308,LLL
-389.1987344,279.2744478,109.903153,1123.468622,2663.253374,-3786.907114,LLL
-392.0777885,270.0865821,121.9700731,1005.940317,2750.988404,-3757.113837,LLL
-394.5699658,260.632205,133.9166277,887.4191966,2836.008427,-3723.612738,LLL
-396.6728077,250.9206462,145.7310288,768.0222969,2918.22961,-3686.43702,LLL
-398.384238,240.9614904,157.4016151,647.8673784,2997.57074,-3645.623229,LLL
-399.7025686,230.7645655,168.9168709,527.0730894,3073.953586,-3601.211785,LLL
-400.6264978,220.3399354,180.2654304,405.7585694,3147.302698,-3553.246375,LLL
-401.1551143,209.697887,191.4360956,284.043611,3217.54576,-3501.774477,LLL
-401.2878959,198.8489237,202.4178408,162.0482625,3284.613379,-3446.846746,LLL
-401.0247122,187.8037512,213.1998299,39.8929882,3348.439439,-3388.51753,LLL
-400.3658222,176.5732707,223.7714207,-82.30172899,3408.960881,-3326.844253,LLL
-399.3118769,165.1685643,234.1221821,-204.4152282,3466.118047,-3261.887917,LLL
-397.8639157,153.600888,244.2418974,-326.3270674,3519.85446,-3193.71249,LLL
-396.0233683,141.881657,254.1205813,-447.9168651,3570.117158,-3122.385389,LLL
-393.7920502,130.0224373,263.7484832,-569.0646961,3616.85647,-3047.976867,LLL
-391.1721644,118.034932,273.116103,-689.650933,3660.026337,-2970.560496,LLL
-388.1662956,105.9309719,282.2141945,-809.5566406,3699.584088,-2890.212538,LLL
-384.7774109,93.72250152,291.0337805,-928.6634178,3735.490753,-2807.012424,LLL
-381.0088541,81.42156985,299.5661556,-1046.853789,3767.710827,-2721.042125,LLL
-376.8643449,69.04031563,307.802901,-1164.011046,3796.212582,-2632.38662,LLL
-372.3479728,56.59095848,315.7358863,-1280.019638,3820.967821,-2541.133266,LLL
-367.4641957,44.08578361,323.3572843,-1394.765009,3841.952182,-2447.372255,LLL
-362.2178324,31.53713292,330.659572,-1508.133989,3859.144889,-2351.19598,LLL
-356.6140613,18.9573896,337.6355445,-1620.014626,3872.529042,-2252.699494,LLL
-350.6584118,6.358969163,344.2783157,-1730.296577,3882.091364,-2151.979863,LLL
-344.3567623,-6.245696093,350.5813317,-1838.870939,3887.822487,-2049.136622,LLL
-337.7153308,-18.84416607,356.5383706,-1945.63063,3889.716687,-1944.271129,LLL
-330.7406726,-31.42400842,362.1435549,-2050.470223,3887.772162,-1837.48701,LLL
-323.4396699,-43.97280753,367.3913516,-2153.286322,3881.990763,-1728.889511,LLL
-315.8195287,-56.47818007,372.2765833,-2253.977392,3872.378264,-1618.58594,LLL
-307.8877685,-68.92778395,376.7944272,-2352.44413,3858.944084,-1506.68502,LLL
-299.6522176,-81.30933369,380.9404263,-2448.589296,3841.701548,-1393.297317,LLL
-291.1210028,-93.61060942,384.7104876,-2542.318071,3820.667604,-1278.534596,LLL
-282.3025442,-105.819472,388.1008919,-2633.53789,3795.863079,-1162.51025,LLL
-273.2055437,-117.9238721,391.1082917,-2722.158798,3767.312384,-1045.338646,LLL
-263.8389798,-129.9118648,393.7297208,-2808.093268,3735.043762,-927.1355514,LLL
-254.2120953,-141.7716187,395.9625905,-2891.256561,3699.088991,-808.0174857,LLL
-244.3343917,-153.4914304,397.8046988,-2971.566538,3659.483622,-688.1021374,LLL
-234.2156161,-165.059733,399.2542261,-3048.94401,3616.266673,-567.5077148,LLL
-223.8657554,-176.4651109,400.3097436,-3123.312547,3569.48086,-446.3533635,LLL
-213.2950229,-187.6963075,400.970208,-3194.598824,3519.17229,-324.758515,LLL
-202.5138515,-198.7422398,401.2349691,-3262.732423,3465.390677,-202.8433018,LLL
-191.5328799,-209.5920059,401.103764,-3327.64617,3408.189031,-80.72790658,LLL
-180.362946,-220.2348993,400.5767238,-3389.275938,3347.62387,41.46702482,LLL
-169.0150723,-230.660416,399.654367,-3447.560971,3283.754896,163.6210332,LLL
-157.5004586,-240.8582679,398.3376054,-3502.443683,3216.645208,285.6134351,LLL
-145.8304675,-250.8183903,396.6277371,-3553.869978,3146.360969,407.3239707,LLL
-134.0166169,-260.5309545,394.5264509,-3601.789038,3072.971607,528.6323946,LLL
-122.0705647,-269.9863745,392.035819,-3646.153638,2996.549481,649.4191218,LLL
-110.004101,-279.1753199,389.158301,-3686.919931,2917.170079,769.5648187,LLL
-97.8291332,-288.0887214,385.896735,-3724.04775,2834.911671,888.9510475,LLL
-85.5576773,-296.7177834,382.2543414,-3757.500389,2749.855502,1007.459857,LLL
-73.20184297,-305.0539893,378.2347132,-3787.2449,2662.085447,1124.974425,LLL
-60.7738247,-313.089113,373.8418189,-3813.251863,2571.68819,1241.378647,LLL
-48.28588666,-320.815224,369.0799921,-3835.495679,2478.752877,1356.557777,LLL
-35.75035371,-328.2246983,363.9539338,-3853.954329,2383.371289,1470.398017,LLL
-23.17959615,-335.310223,358.4687012,-3868.609663,2285.637491,1582.787151,LLL
-10.58602055,-342.0648063,352.6297091,-3879.447152,2185.647999,1693.614133,LLL
2.017945504,-348.4817813,346.4427184,-3886.456166,2083.501426,1802.769722,LLL
14.61986266,-354.5548162,339.9138364,-3889.629723,1979.298644,1910.146063,LLL
27.20729511,-360.2779168,333.0495049,-3888.964756,1873.142422,2015.63732,LLL
39.76781981,-365.6454358,325.8564995,-3884.461857,1765.13759,2119.139255,LLL
52.28904181,-370.6520754,318.3419174,-3876.125533,1655.390669,2220.549853,LLL
64.75860341,-375.2928955,310.5131761,-3863.963948,1544.010033,2319.768907,LLL
77.16419942,-379.5633152,302.3780001,-3847.989168,1431.105534,2416.698626,LLL
89.49358625,-383.459121,293.9444193,-3828.216893,1316.788662,2511.243226,LLL
101.7345971,-386.9764675,285.2207553,-3804.666701,1201.172168,2603.309529,LLL
113.8751507,-390.1118841,276.2156186,-3777.361769,1084.370217,2692.80655,LLL
125.9032666,-392.862276,266.9378948,-3746.329107,966.4980135,2779.646094,LLL
137.8070737,-395.2249294,257.3967413,-3711.599278,847.671947,2863.742332,LLL
149.5748253,-397.197512,247.6015727,-3673.206618,728.009221,2945.0124,LLL
161.1949071,-398.778078,237.5620571,-3631.188954,607.6279918,3023.375967,LLL
172.6558524,-399.9650665,227.2881007,-3585.587815,486.6469975,3098.755824,LLL
183.9463497,-400.7573071,216.7898442,-3536.44814,365.1856953,3171.077453,LLL
195.0552575,-401.1540171,206.0776467,-3483.818488,243.3638894,3240.269609,LLL
205.971612,-401.1548058,195.1620812,-3427.750735,121.3018665,3306.26388,LLL
216.6846406,-400.7596716,184.0539187,-3368.300276,-0.87997618,3368.995265,LLL
227.1837702,-399.9690053,172.764123,-3305.525718,-123.0609967,3428.401729,LLL
237.4586402,-398.7835863,161.3038343,-3239.489075,-245.1206801,3484.424772,LLL
247.4991098,-397.2045853,149.684364,-3170.255454,-366.9385055,3537.008978,LLL
257.295271,-395.2335599,137.9171776,-3097.893245,-488.394316,3586.102581,LLL
266.8374554,-392.8724559,126.0138895,-3022.473795,-609.3681868,3631.657004,LLL
276.1162467,-390.1236027,113.9862453,-2944.071599,-729.7407939,3673.627417,LLL
285.1224873,-386.9897138,101.8461162,-2862.763967,-849.3932816,3711.972274,LLL
293.8472897,-383.4738814,89.60548157,-2778.631202,-968.2076296,3746.653859,LLL
302.2820428,-379.5795757,77.27642302,-2691.756271,-1086.06652,3777.63782,LLL
310.4184234,-375.3106393,64.87110632,-2602.224971,-1202.853703,3804.893705,LLL
318.2484011,-370.6712859,52.40177548,-2510.125597,-1318.453862,3828.394491,LLL
325.7642494,-365.6660932,39.88073477,-2415.549101,-1432.752974,3848.11711,LLL
332.9585503,-360.3000014,27.32034241,-2318.588757,-1545.638179,3864.041973,LLL
339.8242046,-354.5783056,14.73299252,-2219.340316,-1656.998135,3876.153489,LLL
346.354436,-348.5066529,2.131108762,-2117.901662,-1766.72288,3884.439582,LLL
352.5428007,-342.0910349,-10.47287379,-2014.372963,-1874.704192,3888.892197,LLL
358.3831909,-335.3377834,-23.06651506,-1908.856329,-1980.835445,3889.506817,LLL
363.8698434,-328.2535626,-35.63738812,-1801.455954,-2085.01196,3886.282959,LLL
368.9973429,-320.8453644,-48.17308556,-1692.277767,-2187.130868,3879.223681,LLL
373.7606299,-313.1204991,-60.66123762,-1581.429576,-2287.091449,3868.336073,LLL
378.1550029,-305.0865908,-73.08951856,-1469.020712,-2384.794995,3853.630757,LLL
382.1761259,-296.7515675,-85.4456646,-1355.162171,-2480.145145,3835.122367,LLL
385.8200297,-288.1236554,-97.71748028,-1239.966257,-2573.047738,3812.829048,LLL
389.0831191,-279.2113685,-109.8928562,-1123.546714,-2663.411152,3786.772921,LLL
391.962173,-270.023503,-121.9597754,-1006.018375,-2751.146147,3756.979579,LLL
394.4543509,-260.5691254,-133.9063306,-887.4972863,-2836.166203,3723.478547,LLL
396.5571926,-250.8575667,-145.7207307,-768.1003528,-2918.387351,3686.302764,LLL
398.2686235,-240.8984104,-157.3913176,-647.9454658,-2997.728512,3645.48904,LLL
399.5869539,-230.7014857,-168.9065725,-527.151143,-3074.111325,3601.077532,LLL
400.5108836,-220.276855,-180.2551326,-405.8366544,-3147.460469,3553.112188,LLL
401.0395,-209.6348069,-191.4257969,-284.1216624,-3217.703497,3501.640226,LLL
401.1722822,-198.785843,-202.4075426,-162.1263452,-3284.771148,3446.712562,LLL
400.9090983,-187.7406707,-213.1895307,-39.97103731,-3348.597174,3388.383282,LLL
400.2502089,-176.5101896,-223.7611222,82.22364862,-3409.118647,3326.71007,LLL
399.1962634,-165.1054835,-234.1118826,204.3371813,-3466.275779,3261.753672,LLL
397.7483028,-153.5378066,-244.2315985,326.2489893,-3520.012223,3193.57831,LLL
395.9077552,-141.8185758,-254.1102814,447.8388205,-3570.274888,3122.251145,LLL
393.6764377,-129.9593556,-263.7381839,568.9866204,-3617.014231,3047.842689,LLL
391.0565517,-117.9718504,-273.1058028,689.5728906,-3660.184065,2970.426255,LLL
388.0506835,-105.8678898,-282.2038948,809.4785673,-3699.741847,2890.078362,LLL
384.6617986,-93.65941963,-291.0234799,928.5853776,-3735.648478,2806.878185,LLL
380.8932424,-81.3584874,-299.5558556,1046.775718,-3767.868583,2720.907951,LLL
376.748733,-68.97723338,-307.7926,1163.933009,-3796.370305,2632.252384,LLL
372.2323615,-56.52787568,-315.7255859,1279.941569,-3821.125575,2540.999095,LLL
367.3485842,-44.02270101,-323.346983,1394.686974,-3842.109903,2447.238021,LLL
362.1022215,-31.47404977,-330.6492712,1508.055922,-3859.302641,2351.061811,LLL
356.4984502,-18.89430666,-337.6252428,1619.936593,-3872.68676,2252.565262,LLL
350.5428013,-6.295885667,-344.2680146,1730.218513,-3882.249113,2151.845696,LLL
344.2411516,6.308779388,-350.5710297,1838.792908,-3887.980203,2049.002393,LLL
337.5997207,18.90724992,-356.5280691,1945.552569,-3889.874433,1944.136965,LLL
330.6250623,31.48709206,-362.1332525,2050.392194,-3887.929876,1837.352783,LLL
323.3240602,44.03589173,-367.3810498,2153.208263,-3882.148508,1728.755348,LLL
315.7039189,56.54126407,-372.2662805,2253.899365,-3872.535976,1618.451716,LLL
307.7721592,68.99086849,-376.7841249,2352.366073,-3859.101826,1506.55086,LLL
299.5366081,81.37241803,-380.9301232,2448.511271,-3841.859257,1393.163095,LLL
291.0053939,93.67369431,-384.700185,2542.240016,-3820.825344,1278.400438,LLL
282.1869352,105.8825567,-388.0905884,2633.459868,-3796.020786,1162.376031,LLL
273.0899353,117.9869574,-391.0979888,2722.080745,-3767.470121,1045.20449,LLL
263.7233712,129.9749499,-393.7194169,2808.015248,-3735.201467,927.0013343,LLL
254.0964873,141.8347043,-395.9522872,2891.178511,-3699.246726,807.8833322,LLL
244.2187834,153.5545158,-397.7943945,2971.488521,-3659.641324,687.9679227,LLL
234.1000084,165.1228189,-399.2439224,3048.865962,-3616.424405,567.3735635,LLL
223.7501476,176.5281966,-400.299439,3123.234532,-3569.638561,446.2191512,LLL
213.1794157,187.7593938,-400.9599039,3194.520779,-3519.330021,324.624366,LLL
202.398244,198.8053258,-401.2246641,3262.65441,-3465.548376,202.7090919,LLL
191.4172731,209.6550925,-401.0934596,3327.568127,-3408.346759,80.59375977,LLL
180.247339,220.2979858,-400.5664184,3389.197927,-3347.781565,-41.60123228,LLL
168.8994658,230.723503,-399.6440622,3447.482931,-3283.912622,-163.7551778,LLL
157.3848519,240.9213547,-398.3272997,3502.365675,-3216.802902,-285.7476401,LLL
145.7148615,250.8814776,-396.6174319,3553.79194,-3146.518692,-407.4581131,LLL
133.9010107,260.5940416,-394.5161448,3601.711031,-3073.129298,-528.7665973,LLL
121.954959,270.0494622,-392.0255135,3646.075602,-2996.707202,-649.5532619,LLL
109.8884952,279.2384074,-389.1479946,3686.841926,-2917.327768,-769.699019,LLL
97.71352795,288.1518095,-385.8864291,3723.969716,-2835.069389,-889.0851854,LLL
85.44207189,296.7808713,-382.2440346,3757.422387,-2750.013189,-1007.594055,LLL
73.08623813,305.1170777,-378.2244069,3787.166869,-2662.243163,-1125.10856,LLL
60.65821969,313.1522012,-373.8315117,3813.173864,-2571.845875,-1241.512842,LLL
48.17028221,320.8783127,-369.0696855,3835.41765,-2478.910591,-1356.69191,LLL
35.63474911,328.2877869,-363.9436263,3853.876332,-2383.528971,-1470.53221,LLL
23.0639921,335.3733121,-358.4583942,3868.531636,-2285.795202,-1582.921282,LLL
10.47041635,342.1278952,-352.6194012,3879.369157,-2185.805679,-1693.748324,LLL
-2.133549144,348.5448708,-346.4324111,3886.378142,-2083.659135,-1802.903851,LLL
-14.73546645,354.6179055,-339.9035282,3889.55173,-1979.456321,-1910.280252,LLL
-27.32289834,360.3410066,-333.0391971,3888.886734,-1873.300129,-2015.771447,LLL
-39.8834232,365.7085254,-325.8461908,3884.383866,-1765.295265,-2119.273441,LLL
-52.40464465,370.7151656,-318.3316093,3876.047514,-1655.548374,-2220.683978,LLL
-64.8742064,375.3559854,-310.5028671,3863.88596,-1544.167706,-2319.90309,LLL
-77.27980185,379.6264057,-302.3676916,3847.911151,-1431.263236,-2416.832749,LLL
-89.60918884,383.5222113,-293.93411,3828.138907,-1316.946333,-2511.377407,LLL
-101.8501991,387.0395583,-285.2104465,3804.588686,-1201.329868,-2603.443649,LLL
-113.9907528,390.1749748,-276.2053089,3777.283785,-1084.527886,-2692.940729,LLL
-126.0188682,392.9253671,-266.9275856,3746.251095,-966.6557107,-2779.780212,LLL
-137.9226755,395.2880204,-257.3864313,3711.521296,-847.8296134,-2863.876508,LLL
-149.6904265,397.2606036,-247.5912632,3673.128608,-728.1669159,-2945.146516,LLL
-161.3105085,398.8411693,-237.5517466,3631.110974,-607.7856559,-3023.510141,LLL
-172.7714532,400.0281584,-227.2777908,3585.509807,-486.8046901,-3098.889937,LLL
-184.0619507,400.8203988,-216.7795334,3536.370163,-365.3433571,-3171.211624,LLL
-195.170858,401.2171094,-206.0673364,3483.740482,-243.5215795,-3240.40372,LLL
-206.0872125,401.2178979,-195.15177,3427.67276,-121.459526,-3306.398049,LLL
-216.8002406,400.8227642,-184.043608,3368.222272,0.722288368,-3369.129374,LLL
-227.2993704,400.0320977,-172.7538114,3305.447745,122.9033394,-3428.535896,LLL
-237.5742399,398.8466792,-161.2935232,3239.411074,244.9629947,-3484.558879,LLL
-247.6147096,397.2676781,-149.6740521,3170.177484,366.7808505,-3537.143143,LLL
-257.4108702,395.2966531,-137.9068663,3097.815246,488.2366329,-3586.236686,LLL
-266.9530547,392.935549,-126.0035773,3022.395827,609.2105341,-3631.791166,LLL
-276.2318455,390.1866963,-113.9759335,2943.993603,729.5831132,-3673.761519,LLL
-285.2380862,387.0528073,-101.8358035,2862.686001,849.2356311,-3712.106434,LLL
-293.9628881,383.5369753,-89.59516946,2778.553208,968.0499512,-3746.787959,LLL
-302.3976414,379.6426695,-77.26611004,2691.678307,1085.908872,-3777.771977,LLL
-310.5340214,375.3737336,-64.86079384,2602.146979,1202.696027,-3805.027803,LLL
-318.3639993,370.73438,-52.39146214,2510.047635,1318.296216,-3828.528646,LLL
-325.879847,365.7291878,-39.87042193,2415.471112,1432.595301,-3848.251205,LLL
-333.074148,360.3630959,-27.3100287,2318.510798,1545.480536,-3864.176125,LLL
-339.9398018,354.6414006,-14.72267931,2219.262329,1656.840464,-3876.287582,LLL
-346.4700333,348.5697478,-2.120794686,2117.823705,1766.565239,-3884.573731,LLL
-352.6583975,342.1541302,10.48318737,2014.294978,1874.546524,-3889.026288,LLL
-358.4987878,335.4008786,23.0768295,1908.778375,1980.677806,-3889.640965,LLL
-363.9854398,328.3166583,35.64770206,1801.377972,2084.854294,-3886.417048,LLL
-369.1129394,320.90846,48.18340036,1692.199815,2186.973231,-3879.357826,LLL
-373.8762259,313.1835951,60.67155193,1581.351596,2286.933785,-3868.47016,LLL
-378.270599,305.1496867,73.09983373,1468.942762,2384.637361,-3853.7649,LLL
-382.2917214,296.8146639,85.45597928,1355.084193,2479.987483,-3835.256452,LLL
-385.9356254,288.1867516,97.72779581,1239.888309,2572.890105,-3812.963188,LLL
-389.1987143,279.2744653,109.9031713,1123.468739,2663.253492,-3786.907003,LLL
-392.0777683,270.0865996,121.9700913,1005.940429,2750.988518,-3757.113717,LLL
-394.5699457,260.6322225,133.9166461,887.4193133,2836.008545,-3723.612627,LLL
-396.6727875,250.9206636,145.731047,768.0224092,2918.229724,-3686.4369,LLL
-398.3842179,240.9615079,157.4016334,647.8674951,2997.570858,-3645.623118,LLL
-399.7025485,230.764583,168.9168891,527.0732017,3073.9537,-3601.211665,LLL
-400.6264776,220.3399528,180.2654487,405.7586861,3147.302816,-3553.246264,LLL
-401.1550941,209.6979045,191.4361139,284.0437234,3217.545874,-3501.774357,LLL
-401.2878758,198.8489411,202.4178591,162.0483792,3284.613498,-3446.846635,LLL
-401.024692,187.8037687,213.1998481,39.89310053,3348.439553,-3388.51741,LLL
-400.3658021,176.5732881,223.771439,-82.30161233,3408.960999,-3326.844141,LLL
-399.3118567,165.1685818,234.1222003,-204.4151158,3466.11816,-3261.887798,LLL
-397.8638955,153.6009055,244.2419157,-326.3269507,3519.854578,-3193.712378,LLL
-396.0233481,141.8816744,254.1205995,-447.9167528,3570.117272,-3122.385269,LLL
-393.7920301,130.0224548,263.7485015,-569.0645795,3616.856588,-3047.976756,LLL
-391.1721442,118.0349495,273.1161212,-689.6508206,3660.026451,-2970.560376,LLL
-388.1662754,105.9309894,282.2142128,-809.556524,3699.584206,-2890.212427,LLL
-384.7773907,93.722519,291.0337987,-928.6633054,3735.490866,-2807.012304,LLL
-381.0088339,81.42158727,299.5661739,-1046.853672,3767.710945,-2721.042013,LLL
-376.8643247,69.0403331,307.8029192,-1164.010934,3796.212695,-2632.386501,LLL
-372.3479527,56.5909759,315.7359046,-1280.019522,3820.967939,-2541.133155,LLL
-367.4641755,44.08580108,323.3573025,-1394.764897,3841.952296,-2447.372135,LLL
-362.2178122,31.53715034,330.6595903,-1508.133872,3859.145007,-2351.195869,LLL
-356.6140411,18.95740708,337.6355627,-1620.014514,3872.529156,-2252.699374,LLL
-350.6583917,6.358986586,344.278334,-1730.296461,3882.091482,-2151.979752,LLL
-344.3567421,-6.245678619,350.5813499,-1838.870827,3887.822601,-2049.136503,LLL
-337.7153107,-18.84414865,356.5383889,-1945.630514,3889.716805,-1944.271018,LLL
-330.7406524,-31.42399094,362.1435731,-2050.470111,3887.772275,-1837.48689,LLL
-323.4396497,-43.97279011,367.3913699,-2153.286205,3881.990881,-1728.889399,LLL
-315.8195085,-56.4781626,372.2766015,-2253.977279,3872.378378,-1618.585821,LLL
-307.8877483,-68.92776652,376.7944455,-2352.444014,3858.944202,-1506.684908,LLL
-299.6521974,-81.30931622,380.9404445,-2448.589183,3841.701662,-1393.297197,LLL
-291.1209827,-93.610592,384.7105059,-2542.317954,3820.667722,-1278.534485,LLL
-282.302524,-105.8194546,388.1009101,-2633.537778,3795.863193,-1162.51013,LLL
-273.2055236,-117.9238547,391.10831,-2722.158681,3767.312502,-1045.338534,LLL
-263.8389596,-129.9118474,393.729739,-2808.093155,3735.043876,-927.1354317,LLL
-254.2120752,-141.7716013,395.9626088,-2891.256445,3699.089109,-808.0173744,LLL
-244.3343715,-153.4914129,397.804717,-2971.566426,3659.483736,-688.1020177,LLL
-234.215596,-165.0597156,399.2542444,-3048.943894,3616.266791,-567.5076035,LLL
-223.8657352,-176.4650934,400.3097618,-3123.312435,3569.480974,-446.3532439,LLL
-213.2950028,-187.6962901,400.9702263,-3194.598708,3519.172408,-324.7584037,LLL
-202.5138313,-198.7422223,401.2349873,-3262.73231,3465.390791,-202.8431822,LLL
-191.5328598,-209.5919885,401.1037823,-3327.646054,3408.189149,-80.72779525,LLL
-180.3629258,-220.2348819,400.576742,-3389.275826,3347.623983,41.46714442,LLL
-169.0150522,-230.6603986,399.6543853,-3447.560855,3283.755014,163.6211445,LLL
-157.5004384,-240.8582504,398.3376236,-3502.443571,3216.645322,285.6135547,LLL
-145.8304474,-250.8183729,396.6277554,-3553.869862,3146.361087,407.3240821,LLL
-134.0165967,-260.530937,394.5264691,-3601.788926,3072.97172,528.6325142,LLL
-122.0705445,-269.9863571,392.0358373,-3646.153522,2996.549599,649.4192331,LLL
-110.0040808,-279.1753025,389.1583192,-3686.919818,2917.170192,769.5649383,LLL
-97.82911306,-288.088704,385.8967533,-3724.047633,2834.911788,888.9511588,LLL
-85.55765712,-296.717766,382.2543596,-3757.500276,2749.855616,1007.459977,LLL
-73.20182284,-305.0539719,378.2347315,-3787.244783,2662.085565,1124.974536,LLL
-60.77380452,-313.0890955,373.8418371,-3813.251751,2571.688304,1241.378766,LLL
-48.28586653,-320.8152065,369.0800104,-3835.495562,2478.752995,1356.557888,LLL
-35.75033353,-328.2246809,363.953952,-3853.954217,2383.371403,1470.398137,LLL
-23.17957601,-335.3102056,358.4687195,-3868.609546,2285.637609,1582.787262,LLL
-10.58600037,-342.0647888,352.6297273,-3879.44704,2185.648113,1693.614253,LLL
2.017965636,-348.4817639,346.4427367,-3886.45605,2083.501544,1802.769833,LLL
14.61988284,-354.5547988,339.9138546,-3889.629611,1979.298758,1910.146183,LLL
27.20731524,-360.2778994,333.0495231,-3888.96464,1873.14254,2015.637431,LLL
39.76783999,-365.6454184,325.8565176,-3884.461744,1765.137703,2119.139374,LLL
52.28906194,-370.652058,318.3419356,-3876.125417,1655.390787,2220.549965,LLL
64.75862359,-375.292878,310.5131942,-3863.963836,1544.010146,2319.769026,LLL
77.16421955,-379.5632978,302.3780184,-3847.989052,1431.105652,2416.698738,LLL
89.49360643,-383.4591036,293.9444375,-3828.216781,1316.788776,2511.243345,LLL
101.7346172,-386.9764501,285.2207736,-3804.666585,1201.172286,2603.30964,LLL
113.8751708,-390.1118667,276.2156368,-3777.361657,1084.370331,2692.806669,LLL
125.9032867,-392.8622586,266.9379131,-3746.328991,966.4981313,2779.646205,LLL
137.8070939,-395.2249119,257.3967595,-3711.599165,847.6720609,2863.742452,LLL
149.5748454,-397.1974946,247.601591,-3673.206502,728.0093389,2945.012512,LLL
161.1949273,-398.7780605,237.5620753,-3631.188841,607.6281057,3023.376086,LLL
172.6558725,-399.9650491,227.288119,-3585.587698,486.6471154,3098.755935,LLL
183.9463699,-400.7572897,216.7898624,-3536.448027,365.1858092,3171.077572,LLL
195.0552777,-401.1539997,206.077665,-3483.818372,243.3640072,3240.26972,LLL
205.9716321,-401.1547884,195.1620994,-3427.750622,121.3019803,3306.263999,LLL
216.6846607,-400.7596542,184.053937,-3368.300159,-0.879858367,3368.995377,LLL
227.1837904,-399.9689878,172.7641412,-3305.525605,-123.0608828,3428.401849,LLL
237.4586604,-398.7835689,161.3038525,-3239.488958,-245.1205623,3484.424883,LLL
247.49913,-397.2045679,149.6843822,-3170.255342,-366.9383916,3537.009098,LLL
257.2952911,-395.2335425,137.9171959,-3097.893128,-488.3941982,3586.102692,LLL
266.8374756,-392.8724384,126.0139077,-3022.473683,-609.3680729,3631.657124,LLL
276.1162669,-390.1235853,113.9862635,-2944.071483,-729.7406762,3673.627528,LLL
285.1225074,-386.9896964,101.8461343,-2862.763854,-849.3931677,3711.972393,LLL
293.8473098,-383.4738639,89.60549986,-2778.631086,-968.2075118,3746.65397,LLL
302.282063,-379.5795582,77.27644121,-2691.756158,-1086.066406,3777.63794,LLL
310.4184436,-375.3106219,64.8711246,-2602.224855,-1202.853586,3804.893817,LLL
318.2484213,-370.6712685,52.40179367,-2510.125484,-1318.453748,3828.39461,LLL
325.7642695,-365.6660758,39.88075306,-2415.548985,-1432.752857,3848.117221,LLL
332.9585705,-360.299984,27.3203606,-2318.588645,-1545.638066,3864.042092,LLL
339.8242247,-354.5782881,14.7330108,-2219.3402,-1656.998017,3876.1536,LLL
346.3544562,-348.5066355,2.131126953,-2117.901549,-1766.722767,3884.439701,LLL
352.5428209,-342.0910174,-10.47285551,-2014.372847,-1874.704075,3888.892308,LLL
358.3832111,-335.337766,-23.06649687,-1908.856217,-1980.835331,3889.506936,LLL
363.8698635,-328.2535452,-35.63736984,-1801.455838,-2085.011842,3886.28307,LLL
368.9973631,-320.845347,-48.17306737,-1692.277655,-2187.130754,3879.2238,LLL
373.76065,-313.1204817,-60.66121934,-1581.429459,-2287.091332,3868.336185,LLL
378.1550231,-305.0865734,-73.08950037,-1469.020599,-2384.794881,3853.630876,LLL
382.176146,-296.7515501,-85.44564632,-1355.162055,-2480.145027,3835.122479,LLL
385.8200499,-288.1236379,-97.71746209,-1239.966144,-2573.047624,3812.829167,LLL
389.0831392,-279.2113511,-109.892838,-1123.546598,-2663.411034,3786.773033,LLL
391.9621932,-270.0234855,-121.9597572,-1006.018263,-2751.146034,3756.979699,LLL
394.454371,-260.569108,-133.9063124,-887.49717,-2836.166085,3723.478659,LLL
396.5572127,-250.8575493,-145.7207125,-768.1002403,-2918.387237,3686.302883,LLL
398.2686436,-240.898393,-157.3912993,-647.9453495,-2997.728395,3645.489152,LLL
399.5869741,-230.7014683,-168.9065543,-527.1510305,-3074.111211,3601.077651,LLL
400.5109038,-220.2768376,-180.2551143,-405.8365382,-3147.460351,3553.1123,LLL
401.0395202,-209.6347894,-191.4257787,-284.1215499,-3217.703383,3501.640345,LLL
401.1723023,-198.7858256,-202.4075243,-162.126229,-3284.77103,3446.712673,LLL
400.9091185,-187.7406533,-213.1895125,-39.97092482,-3348.59706,3388.383401,LLL
400.250229,-176.5101722,-223.7611039,82.22376486,-3409.118529,3326.710182,LLL
399.1962836,-165.105466,-234.1118644,204.3372938,-3466.275665,3261.753791,LLL
397.7483229,-153.5377892,-244.2315802,326.2491056,-3520.012105,3193.578421,LLL
395.9077753,-141.8185583,-254.1102633,447.838933,-3570.274774,3122.251264,LLL
393.6764578,-129.9593382,-263.7381656,568.9867366,-3617.014113,3047.842801,LLL
391.0565719,-117.971833,-273.1057846,689.5730031,-3660.183951,2970.426374,LLL
388.0507036,-105.8678724,-282.2038766,809.4786835,-3699.741729,2890.078474,LLL
384.6618188,-93.65940218,-291.0234617,928.5854901,-3735.648364,2806.878304,LLL
380.8932625,-81.35846999,-299.5558373,1046.775834,-3767.868465,2720.908063,LLL
376.7487532,-68.97721593,-307.7925818,1163.933121,-3796.370191,2632.252503,LLL
372.2323816,-56.52785828,-315.7255676,1279.941686,-3821.125457,2540.999206,LLL
367.3486044,-44.02268356,-323.3469648,1394.687086,-3842.109789,2447.23814,LLL
362.1022416,-31.47403236,-330.649253,1508.056038,-3859.302523,2351.061923,LLL
356.4984704,-18.89428921,-337.6252246,1619.936705,-3872.686646,2252.565381,LLL
350.5428214,-6.295868262,-344.2679963,1730.21863,-3882.248996,2151.845808,LLL
344.2411718,6.308796836,-350.5710115,1838.793021,-3887.980089,2049.002512,LLL
337.5997409,18.90726732,-356.5280508,1945.552685,-3889.874316,1944.137077,LLL
330.6250825,31.48710951,-362.1332343,2050.392307,-3887.929762,1837.352902,LLL
323.3240803,44.03590913,-367.3810315,2153.208379,-3882.14839,1728.75546,LLL
315.703939,56.54128152,-372.2662623,2253.899478,-3872.535862,1618.451835,LLL
307.7721793,68.99088589,-376.7841067,2352.36619,-3859.101709,1506.550971,LLL
299.5366283,81.37243548,-380.930105,2448.511384,-3841.859143,1393.163214,LLL
291.0054141,93.67371171,-384.7001667,2542.240132,-3820.825227,1278.40055,LLL
282.1869553,105.8825742,-388.0905702,2633.459981,-3796.020672,1162.376149,LLL
273.0899554,117.9869748,-391.0979705,2722.080861,-3767.470004,1045.204602,LLL
263.7233913,129.9749673,-393.7193988,2808.01536,-3735.201353,927.0014533,LLL
254.0965074,141.8347217,-395.9522689,2891.178627,-3699.246609,807.8834439,LLL
244.2188036,153.5545332,-397.7943763,2971.488633,-3659.64121,687.9680417,LLL
234.1000285,165.1228363,-399.2439041,3048.866079,-3616.424288,567.3736753,LLL
223.7501678,176.5282141,-400.2994208,3123.234645,-3569.638447,446.2192702,LLL
213.1794358,187.7594112,-400.9598857,3194.520895,-3519.329903,324.6244777,LLL
202.3982642,198.8053433,-401.2246459,3262.654522,-3465.548262,202.7092109,LLL
191.4172932,209.6551099,-401.0934413,3327.568243,-3408.346642,80.59387152,LLL
180.2473591,220.2980032,-400.5664002,3389.19804,-3347.781451,-41.60111336,LLL
168.899486,230.7235204,-399.6440439,3447.483047,-3283.912504,-163.755066,LLL
157.3848721,240.9213721,-398.3272815,3502.365787,-3216.802788,-285.7475212,LLL
145.7148816,250.881495,-396.6174136,3553.792056,-3146.518575,-407.4580013,LLL
133.9010308,260.5940591,-394.5161266,3601.711144,-3073.129184,-528.7664784,LLL
121.9549791,270.0494796,-392.0254952,3646.075718,-2996.707085,-649.5531501,LLL
109.8885153,279.2384249,-389.1479764,3686.842039,-2917.327654,-769.6989001,LLL
97.71354806,288.1518269,-385.8864109,3723.969832,-2835.069271,-889.0850736,LLL
85.44209205,296.7808887,-382.2440164,3757.422499,-2750.013075,-1007.593936,LLL
73.08625824,305.1170951,-378.2243887,3787.166985,-2662.243046,-1125.108449,LLL
60.65823985,313.1522186,-373.8314935,3813.173976,-2571.845761,-1241.512723,LLL
48.17030233,320.8783301,-369.0696672,3835.417766,-2478.910474,-1356.691799,LLL
35.63476926,328.2878043,-363.9436081,3853.876444,-2383.528857,-1470.532091,LLL
23.06401222,335.3733295,-358.458376,3868.531752,-2285.795085,-1582.92117,LLL
10.47043651,342.1279126,-352.6193831,3879.369269,-2185.805565,-1693.748205,LLL
-2.13352903,348.5448882,-346.4323928,3886.378258,-2083.659018,-1802.903739,LLL
-14.7354463,354.6179229,-339.90351,3889.551843,-1979.456207,-1910.280133,LLL
-27.32287823,360.341024,-333.0391789,3888.88685,-1873.300011,-2015.771335,LLL
-39.88340305,365.7085429,-325.8461727,3884.383979,-1765.295151,-2119.273322,LLL
-52.40462453,370.715183,-318.331591,3876.04763,-1655.548256,-2220.683866,LLL
-64.87418624,375.3560028,-310.5028489,3863.886072,-1544.167592,-2319.902971,LLL
-77.27978174,379.6264231,-302.3676733,3847.911267,-1431.263119,-2416.832637,LLL
-89.60916868,383.5222288,-293.9340918,3828.13902,-1316.946219,-2511.377288,LLL
-101.850179,387.0395757,-285.2104282,3804.588802,-1201.329751,-2603.443537,LLL
-113.9907327,390.1749922,-276.2052907,3777.283898,-1084.527772,-2692.94061,LLL
-126.0188481,392.9253845,-266.9275673,3746.251211,-966.6555933,-2779.7801,LLL
-137.9226554,395.2880378,-257.3864131,3711.521409,-847.8294994,-2863.87639,LLL
-149.6904064,397.260621,-247.5912449,3673.128724,-728.1667985,-2945.146404,LLL
-161.3104883,398.8411867,-237.5517285,3631.111087,-607.7855419,-3023.510022,LLL
-172.7714331,400.0281758,-227.2777725,3585.509923,-486.8045726,-3098.889825,LLL
-184.0619305,400.8204163,-216.7795152,3536.370275,-365.3432431,-3171.211506,LLL
-195.1708379,401.2171268,-206.0673181,3483.740598,-243.5214621,-3240.403608,LLL
-206.0871924,401.2179153,-195.1517519,3427.672872,-121.4594119,-3306.39793,LLL
-216.8002205,400.8227816,-184.0435898,3368.222388,0.722405791,-3369.129262,LLL
-227.2993502,400.0321151,-172.7537933,3305.447857,122.9034534,-3428.535777,LLL
-237.5742198,398.8466966,-161.293505,3239.41119,244.9631121,-3484.558767,LLL
-247.6146894,397.2676955,-149.6740339,3170.177596,366.7809645,-3537.143024,LLL
-257.4108501,395.2966705,-137.906848,3097.815362,488.2367503,-3586.236574,LLL
-266.9530346,392.9355664,-126.0035591,3022.39594,609.2106482,-3631.791047,LLL
-276.2318254,390.1867137,-113.9759153,2943.993719,729.5832306,-3673.761407,LLL
-285.2380661,387.0528247,-101.8357854,2862.686113,849.2357452,-3712.106315,LLL
-293.9628679,383.5369927,-89.5951512,2778.553324,968.0500686,-3746.787847,LLL
-302.3976212,379.6426869,-77.26609186,2691.67842,1085.908986,-3777.771859,LLL
-310.5340013,375.373751,-64.86077558,2602.147095,1202.696145,-3805.027691,LLL
-318.3639791,370.7343975,-52.39144396,2510.047748,1318.29633,-3828.528527,LLL
-325.8798269,365.7292052,-39.87040367,2415.471228,1432.595418,-3848.251093,LLL
-333.0741279,360.3631133,-27.31001052,2318.510911,1545.48065,-3864.176007,LLL
-339.9397817,354.6414179,-14.72266106,2219.262445,1656.840581,-3876.28747,LLL
-346.4700132,348.5697652,-2.120776511,2117.823817,1766.565353,-3884.573613,LLL
-352.6583774,342.1541476,10.48320562,2014.295094,1874.546641,-3889.026176,LLL
-358.4987677,335.4008961,23.07684768,1908.778487,1980.67792,-3889.640846,LLL
-363.9854197,328.3166757,35.64772031,1801.378088,2084.854411,-3886.416936,LLL
-369.1129193,320.9084774,48.18341854,1692.199927,2186.973345,-3879.357708,LLL
-373.8762058,313.1836125,60.67157018,1581.351712,2286.933902,-3868.470048,LLL
-378.2705789,305.1497041,73.0998519,1468.942874,2384.637475,-3853.764781,LLL
-382.2917013,296.8146813,85.45599753,1355.084309,2479.9876,-3835.25634,LLL
-385.9356053,288.186769,97.72781399,1239.888421,2572.89022,-3812.96307,LLL
-389.1986942,279.2744827,109.9031895,1123.468855,2663.253609,-3786.906891,LLL
-392.0777482,270.086617,121.9701095,1005.940542,2750.988632,-3757.113599,LLL
-394.5699256,260.6322398,133.9166643,887.4194292,2836.008663,-3723.612515,LLL
-396.6727673,250.9206811,145.7310651,768.0225218,2918.229838,-3686.436781,LLL
-398.3841978,240.9615252,157.4016516,647.8676109,2997.570975,-3645.623006,LLL
-399.7025283,230.7646004,168.9169073,527.0733143,3073.953814,-3601.211546,LLL
-400.6264575,220.3399702,180.265467,405.758802,3147.302934,-3553.246152,LLL
-401.155074,209.6979219,191.436132,284.043836,3217.545988,-3501.774238,LLL
-401.2878557,198.8489585,202.4178774,162.0484951,3284.613615,-3446.846523,LLL
-401.0246719,187.8037861,213.1998663,39.89321314,3348.439667,-3388.517292,LLL
-400.365782,176.5733055,223.7714573,-82.30149646,3408.961116,-3326.844029,LLL
-399.3118366,165.1685992,234.1222185,-204.4150032,3466.118274,-3261.887679,LLL
-397.8638754,153.6009228,244.2419339,-326.3268349,3519.854695,-3193.712266,LLL
-396.0233279,141.8816919,254.1206177,-447.9166402,3570.117386,-3122.38515,LLL
-393.79201,130.0224721,263.7485197,-569.0644636,3616.856705,-3047.976644,LLL
-391.1721241,118.0349669,273.1161394,-689.650708,3660.026565,-2970.560258,LLL
-388.1662553,105.9310067,282.214231,-809.5564081,3699.584323,-2890.212315,LLL
-384.7773706,93.72253642,291.0338169,-928.6631928,3735.49098,-2807.012185,LLL
-381.0088138,81.42160466,299.5661922,-1046.853557,3767.711062,-2721.041901,LLL
-376.8643046,69.04035053,307.8029374,-1164.010821,3796.212809,-2632.386382,LLL
-372.3479326,56.59099329,315.7359229,-1280.019406,3820.968056,-2541.133043,LLL
-367.4641553,44.08581851,323.3573207,-1394.764784,3841.95241,-2447.372017,LLL
-362.2177921,31.53716773,330.6596086,-1508.133756,3859.145124,-2351.195757,LLL
-356.614021,18.9574245,337.6355809,-1620.014401,3872.52927,-2252.699256,LLL
-350.6583716,6.359003973,344.2783523,-1730.296345,3882.091599,-2151.97964,LLL
-344.3567219,-6.245661195,350.5813681,-1838.870714,3887.822715,-2049.136384,LLL
-337.7152906,-18.84413127,356.5384071,-1945.630398,3889.716922,-1944.270906,LLL
-330.7406323,-31.42397352,362.1435913,-2050.469998,3887.772389,-1837.486772,LLL
-323.4396296,-43.97277272,367.3913882,-2153.28609,3881.990998,-1728.889287,LLL
-315.8194884,-56.47814518,372.2766196,-2253.977167,3872.378492,-1618.585702,LLL
-307.8877282,-68.92774914,376.7944637,-2352.443898,3858.944319,-1506.684796,LLL
-299.6521773,-81.3092988,380.9404627,-2448.589071,3841.701776,-1393.297079,LLL
-291.1209626,-93.61057461,384.7105241,-2542.317839,3820.66784,-1278.534373,LLL
-282.3025039,-105.8194372,388.1009282,-2633.537665,3795.863307,-1162.510012,LLL
-273.2055035,-117.9238373,391.1083283,-2722.158565,3767.312619,-1045.338422,LLL
-263.8389395,-129.9118299,393.7297572,-2808.093043,3735.04399,-927.1353134,LLL
-254.2120551,-141.7715839,395.962627,-2891.256329,3699.089226,-808.0172623,LLL
-244.3343513,-153.4913955,397.8047351,-2971.566313,3659.48385,-688.1018994,LLL
-234.2155759,-165.0596982,399.2542626,-3048.943778,3616.266908,-567.5074914,LLL
-223.8657151,-176.465076,400.30978,-3123.312322,3569.481088,-446.3531255,LLL
-213.2949827,-187.6962727,400.9702445,-3194.598592,3519.172525,-324.7582916,LLL
-202.5138112,-198.7422049,401.2350054,-3262.732198,3465.390905,-202.8430639,LLL
-191.5328397,-209.5919711,401.1038005,-3327.645938,3408.189267,-80.72768315,LLL
-180.3629057,-220.2348644,400.5767601,-3389.275713,3347.624097,41.46726272,LLL
-169.0150321,-230.6603812,399.6544035,-3447.560739,3283.755131,163.6212567,LLL
-157.5004182,-240.858233,398.3376418,-3502.443458,3216.645436,285.613673,LLL
-145.8304273,-250.8183555,396.6277736,-3553.869746,3146.361204,407.3241942,LLL
-134.0165766,-260.5309196,394.5264872,-3601.788813,3072.971834,528.6326325,LLL
-122.0705244,-269.9863397,392.0358556,-3646.153406,2996.549716,649.4193453,LLL
-110.0040607,-279.175285,389.1583374,-3686.919706,2917.170307,769.5650565,LLL
-97.82909297,-288.0886866,385.8967715,-3724.047517,2834.911906,888.951271,LLL
-85.55763699,-296.7177486,382.2543778,-3757.500164,2749.85573,1007.460095,LLL
-73.20180274,-305.0539545,378.2347497,-3787.244668,2662.085682,1124.974648,LLL
-60.77378438,-313.0890781,373.8418552,-3813.251638,2571.688418,1241.378885,LLL
-48.28584643,-320.8151892,369.0800286,-3835.495447,2478.753112,1356.558001,LLL
-35.7503134,-328.2246634,363.9539702,-3853.954104,2383.371517,1470.398255,LLL
-23.17955592,-335.3101882,358.4687377,-3868.609431,2285.637726,1582.787374,LLL
-10.58598024,-342.0647714,352.6297455,-3879.446927,2185.648227,1693.614371,LLL
2.017985732,-348.4817465,346.442755,-3886.455934,2083.501661,1802.769945,LLL
14.61990297,-354.5547813,339.9138728,-3889.629498,1979.298872,1910.146301,LLL
27.20733533,-360.277882,333.0495414,-3888.964524,1873.142657,2015.637543,LLL
39.76786012,-365.6454009,325.8565358,-3884.461632,1765.137818,2119.139492,LLL
52.28908204,-370.6520406,318.3419539,-3876.125301,1655.390904,2220.550077,LLL
64.75864372,-375.2928606,310.5132124,-3863.963723,1544.010261,2319.769144,LLL
77.16423965,-379.5632804,302.3780366,-3847.988936,1431.105769,2416.69885,LLL
89.49362656,-383.4590861,293.9444557,-3828.216668,1316.78889,2511.243463,LLL
101.7346373,-386.9764327,285.2207918,-3804.666469,1201.172403,2603.309753,LLL
113.875191,-390.1118493,276.215655,-3777.361544,1084.370445,2692.806788,LLL
125.9033068,-392.8622412,266.9379313,-3746.328875,966.4982484,2779.646317,LLL
137.807114,-395.2248945,257.3967777,-3711.599053,847.672175,2863.74257,LLL
149.5748655,-397.1974773,247.6016092,-3673.206386,728.009456,2945.012624,LLL
161.1949474,-398.7780431,237.5620934,-3631.188729,607.6282198,3023.376204,LLL
172.6558926,-399.9650317,227.2881372,-3585.587583,486.6472324,3098.756047,LLL
183.94639,-400.7572723,216.7898806,-3536.447915,365.1859233,3171.07769,LLL
195.0552978,-401.1539824,206.0776832,-3483.818256,243.3641243,3240.269832,LLL
205.9716523,-401.154771,195.1621176,-3427.75051,121.3020944,3306.264118,LLL
216.6846808,-400.7596368,184.0539552,-3368.300044,-0.879741299,3368.995489,LLL
227.1838105,-399.9689704,172.7641593,-3305.525492,-123.0607687,3428.401967,LLL
237.4586805,-398.7835515,161.3038708,-3239.488843,-245.1204453,3484.424995,LLL
247.4991501,-397.2045505,149.6844003,-3170.255229,-366.9382775,3537.009216,LLL
257.2953112,-395.2335251,137.9172142,-3097.893013,-488.3940812,3586.102805,LLL
266.8374957,-392.872421,126.0139259,-3022.47357,-609.3679588,3631.657242,LLL
276.1162869,-390.1235679,113.9862818,-2944.071367,-729.7405591,3673.627641,LLL
285.1225276,-386.989679,101.8461525,-2862.763742,-849.3930536,3711.972511,LLL
293.8473299,-383.4738466,89.60551809,-2778.63097,-968.2073948,3746.654083,LLL
302.2820831,-379.5795408,77.27645937,-2691.756046,-1086.066292,3777.638058,LLL
310.4184637,-375.3106045,64.87114283,-2602.224739,-1202.853469,3804.893929,LLL
318.2484414,-370.671251,52.40181183,-2510.125372,-1318.453634,3828.394728,LLL
325.7642896,-365.6660584,39.88077128,-2415.548869,-1432.752739,3848.117333,LLL
332.9585906,-360.2999666,27.32037876,-2318.588532,-1545.637951,3864.04221,LLL
339.8242448,-354.5782708,14.73302903,-2219.340084,-1656.9979,3876.153713,LLL
346.3544763,-348.5066181,2.131145112,-2117.901436,-1766.722652,3884.439819,LLL
352.542841,-342.0910001,-10.47283728,-2014.372731,-1874.703958,3888.892421,LLL
358.3832312,-335.3377486,-23.06647872,-1908.856104,-1980.835217,3889.507054,LLL
363.8698836,-328.2535278,-35.63735161,-1801.455722,-2085.011725,3886.283183,LLL
368.9973832,-320.8453296,-48.17304921,-1692.277542,-2187.130639,3879.223918,LLL
373.7606701,-313.1204643,-60.66120112,-1581.429344,-2287.091215,3868.336297,LLL
378.1550432,-305.086556,-73.08948221,-1469.020487,-2384.794767,3853.630994,LLL
382.1761661,-296.7515327,-85.4456281,-1355.161939,-2480.14491,3835.122591,LLL
385.82007,-288.1236205,-97.71744393,-1239.966032,-2573.04751,3812.829285,LLL
389.0831593,-279.2113337,-109.8928197,-1123.546483,-2663.410917,3786.773145,LLL
391.9622133,-270.0234681,-121.9597391,-1006.01815,-2751.145919,3756.979817,LLL
394.4543911,-260.5690906,-133.9062941,-887.4970545,-2836.165968,3723.478771,LLL
396.5572329,-250.8575318,-145.7206944,-768.1001276,-2918.387123,3686.303001,LLL
398.2686637,-240.8983756,-157.3912811,-647.9452339,-2997.728278,3645.489264,LLL
399.5869942,-230.7014509,-168.9065361,-527.1509178,-3074.111097,3601.077769,LLL
400.5109238,-220.2768202,-180.2550961,-405.8364227,-3147.460234,3553.112412,LLL
401.0395403,-209.634772,-191.4257605,-284.1214372,-3217.703269,3501.640463,LLL
401.1723224,-198.7858082,-202.4075061,-162.1261135,-3284.770913,3446.712786,LLL
400.9091386,-187.7406359,-213.1894944,-39.97081211,-3348.596946,3388.383519,LLL
400.2502491,-176.5101548,-223.7610857,82.22388039,-3409.118412,3326.710294,LLL
399.1963037,-165.1054486,-234.1118462,204.3374065,-3466.275551,3261.753909,LLL
397.748343,-153.5377719,-244.231562,326.2492211,-3520.011989,3193.578533,LLL
395.9077955,-141.8185409,-254.1102451,447.8390457,-3570.27466,3122.251382,LLL
393.6764779,-129.9593208,-263.7381474,568.9868521,-3617.013996,3047.842913,LLL
391.056592,-117.9718156,-273.1057664,689.5731158,-3660.183837,2970.426492,LLL
388.0507237,-105.8678551,-282.2038583,809.478799,-3699.741612,2890.078586,LLL
384.6618389,-93.65938477,-291.0234436,928.5856028,-3735.64825,2806.878422,LLL
380.8932826,-81.35845262,-299.5558191,1046.77595,-3767.868348,2720.908175,LLL
376.7487733,-68.97719853,-307.7925637,1163.933234,-3796.370077,2632.252621,LLL
372.2324017,-56.52784091,-315.7255494,1279.941801,-3821.12534,2540.999319,LLL
367.3486245,-44.02266616,-323.3469466,1394.687199,-3842.109675,2447.238258,LLL
362.1022617,-31.474015,-330.6492347,1508.056154,-3859.302406,2351.062035,LLL
356.4984905,-18.89427181,-337.6252065,1619.936818,-3872.686532,2252.565499,LLL
350.5428415,-6.295850893,-344.2679781,1730.218745,-3882.248879,2151.84592,LLL
344.2411919,6.308814237,-350.5709933,1838.793133,-3887.979975,2049.00263,LLL
337.5997609,18.90728469,-356.5280326,1945.5528,-3889.874199,1944.137189,LLL
330.6251026,31.48712691,-362.1332162,2050.392419,-3887.929648,1837.35302,LLL
323.3241004,44.0359265,-367.3810133,2153.208494,-3882.148273,1728.755572,LLL
315.7039591,56.54129892,-372.2662441,2253.89959,-3872.535748,1618.451953,LLL
307.7721994,68.99090326,-376.7840885,2352.366305,-3859.101592,1506.551084,LLL
299.5366484,81.37245288,-380.9300868,2448.511496,-3841.859029,1393.163332,LLL
291.0054341,93.67372908,-384.7001485,2542.240248,-3820.82511,1278.400662,LLL
282.1869754,105.8825916,-388.090552,2633.460093,-3796.020558,1162.376267,LLL
273.0899755,117.9869921,-391.0979523,2722.080977,-3767.469887,1045.204714,LLL
263.7234115,129.9749847,-393.7193806,2808.015473,-3735.201239,927.0015711,LLL
254.0965275,141.8347391,-395.9522507,2891.178743,-3699.246492,807.8835563,LLL
244.2188237,153.5545506,-397.7943582,2971.488746,-3659.641096,687.9681594,LLL
234.1000486,165.1228537,-399.2438859,3048.866194,-3616.424171,567.3737876,LLL
223.7501879,176.5282315,-400.2994026,3123.234757,-3569.638333,446.219388,LLL
213.1794559,187.7594285,-400.9598675,3194.52101,-3519.329786,324.6245901,LLL
202.3982843,198.8053607,-401.2246278,3262.654635,-3465.548148,202.7093286,LLL
191.4173133,209.6551273,-401.0934231,3327.568359,-3408.346525,80.59398392,LLL
180.2473793,220.2980206,-400.5663821,3389.198152,-3347.781337,-41.6009956,LLL
168.899506,230.7235377,-399.6440257,3447.483162,-3283.912387,-163.7549536,LLL
157.3848922,240.9213895,-398.3272634,3502.3659,-3216.802674,-285.7474035,LLL
145.7149017,250.8815124,-396.6173954,3553.792171,-3146.518458,-407.4578889,LLL
133.9010509,260.5940765,-394.5161085,3601.711257,-3073.12907,-528.7663607,LLL
121.9549992,270.049497,-392.025477,3646.075834,-2996.706968,-649.5530377,LLL
109.8885354,279.2384422,-389.1479582,3686.842152,-2917.32754,-769.6987824,LLL
97.71356814,288.1518442,-385.8863926,3723.969947,-2835.069155,-889.0849612,LLL
85.44211216,296.7809061,-382.2439983,3757.422612,-2750.01296,-1007.593818,LLL
73.08627832,305.1171124,-378.2243705,3787.1671,-2662.242929,-1125.108336,LLL
60.65825996,313.152236,-373.8314754,3813.174089,-2571.845647,-1241.512606,LLL
48.17032241,320.8783474,-369.069649,3835.417881,-2478.910357,-1356.691686,LLL
35.63478937,328.2878217,-363.9435899,3853.876557,-2383.528743,-1470.531974,LLL
23.0640323,335.3733469,-358.4583577,3868.531868,-2285.794968,-1582.921058,LLL
10.47045662,342.12793,-352.6193649,3879.369382,-2185.805451,-1693.748088,LLL
-2.133508953,348.5449055,-346.4323746,3886.378373,-2083.658901,-1802.903627,LLL
-14.73542619,354.6179403,-339.9034919,3889.551955,-1979.456093,-1910.280015,LLL
-27.32285815,360.3410413,-333.0391607,3888.886966,-1873.299895,-2015.771222,LLL
-39.88338294,365.7085602,-325.8461545,3884.384091,-1765.295037,-2119.273204,LLL
-52.40460446,370.7152003,-318.3315728,3876.047745,-1655.548139,-2220.683754,LLL
-64.87416614,375.3560202,-310.5028307,3863.886185,-1544.167478,-2319.902854,LLL
-77.27976166,379.6264404,-302.3676551,3847.911382,-1431.263002,-2416.832524,LLL
-89.60914858,383.5222461,-293.9340737,3828.139132,-1316.946105,-2511.37717,LLL
-101.8501589,387.0395931,-285.21041,3804.588918,-1201.329634,-2603.443425,LLL
-113.9907126,390.1750096,-276.2052726,3777.28401,-1084.527658,-2692.940492,LLL
-126.018828,392.9254019,-266.9275491,3746.251326,-966.6554765,-2779.779987,LLL
-137.9226353,395.2880552,-257.3863949,3711.521521,-847.8293852,-2863.876272,LLL
-149.6903863,397.2606383,-247.5912267,3673.128839,-728.1666817,-2945.146292,LLL
-161.3104682,398.8412041,-237.5517103,3631.1112,-607.7854277,-3023.509904,LLL
-172.771413,400.0281932,-227.2777543,3585.510038,-486.8044559,-3098.889713,LLL
-184.0619104,400.8204336,-216.7794971,3536.370388,-365.3431289,-3171.211388,LLL
-195.1708178,401.2171441,-206.0672999,3483.740714,-243.5213454,-3240.403496,LLL
-206.0871723,401.2179327,-195.1517337,3427.672985,-121.4592978,-3306.397813,LLL
-216.8002004,400.822799,-184.0435716,3368.222504,0.722522534,-3369.12915,LLL
-227.2993301,400.0321325,-172.7537751,3305.44797,122.9035676,-3428.53566,LLL
-237.5741997,398.846714,-161.2934868,3239.411305,244.9632288,-3484.558654,LLL
-247.6146693,397.2677129,-149.6740158,3170.177709,366.7810787,-3537.142907,LLL
-257.41083,395.2966879,-137.9068298,3097.815477,488.2368671,-3586.236461,LLL
-266.9530145,392.9355838,-126.003541,3022.396052,609.2107623,-3631.79093,LLL
-276.2318054,390.186731,-113.9758971,2943.993834,729.5833473,-3673.761295,LLL
-285.238046,387.0528421,-101.8357672,2862.686226,849.2358594,-3712.106197,LLL
-293.9628479,383.5370101,-89.595133,2778.553439,968.0501853,-3746.787735,LLL
-302.3976011,379.6427043,-77.26607372,2691.678533,1085.9091,-3777.771741,LLL
-310.5339813,375.3737684,-64.86075738,2602.147211,1202.696261,-3805.027579,LLL
-318.363959,370.7344149,-52.39142582,2510.047861,1318.296444,-3828.52841,LLL
-325.8798068,365.7292226,-39.87038547,2415.471343,1432.595535,-3848.250981,LLL
-333.0741078,360.3631307,-27.30999238,2318.511024,1545.480764,-3864.175889,LLL
-339.9397616,354.6414353,-14.72264285,2219.26256,1656.840698,-3876.287358,LLL
-346.4699931,348.5697826,-2.120758368,2117.82393,1766.565467,-3884.573495,LLL
-352.6583574,342.1541649,10.48322382,2014.29521,1874.546758,-3889.026063,LLL
-358.4987476,335.4009134,23.07686582,1908.7786,1980.678034,-3889.640728,LLL
-363.9853996,328.3166931,35.64773852,1801.378203,2084.854528,-3886.416823,LLL
-369.1128992,320.9084948,48.18343668,1692.20004,2186.973459,-3879.35759,LLL
-373.8761857,313.1836299,60.67158839,1581.351827,2286.934019,-3868.469935,LLL
-378.2705588,305.1497215,73.09987004,1468.942987,2384.637589,-3853.764664,LLL
-382.2916813,296.8146986,85.45601573,1355.084425,2479.987717,-3835.256227,LLL
-385.9355852,288.1867864,97.72783213,1239.888534,2572.890334,-3812.962952,LLL
-389.1986741,279.2745,109.9032077,1123.46897,2663.253726,-3786.906779,LLL
-392.0777281,270.0866344,121.9701276,1005.940655,2750.988746,-3757.113481,LLL
-394.5699055,260.6322572,133.9166825,887.4195444,2836.008779,-3723.612403,LLL
-396.6727472,250.9206984,145.7310833,768.0226346,2918.229952,-3686.436664,LLL
-398.3841777,240.9615426,157.4016698,647.8677262,2997.571092,-3645.622893,LLL
-399.7025082,230.7646178,168.9169254,527.0734271,3073.953928,-3601.211429,LLL
-400.6264374,220.3399875,180.2654852,405.7589172,3147.30305,-3553.24604,LLL
-401.1550539,209.6979393,191.4361502,284.0439487,3217.546102,-3501.774121,LLL
-401.2878356,198.8489759,202.4178956,162.0486103,3284.613731,-3446.84641,LLL
-401.0246518,187.8038035,213.1998844,39.89332591,3348.439781,-3388.517174,LLL
-400.3657619,176.5733228,223.7714755,-82.30138126,3408.961233,-3326.843917,LLL
-399.3118165,165.1686166,234.1222366,-204.4148904,3466.118389,-3261.887562,LLL
-397.8638554,153.6009402,244.2419521,-326.3267197,3519.854812,-3193.712154,LLL
-396.0233078,141.8817092,254.1206358,-447.9165274,3570.1175,-3122.385033,LLL
-393.7919899,130.0224895,263.7485379,-569.0643484,3616.856822,-3047.976532,LLL
-391.172104,118.0349843,273.1161575,-689.6505952,3660.026679,-2970.56014,LLL
-388.1662353,105.9310241,282.2142492,-809.556293,3699.58444,-2890.212202,LLL
-384.7773505,93.7225538,291.033835,-928.66308,3735.491095,-2807.012068,LLL
-381.0087938,81.42162201,299.5662104,-1046.853441,3767.711179,-2721.041789,LLL
-376.8642845,69.04036791,307.8029555,-1164.010709,3796.212924,-2632.386265,LLL
-372.3479125,56.59101064,315.7359411,-1280.019291,3820.968173,-2541.13293,LLL
-367.4641353,44.08583589,323.3573388,-1394.764672,3841.952524,-2447.371899,LLL
-362.2177721,31.53718508,330.6596267,-1508.133641,3859.145241,-2351.195645,LLL
-356.6140009,18.95744188,337.635599,-1620.014288,3872.529384,-2252.699138,LLL
-350.6583515,6.359021322,344.2783705,-1730.29623,3882.091716,-2151.979527,LLL
-344.3567018,-6.245643817,350.5813862,-1838.870602,3887.822829,-2049.136267,LLL
-337.7152705,-18.84411392,356.5384253,-1945.630283,3889.717038,-1944.270794,LLL
-330.7406122,-31.42395614,362.1436094,-2050.469885,3887.772504,-1837.486654,LLL
-323.4396096,-43.97275538,367.3914064,-2153.285974,3881.991115,-1728.889175,LLL
-315.8194683,-56.4781278,372.2766378,-2253.977054,3872.378606,-1618.585585,LLL
-307.8877082,-68.92773179,376.7944819,-2352.443783,3858.944436,-1506.684684,LLL
-299.6521572,-81.30928142,380.9404808,-2448.588958,3841.70189,-1393.296961,LLL
-291.1209425,-93.61055726,384.7105423,-2542.317723,3820.667956,-1278.53426,LLL
-282.3024838,-105.8194198,388.1009464,-2633.537552,3795.863421,-1162.509895,LLL
-273.2054834,-117.92382,391.1083465,-2722.15845,3767.312736,-1045.33831,LLL
-263.8389194,-129.9118126,393.7297753,-2808.09293,3735.044104,-927.1351961,LLL
-254.212035,-141.7715665,395.9626452,-2891.256214,3699.089343,-808.0171497,LLL
-244.3343313,-153.4913781,397.8047533,-2971.566201,3659.483964,-688.1017821,LLL
-234.2155558,-165.0596808,399.2542808,-3048.943663,3616.267024,-567.5073788,LLL
-223.865695,-176.4650586,400.3097981,-3123.31221,3569.481202,-446.3530082,LLL
-213.2949627,-187.6962553,400.9702627,-3194.598477,3519.172642,-324.758179,LLL
-202.5137911,-198.7421875,401.2350236,-3262.732085,3465.39102,-202.8429466,LLL
-191.5328196,-209.5919538,401.1038187,-3327.645823,3408.189383,-80.72757052,LLL
-180.3628856,-220.2348471,400.5767783,-3389.2756,3347.624212,41.46738001,LLL
-169.015012,-230.6603638,399.6544217,-3447.560624,3283.755248,163.6213693,LLL
-157.5003981,-240.8582157,398.3376599,-3502.443346,3216.64555,285.6137902,LLL
-145.8304072,-250.8183382,396.6277918,-3553.869631,3146.361321,407.3243068,LLL
-134.0165565,-260.5309022,394.5265054,-3601.7887,3072.971949,528.6327498,LLL
-122.0705044,-269.9863224,392.0358737,-3646.153291,2996.549833,649.4194579,LLL
-110.0040406,-279.1752677,389.1583555,-3686.919593,2917.170421,769.5651738,LLL
-97.82907291,-288.0886693,385.8967897,-3724.047402,2834.912022,888.9513836,LLL
-85.5576169,-296.7177312,382.2543959,-3757.500051,2749.855844,1007.460212,LLL
-73.20178269,-305.0539372,378.2347679,-3787.244553,2662.085799,1124.974761,LLL
-60.7737643,-313.0890607,373.8418734,-3813.251526,2571.688532,1241.379002,LLL
-48.28582637,-320.8151718,369.0800468,-3835.495332,2478.753229,1356.558113,LLL
-35.75029331,-328.2246461,363.9539883,-3853.953991,2383.371631,1470.398372,LLL
-23.17953586,-335.3101709,358.4687559,-3868.609316,2285.637843,1582.787487,LLL
-10.58596015,-342.064754,352.6297636,-3879.446814,2185.648341,1693.614488,LLL
2.018005789,-348.4817292,346.4427731,-3886.455819,2083.501778,1802.770058,LLL
14.61992305,-354.554764,339.9138909,-3889.629385,1979.298986,1910.146418,LLL
27.20735539,-360.2778647,333.0495596,-3888.964409,1873.142774,2015.637656,LLL
39.76788021,-365.6453836,325.8565539,-3884.461519,1765.137932,2119.13961,LLL
52.28910209,-370.6520233,318.3419721,-3876.125186,1655.391021,2220.55019,LLL
64.7586638,-375.2928432,310.5132305,-3863.96361,1544.010375,2319.769262,LLL
77.1642597,-379.5632631,302.3780548,-3847.988821,1431.105886,2416.698963,LLL
89.49364664,-383.4590688,293.9444738,-3828.216555,1316.789004,2511.24358,LLL
101.7346573,-386.9764154,285.22081,-3804.666354,1201.17252,2603.309865,LLL
113.875211,-390.1118319,276.2156731,-3777.361431,1084.370559,2692.806905,LLL
125.9033269,-392.8622238,266.9379495,-3746.32876,966.4983649,2779.64643,LLL
137.8071341,-395.2248772,257.3967958,-3711.59894,847.6722892,2863.742687,LLL
149.5748856,-397.1974599,247.6016274,-3673.206271,728.0095724,2945.012737,LLL
161.1949675,-398.7780257,237.5621116,-3631.188616,607.628334,3023.376321,LLL
172.6559126,-399.9650144,227.2881554,-3585.587468,486.6473489,3098.75616,LLL
183.9464101,-400.7572549,216.7898987,-3536.447802,365.1860375,3171.077808,LLL
195.0553178,-401.153965,206.0777014,-3483.818141,243.3642407,3240.269945,LLL
205.9716724,-401.1547536,195.1621357,-3427.750397,121.3022087,3306.264235,LLL
216.6847009,-400.7596195,184.0539734,-3368.299928,-0.879624853,3368.995602,LLL
227.1838306,-399.9689531,172.7641774,-3305.52538,-123.0606545,3428.402084,LLL
237.4587005,-398.7835342,161.303889,-3239.488728,-245.1203288,3484.425108,LLL
247.4991702,-397.2045331,149.6844185,-3170.255116,-366.9381632,3537.009333,LLL
257.2953313,-395.2335078,137.9172323,-3097.892898,-488.3939647,3586.102917,LLL
266.8375158,-392.8724036,126.013944,-3022.473457,-609.3678446,3631.657359,LLL
276.116307,-390.1235506,113.9863,-2944.071252,-729.7404427,3673.627753,LLL
285.1225476,-386.9896616,101.8461706,-2862.763629,-849.3929393,3711.972628,LLL
293.8473499,-383.4738292,89.60553627,-2778.630855,-968.2072784,3746.654195,LLL
302.2821032,-379.5795235,77.2764775,-2691.755933,-1086.066178,3777.638175,LLL
310.4184837,-375.3105872,64.87116101,-2602.224624,-1202.853352,3804.894042,LLL
318.2484615,-370.6712337,52.40182996,-2510.125259,-1318.45352,3828.394845,LLL
325.7643097,-365.6660411,39.88078946,-2415.548754,-1432.752623,3848.117446,LLL
332.9586107,-360.2999492,27.32039689,-2318.58842,-1545.637837,3864.042327,LLL
339.8242648,-354.5782534,14.73304721,-2219.339969,-1656.997784,3876.153825,LLL
346.3544964,-348.5066007,2.131163237,-2117.901324,-1766.722538,3884.439936,LLL
352.542861,-342.0909827,-10.4728191,-2014.372616,-1874.703841,3888.892533,LLL
358.3832513,-335.3377312,-23.06646059,-1908.855991,-1980.835102,3889.507171,LLL
363.8699037,-328.2535105,-35.63733343,-1801.455607,-2085.011609,3886.283295,LLL
368.9974033,-320.8453122,-48.17303109,-1692.277429,-2187.130525,3879.224035,LLL
373.7606902,-313.120447,-60.66118294,-1581.429229,-2287.091098,3868.33641,LLL
378.1550633,-305.0865386,-73.08946409,-1469.020374,-2384.794653,3853.631111,LLL
382.1761861,-296.7515154,-85.44560992,-1355.161824,-2480.144794,3835.122704,LLL
385.8200901,-288.1236032,-97.71742581,-1239.965919,-2573.047395,3812.829402,LLL
389.0831794,-279.2113164,-109.8928016,-1123.546368,-2663.4108,3786.773258,LLL
391.9622334,-270.0234508,-121.9597209,-1006.018037,-2751.145805,3756.979934,LLL
394.4544112,-260.5690732,-133.906276,-887.4969395,-2836.165851,3723.478884,LLL
396.5572529,-250.8575145,-145.7206762,-768.1000148,-2918.387009,3686.303118,LLL
398.2686837,-240.8983583,-157.3912629,-647.945119,-2997.728161,3645.489377,LLL
399.5870143,-230.7014335,-168.906518,-527.150805,-3074.110983,3601.077886,LLL
400.5109439,-220.2768029,-180.2550779,-405.8363077,-3147.460118,3553.112525,LLL
401.0395604,-209.6347547,-191.4257424,-284.1213244,-3217.703154,3501.64058,LLL
401.1723424,-198.7857909,-202.4074879,-162.1259985,-3284.770797,3446.712898,LLL
400.9091587,-187.7406185,-213.1894763,-39.97069931,-3348.596831,3388.383636,LLL
400.2502692,-176.5101375,-223.7610675,82.2239953,-3409.118296,3326.710407,LLL
399.1963238,-165.1054312,-234.1118281,204.3375193,-3466.275437,3261.754026,LLL
397.748363,-153.5377545,-244.2315438,326.249336,-3520.011872,3193.578646,LLL
395.9078155,-141.8185235,-254.110227,447.8391585,-3570.274546,3122.251499,LLL
393.676498,-129.9593035,-263.7381292,568.986967,-3617.01388,3047.843026,LLL
391.0566121,-117.9717982,-273.1057483,689.5732286,-3660.183722,2970.426609,LLL
388.0507437,-105.8678377,-282.2038402,809.4789139,-3699.741496,2890.078699,LLLG
384.6644914,-93.66004075,-291.0252858,928.6162665,-3735.65595,2806.856948,LLLG
380.8965462,-81.35892803,-299.5578139,1046.812014,-3767.873517,2720.886124,LLLG
376.7537844,-68.97806002,-307.7959179,1163.987003,-3796.379287,2632.216435,LLLG
372.2382418,-56.52877467,-315.7296283,1280.00231,-3821.134968,2540.956605,LLLG
367.355842,-44.0237192,-323.3520699,1394.75965,-3842.119956,2447.186344,LLLG
362.1105607,-31.47496227,-330.6550828,1508.137435,-3859.311026,2351.004369,LLLG
356.5078796,-18.89527748,-337.6320731,1620.025678,-3872.695199,2252.499686,LLLG
350.5531698,-6.296812554,-344.2757487,1730.314117,-3882.256779,2151.772858,LLLG
344.2525577,6.30797453,-350.5796649,1838.894996,-3887.985911,2048.923475,LLLG
337.6121178,18.90660413,-356.537515,1945.661405,-3889.878241,1944.052385,LLLG
330.6383669,31.48648606,-362.1436127,2050.505639,-3887.932966,1837.262352,LLLG
323.3382531,44.03536342,-367.3922538,2153.327016,-3882.150843,1728.659213,LLLG
315.7190484,56.5408507,-372.278272,2254.022955,-3872.536824,1618.351533,LLLG
307.7881844,68.9905714,-376.7968722,2352.494926,-3859.101613,1506.446205,LLLG
299.5534565,81.37216446,-380.9436798,2448.643528,-3841.858553,1393.054235,LLLG
291.0230627,93.67351874,-384.7144867,2542.376624,-3820.824117,1278.28734,LLLG
282.2054471,105.8824867,-388.1055883,2633.600168,-3796.018396,1162.260103,LLLG
273.1092405,117.9869789,-391.1136711,2722.225098,-3767.467132,1045.085056,LLLG
263.743418,129.9750187,-393.7358064,2808.16216,-3735.198088,926.8789024,LLLG
254.1172718,141.8348525,-395.9693216,2891.32893,-3699.242928,807.7577894,LLLG
244.2403118,153.5547587,-397.8120383,2971.641681,-3659.636606,687.8404466,LLLG
234.1222263,165.1231388,-399.262163,3049.022189,-3616.419345,567.2434126,LLLG
223.7730188,176.5285679,-400.3182811,3123.392602,-3569.633138,446.086993,LLLG
213.2029308,187.7598442,-400.9792887,3194.681575,-3519.324237,324.4900221,LLLG
202.4223968,198.8058612,-401.2445644,3262.817091,-3465.54185,202.5735664,LLLG
191.442009,209.6556962,-401.1138604,3327.733022,-3408.340029,80.4563314,LLLG
180.2726316,220.2986444,-400.5873108,3389.363998,-3347.774467,-41.73979703,LLLG
168.9252992,230.7242391,-399.6653914,3447.650972,-3283.905205,-163.8951165,LLLG
157.4112106,240.9221674,-398.3490439,3502.534802,-3216.794872,-285.88807,LLLG
145.7416935,250.8823537,-396.6395715,3553.962504,-3146.510524,-407.5996983,LLLG
133.9282948,260.5949753,-394.5386619,3601.882115,-3073.120747,-528.9085202,LLLG
121.982673,270.0504707,-392.0483577,3646.247913,-2996.69837,-649.6958108,LLLG
109.9166178,279.2394857,-389.1711466,3687.014563,-2917.318414,-769.8413921,LLLG
97.7420102,288.1529484,-385.9098646,3724.143056,-2835.059925,-889.2279798,LLLG
85.47089509,296.7820692,-382.2677302,3757.595593,-2750.00333,-1007.736437,LLLG
73.11537454,305.118347,-378.2483164,3787.340566,-2662.233056,-1125.250859,LLLG
60.6876448,313.1535351,-373.8556165,3813.347161,-2571.83531,-1241.654309,LLLG
48.19995019,320.8797057,-369.093957,3835.590948,-2478.899922,-1356.833079,LLLG
35.66464193,328.2892393,-363.9680384,3854.048843,-2383.517904,-1470.672256,LLLG
23.09407793,335.3748324,-358.4829042,3868.70392,-2285.783915,-1583.060562,LLLG
10.50066915,342.1294761,-352.6439903,3879.540345,-2185.793979,-1693.886125,LLLG
-2.103172326,348.5465098,-346.4570475,3886.548652,-2083.647328,-1803.040654,LLLG
-14.70498386,354.6196033,-339.9281849,3889.720812,-1979.444117,-1910.415258,LLLG
-27.29234454,360.342769,-333.0638342,3889.054893,-1873.28773,-2015.905032,LLLG
-39.85282442,365.7103454,-325.8707889,3884.550269,-1765.282484,-2119.404917,LLLG
-52.37404133,370.7170427,-318.3561347,3876.212587,-1655.535479,-2220.813786,LLLG
-64.84361729,375.3579203,-310.527293,3864.04898,-1544.154421,-2320.030464,LLLG
-77.24926293,379.6284019,-302.3919805,3848.072585,-1431.249777,-2416.958075,LLLG
-89.57872566,383.5242628,-293.9582421,3828.297963,-1316.932514,-2511.500021,LLLG
-101.8198498,387.0416659,-285.2343872,3804.745795,-1201.315928,-2603.563961,LLLG
-113.9605367,390.1771387,-276.2290325,3777.438246,-1084.513568,-2693.058012,LLLG
-125.9888213,392.9275896,-266.9510566,3746.403348,-966.6412341,-2779.894857,LLLG
-137.8928222,395.2902961,-257.4096297,3711.670593,-847.8147919,-2863.987873,LLLG
-149.6608029,397.2629343,-247.6141547,3673.275378,-728.1519687,-2945.25499,LLLG
-161.2811336,398.8435546,-237.5743071,3631.254543,-607.7703441,-3023.61504,LLLG
-172.7423626,400.0305998,-227.2999867,3585.650596,-486.7892319,-3098.991652,LLLG
-184.033167,400.8228919,-216.8013451,3536.507467,-365.3275661,-3171.309535,LLLG
-195.1424151,401.2196562,-206.0887307,3483.87473,-243.5056598,-3240.498205,LLLG
-206.0591292,401.2204975,-195.1727246,3427.803302,-121.4432561,-3306.488466,LLLG
-216.7725113,400.8254177,-184.064131,3368.349979,0.738695652,-3369.216571,LLLG
-227.2719755,400.0348014,-172.773924,3305.572393,122.9200695,-3428.619718,LLLG
-237.5471789,398.8494354,-161.3132263,3239.533404,244.9798544,-3484.640014,LLLG
-247.5879642,397.2704852,-149.6933614,3170.297222,366.7980461,-3537.221336,LLLG
-257.3844407,395.2995121,-137.9257845,3097.933069,488.2539593,-3586.312595,LLLG
-266.9269269,392.9384568,-126.0221193,3022.511386,609.2281742,-3631.864497,LLLG
-276.2060185,390.1896551,-113.9941004,2944.107547,729.6008824,-3673.832871,LLLG
-285.2125461,387.0558153,-101.8536074,2862.797962,849.2537224,-3712.175463,LLLG
-293.9376358,383.5400334,-89.61261225,2778.663781,968.0681685,-3746.855244,LLLG
-302.3726649,379.6457751,-77.28320372,2691.787092,1085.927394,-3777.837163,LLLG
-310.5093209,375.3768888,-64.87753873,2602.254554,1202.714677,-3805.091421,LLLG
-318.3395629,370.7375827,-52.4078689,2510.153595,1318.315175,-3828.590321,LLLG
-325.8556763,365.732439,-39.88649159,2415.575994,1432.614382,-3848.311457,LLLG
-333.0502321,360.3663932,-27.32577169,2318.614187,1545.499913,-3864.234575,LLLG
-339.9161414,354.6447459,-14.73809538,2219.364751,1656.859966,-3876.344715,LLLG
-346.4466181,348.573139,-2.135893642,2117.924744,1766.585039,-3884.629164,LLLG
-352.6352292,342.1575684,10.46840515,2014.395132,1874.566442,-3889.080498,LLLG
-358.4758563,335.4043617,23.0623546,1908.877226,1980.698012,-3889.693568,LLLG
-363.9627464,328.3201879,35.63353499,1801.476012,2084.874622,-3886.468498,LLLG
-369.0904745,320.912034,48.16953197,1692.296627,2186.993845,-3879.407741,LLLG
-373.8539915,313.1872147,60.65798227,1581.447649,2286.954517,-3868.518986,LLLG
-378.2485856,305.1533499,73.08655407,1469.037645,2384.658371,-3853.812257,LLLG
-382.2699306,296.8183721,85.4429903,1355.17837,2480.008613,-3835.302768,LLLG
-385.9140482,288.1905029,97.71508886,1239.981369,2572.91151,-3813.00809,LLLG
-389.1773527,279.2782607,109.8907467,1123.561129,2663.275012,-3786.950913,LLLG
-392.0566134,270.0904373,121.9579409,1006.031749,2751.010307,-3757.156262,LLLG
-394.5489992,260.6361039,133.9047706,887.5100015,2836.030452,-3723.654216,LLLG
-396.6520409,250.9245867,145.7194382,768.1120685,2918.251895,-3686.477169,LLLG
-398.3636733,240.9654738,157.3902919,647.9565514,2997.593142,-3645.662469,LLLG
-399.6821974,230.76859,168.9058072,527.1612666,3073.976245,-3601.249736,LLLG
-400.606322,220.3440021,180.2546271,405.8461781,3147.325476,-3553.283447,LLLG
-401.1351258,209.7019942,191.4255447,284.1302579,3217.568789,-3501.810298,LLLG
-401.2680968,198.8530724,202.4075432,162.1343647,3284.636524,-3446.881719,LLLG
-401.0050944,187.8079398,213.189778,39.97816109,3348.462832,-3388.551287,LLLG
-400.3463877,176.5775002,223.7616155,-82.21707592,3408.984389,-3326.877187,LLLG
-399.2926179,165.1728331,234.112616,-204.3314751,3466.141798,-3261.919669,LLLG
-397.8448343,153.605197,244.2325714,-326.2438134,3519.878324,-3193.743446,LLLG
-396.0044567,141.8860046,254.1114881,-447.8344821,3570.141262,-3122.415194,LLLG
-393.7733106,130.0268247,263.7396238,-568.9827909,3616.880686,-3048.0059,LLLG
-391.1535893,118.0393574,273.1074702,-689.5698724,3660.050789,-2970.588408,LLLG
-388.147887,105.9354364,282.2057894,-809.4760393,3699.608651,-2890.239701,LLLG
-384.7591616,93.72700356,291.0255961,-928.5836346,3735.515547,-2807.038494,LLLG
-380.990766,81.42611035,299.5581929,-1046.774446,3767.735731,-2721.067468,LLLG
-376.846411,69.04489308,307.795153,-1163.932498,3796.237713,-2632.4109,LLLG
-372.3301952,56.59557379,315.7283542,-1279.941513,3820.993061,-2541.15684,LLLG
-367.4465672,44.09043536,323.3499615,-1394.687654,3841.977646,-2447.394791,LLLG
-362.2003552,31.54182196,330.6524594,-1508.05704,3859.170461,-2351.217831,LLLG
-356.5967285,18.96211451,337.6286356,-1619.938425,3872.554833,-2252.720333,LLLG
-350.6412256,6.363730789,344.2716116,-1730.220766,3882.117262,-2152.000036,LLLG
-344.3397158,-6.2408991,350.574826,-1838.795853,3887.848601,-2049.155808,LLLG
-337.6984262,-18.83933292,356.5320642,-1945.555919,3889.742906,-1944.289668,LLLG
-330.7239033,-31.41914045,362.1374418,-2050.396216,3887.798593,-1837.504586,LLLG
-323.423038,-43.96790395,367.3854327,-2153.212675,3882.017299,-1728.906458,LLLG
-315.8030277,-56.47324217,372.2708525,-2253.904428,3872.405009,-1618.601949,LLLG
-307.8714005,-68.92281097,376.7888857,-2352.371512,3858.970932,-1506.700418,LLLG
-299.6359764,-81.30432692,380.935068,-2448.517341,3841.728601,-1393.311799,LLLG
-291.1048904,-93.60556809,384.7053136,-2542.246448,3820.69476,-1278.548484,LLLG
-282.2865544,-105.8143974,388.0958964,-2633.466911,3795.890436,-1162.523245,LLLG
-273.1896786,-117.9187635,391.1034758,-2722.088137,3767.339842,-1045.351063,LLLG
-263.8232333,-129.9067234,393.7250787,-2808.023232,3735.071418,-927.1470973,LLLG
-254.1964695,-141.7664437,395.9581233,-2891.186832,3699.116748,-808.02847,LLLG
-244.3188807,-153.486223,397.8004008,-2971.497415,3659.511573,-688.1122713,LLLG
-234.2002219,-165.0544927,399.2500986,-3048.875181,3616.294724,-567.517303,LLLG
-223.8504723,-176.4598387,400.305781,-3123.244306,3569.509103,-446.3621219,LLLG
-213.2798529,-187.6910028,400.9664114,-3194.530865,3519.200631,-324.7667428,LLLG
-202.4987889,-198.7369037,401.2313332,-3262.665035,3465.419206,-202.8507197,LLLG
-191.5179268,-209.5866378,401.1002898,-3327.579053,3408.217658,-80.73480871,LLLG
-180.3480968,-220.2295003,400.5734061,-3389.209375,3347.652681,41.46091297,LLLG
-169.000329,-230.6549854,399.6512069,-3447.494667,3283.783804,163.6154229,LLLG
-157.4858158,-240.8528068,398.3345978,-3502.377918,3216.674298,285.6085961,LLLG
-145.8159272,-250.8128981,396.624883,-3553.804461,3146.390154,407.3196193,LLLG
-134.0021738,-260.5254323,394.5237453,-3601.724043,3073.00097,528.6287961,LLLG
-122.0562207,-269.9808217,392.0332631,-3646.088881,2996.578939,649.4159974,LLLG
-109.9898511,-279.1697375,389.1558897,-3686.85568,2917.199712,769.5624292,LLLG
-97.81497925,-288.0831089,385.8944696,-3723.983727,2834.941398,888.9491188,LLLG
-85.54361429,-296.7121417,382.2522169,-3757.436859,2749.885402,1007.458646,LLLG
-73.18787276,-305.0483178,378.2327308,-3787.181588,2662.11544,1124.973662,LLLG
-60.75994241,-313.0834128,373.8399738,-3813.189029,2571.718352,1241.378584,LLLG
-48.27209415,-320.8094945,369.0782855,-3835.433053,2478.783131,1356.55815,LLLG
-35.73664621,-328.2189405,363.952361,-3853.892167,2383.40171,1470.399074,LLLG
-23.16597548,-335.3044364,358.4672634,-3868.5477,2285.668002,1582.788631,LLLG
-10.57248206,-342.0589917,352.6284017,-3879.385639,2185.678675,1693.616281,LLLG
2.031400006,-348.4759384,346.4415425,-3886.394844,2083.532192,1802.772282,LLLG
14.63323774,-354.5489457,339.9127875,-3889.568838,1979.32957,1910.149275,LLLG
27.22058896,-360.2720183,333.0485841,-3888.904053,1873.173438,2015.640932,LLLG
39.7810369,-365.6395102,325.8557025,-3884.401578,1765.168764,2119.143503,LLLG
52.30218035,-370.6461223,318.3412453,-3876.065428,1655.421932,2220.554491,LLLG
64.77166777,-375.2869156,310.5126247,-3863.904254,1544.041451,2319.774166,LLLG
77.17718783,-379.5573081,302.3775705,-3847.92964,1431.13704,2416.704264,LLLG
89.50650298,-383.4530876,293.9441073,-3828.157764,1316.820321,2511.24947,LLLG
101.7474403,-386.9704073,285.2205619,-3804.607731,1201.203913,2603.316142,LLLG
113.8879247,-390.105798,276.2155399,-3777.303186,1084.402112,2692.813755,LLLG
125.9159696,-392.8561634,266.9379317,-3746.270675,966.5299944,2779.653657,LLLG
137.8197099,-395.2187913,257.39689,-3711.541222,847.704076,2863.750475,LLLG
149.5873928,-397.1913479,247.6018341,-3673.148706,728.0414346,2945.020891,LLLG
161.20741,-398.7718886,237.5624273,-3631.131406,607.660351,3023.385023,LLLG
172.668289,-399.9588515,227.2885809,-3585.530404,486.6794405,3098.765218,LLLG
183.9587239,-400.7510673,216.7904305,-3536.391083,365.2182813,3171.087399,LLLG
195.0675676,-401.1477521,206.0783401,-3483.761561,243.3965584,3240.279885,LLLG
205.9838618,-401.1485162,195.1628781,-3427.694151,121.3346762,3306.274695,LLLG
216.6968285,-400.7533572,184.05482,-3368.243816,-0.847084311,3369.006401,LLLG
227.1958999,-399.9626667,172.7651251,-3305.469591,-123.0279665,3428.413392,LLLG
237.4707101,-398.7772232,161.3049383,-3239.433066,-245.0875686,3484.436745,LLLG
247.5111235,-397.1981984,149.6855663,-3170.199769,-366.905258,3537.021467,LLLG
257.3072269,-395.2271488,137.9184793,-3097.837671,-488.360988,3586.115372,LLLG
266.849357,-392.8660213,126.015287,-3022.418535,-609.3347251,3631.670298,LLLG
276.1280925,-390.1171443,113.9877396,-2944.016444,-729.7072525,3673.641005,LLLG
285.1342807,-386.9832323,101.8477038,-2862.709116,-849.3596087,3711.986354,LLLG
293.8590292,-383.4673764,89.60716371,-2778.576452,-968.1738778,3746.668225,LLLG
302.2937319,-379.5730479,77.27819619,-2691.701816,-1086.032639,3777.652666,LLLG
310.4300604,-375.3040884,64.8729716,-2602.170611,-1202.819744,3804.90883,LLLG
318.2599894,-370.6647125,52.40372952,-2510.071522,-1318.419776,3828.410084,LLLG
325.7757873,-365.659497,39.88277864,-2415.495117,-1432.718811,3848.132974,LLLG
332.9700412,-360.2933831,27.32247281,-2318.535051,-1545.603891,3864.058295,LLLG
339.8356469,-354.5716648,14.73521053,-2219.286694,-1656.96377,3876.170075,LLLG
346.365833,-348.4999903,2.133411146,-2117.848309,-1766.688393,3884.456615,LLLG
352.5541509,-342.0843501,-10.47048596,-2014.31969,-1874.669629,3888.909487,LLLG
358.3944973,-335.3310771,-23.06404497,-1908.803317,-1980.80076,3889.524545,LLLG
363.8811046,-328.2468345,-35.63483469,-1801.403017,-2084.9772,3886.300936,LLLG
369.008562,-320.838615,-48.1704519,-1692.225084,-2187.095989,3879.242086,LLLG
373.7718053,-313.1137282,-60.65852268,-1581.376963,-2287.056497,3868.35472,LLLG
378.1661376,-305.079799,-73.08672538,-1468.968345,-2384.759926,3853.649822,LLLG
382.1872185,-296.7447545,-85.44279214,-1355.10987,-2480.110002,3835.141668,LLLG
385.8310831,-288.1168217,-97.71453152,-1239.914194,-2573.01248,3812.848757,LLLG
389.0941319,-279.204514,-109.8898301,-1123.494714,-2663.375821,3786.79286,LLLG
391.9731481,-270.0166281,-121.9566749,-1005.966606,-2751.110704,3756.999918,LLLG
394.4652868,-260.5622299,-133.9031547,-887.4455751,-2836.130687,3723.499109,LLLG
396.568092,-250.8506512,-145.7174822,-768.0488657,-2918.351725,3686.323716,LLLG
398.2794851,-240.8914746,-157.3879955,-647.8940329,-2997.692814,3645.510209,LLLG
399.5977806,-230.6945301,-168.9031796,-527.0999274,-3074.075518,3601.099082,LLLG
400.5216738,-220.2698794,-180.2516679,-405.7854893,-3147.424591,3553.13395,LLLG
401.0502565,-209.6278118,-191.4222631,-284.070708,-3217.667511,3501.662361,LLLG
401.1830035,-198.7788282,-202.4039388,-162.0754377,-3284.735092,3446.734902,LLLG
400.9197871,-187.7336367,-213.1858596,-39.92033413,-3348.561013,3388.405987,LLLG
400.2608638,-176.5031361,-223.7573826,82.27430844,-3409.082417,3326.732975,LLLG
399.2068871,-165.098411,-234.1080774,204.387643,-3466.239445,3261.776933,LLLG
397.7588938,-153.530715,-244.2277265,326.299411,-3519.975821,3193.601765,LLLG
395.9183161,-141.8114654,-254.1063454,447.8890501,-3570.238384,3122.27495,LLLG
393.6869671,-129.9522264,-263.7341828,569.0368132,-3616.977658,3047.866683,LLLG
391.0670522,-117.9647028,-273.1017392,689.6228971,-3660.147392,2970.45059,LLLG
388.0611536,-105.8607236,-282.1997677,809.5285401,-3699.705107,2890.102881,LLLG
384.6722409,-93.65223521,-291.0192918,928.6351699,-3735.61164,2806.903037,LLLG
380.9036555,-81.35128463,-299.5516055,1046.82548,-3767.831678,2720.932982,LLLG
376.7591194,-68.97001269,-307.7882904,1163.982595,-3796.333303,2632.277742,LLLG
372.2427197,-56.52063691,-315.7212158,1279.991128,-3821.088507,2541.024626,LLLG
367.3589167,-44.01544456,-323.3425548,1394.736363,-3842.07274,2447.263872,LLLG
362.1125269,-31.46677549,-330.644784,1508.105286,-3859.265412,2351.087831,LLLG
356.5087308,-18.88701495,-337.6206989,1619.985792,-3872.649438,2252.591595,LLLG
350.5530559,-6.288576385,-344.2634131,1730.26769,-3882.211727,2151.872193,LLLG
344.2513824,6.316105858,-350.5663729,1838.841926,-3887.942724,2049.029196,LLLG
337.6099265,18.91459371,-356.523356,1945.601566,-3889.836891,1944.163927,LLLG
330.6352452,31.49445281,-362.1284855,2050.441037,-3887.892242,1837.380044,LLLG
323.3342189,44.04326955,-367.3762278,2153.257088,-3882.110811,1728.782765,LLLG
315.7140557,56.54865861,-372.2614059,2253.948041,-3872.49819,1618.479425,LLLG
307.7822728,68.99827986,-376.7791968,2352.414734,-3859.063978,1506.57872,LLLG
299.5467007,81.37984589,-380.9251436,2448.559787,-3841.821321,1393.191242,LLLG
291.0154642,93.68113876,-384.6951531,2542.288519,-3820.787346,1278.428732,LLLG
282.1969852,105.8900175,-388.0855063,2633.50823,-3795.982702,1162.404605,LLLG
273.0999639,117.9944344,-391.0928557,2722.129097,-3767.431975,1045.233207,LLLG
263.7333804,129.982443,-393.7142349,2808.063463,-3735.163236,927.0303259,LLLG
254.1064759,141.8422135,-395.9470552,2891.226718,-3699.208435,807.9124631,LLLG
244.2287534,153.5620408,-397.7891148,2971.536596,-3659.60295,687.9973218,LLLG
234.1099586,165.1303599,-399.238594,3048.914031,-3616.38597,567.4030981,LLLG
223.7600799,176.5357532,-400.2940639,3123.282472,-3569.600044,446.2489484,LLLG
213.189329,187.766966,-400.9544813,3194.568715,-3519.291444,324.6542949,LLLG
202.4081403,198.8129134,-401.2191959,3262.702221,-3465.509719,202.7392779,LLLG
191.4271511,209.6626956,-401.0879449,3327.615936,-3408.308043,80.62407392,LLLG
180.2572006,220.305604,-400.5608593,3389.245616,-3347.74277,-41.57066655,LLLG
168.90931,230.7311364,-399.6384578,3447.530618,-3283.873768,-163.7244874,LLLG
157.3946804,240.9290031,-398.3216519,3502.413246,-3216.763971,-285.7167034,LLLG
145.7246731,250.8891411,-396.6117398,3553.839512,-3146.479703,-407.4270551,LLLG
133.9108073,260.6017198,-394.5104103,3601.758491,-3073.090232,-528.7352982,LLLG
121.9647395,270.0571552,-392.0197357,3646.123064,-2996.668079,-649.5218448,LLLG
109.8982613,279.246115,-389.1421754,3686.889279,-2917.288569,-769.6673658,LLLG
97.72327867,288.1595316,-385.8805677,3724.017072,-2835.030134,-889.0534175,LLLG
85.45180888,296.7886078,-382.2381328,3757.469637,-2749.97386,-1007.562056,LLLG
73.09596031,305.1248286,-378.2184639,3787.214125,-2662.203778,-1125.07645,LLLG
60.66792876,313.1599662,-373.8255292,3813.221017,-2571.806417,-1241.480505,LLLG
48.1799771,320.8860919,-369.0636627,3835.464811,-2478.871077,-1356.659465,LLLG
35.64443146,328.2955801,-363.9375649,3853.923393,-2383.489386,-1470.499543,LLLG
23.07366088,335.3811193,-358.4522935,3868.578706,-2285.755562,-1582.888509,LLLG
10.48007316,342.1357161,-352.6132629,3879.41613,-2185.765969,-1693.715334,LLLG
-2.123905327,348.5527055,-346.4262343,3886.425125,-2083.61937,-1802.870758,LLLG
-14.72583405,354.6257538,-339.8973146,3889.59862,-1979.416487,-1910.246946,LLLG
-27.31327837,360.3488685,-333.032946,3888.933635,-1873.260241,-2015.738041,LLLG
-39.87381411,365.7164008,-325.8399038,3884.430677,-1765.255309,-2119.239827,LLLG
-52.39504745,370.7230543,-318.3252855,3876.094336,-1655.508364,-2220.650267,LLLG
-64.86461957,375.3638874,-310.4965083,3863.932695,-1544.12763,-2319.869175,LLLG
-77.27022638,379.6343209,-302.3612969,3847.957899,-1431.223107,-2416.798739,LLLG
-89.59962324,383.5301396,-293.927681,3828.185571,-1316.906138,-2511.343197,LLLG
-101.8406443,387.0474996,-285.2039824,3804.635364,-1201.289621,-2603.409348,LLLG
-113.9812075,390.1829289,-276.1988114,3777.330381,-1084.487574,-2692.906232,LLLG
-126.0093332,392.9333341,-266.9210539,3746.297706,-966.6153469,-2779.745625,LLLG
-137.9131494,395.2960001,-257.3798669,3711.567828,-847.7891863,-2863.84173,LLLG
-149.6809103,397.2685959,-247.5846653,3673.175156,-728.1264373,-2945.111651,LLLG
-161.3010008,398.8491741,-237.5451168,3631.157446,-607.745115,-3023.475087,LLLG
-172.7619549,400.0361758,-227.2711282,3585.556296,-486.7640981,-3098.854799,LLLG
-184.0524605,400.8284285,-216.7728397,3536.416577,-365.302704,-3171.176302,LLLG
-195.1613767,401.2251514,-206.0606107,3483.786915,-243.4808759,-3240.368316,LLLG
-206.0777389,401.225952,-195.1450138,3427.719121,-121.4187622,-3306.362464,LLLG
-216.7907756,400.8308305,-184.0368205,3368.268652,0.763102178,-3369.093709,LLLG
-227.2899126,400.040176,-172.7469942,3305.494055,122.9442124,-3428.500054,LLLG
-237.5647902,398.8547696,-161.2866754,3239.457404,245.0039172,-3484.522959,LLLG
-247.6052667,397.2757802,-149.6671752,3170.223747,366.8218311,-3537.10705,LLLG
-257.4014351,395.3047671,-137.8999594,3097.861529,488.2776626,-3586.200517,LLLG
-266.9436261,392.9436746,-125.996642,3022.442045,609.2516209,-3631.754827,LLLG
-276.2224242,390.1948336,-113.968969,2944.039842,729.6242486,-3673.725107,LLLG
-285.228671,387.0609561,-101.8288113,2862.732177,849.2768226,-3712.069854,LLLG
-293.9534798,383.5451356,-89.58814864,2778.599407,968.0911908,-3746.751308,LLLG
-302.3882389,379.6508412,-77.25906205,2691.724445,1085.950167,-3777.735163,LLLG
-310.5246256,375.3819167,-64.85371793,2602.19314,1202.73737,-3804.990919,LLLG
-318.3546088,370.7425743,-52.38435967,2510.093736,1318.337613,-3828.491602,LLLG
-325.8704628,365.7373933,-39.86329216,2415.517236,1432.636744,-3848.214093,LLLG
-333.0647689,360.3713124,-27.30287298,2318.556866,1545.522033,-3864.138856,LLLG
-339.9304286,354.649628,-14.71549689,2219.30842,1656.882008,-3876.250248,LLLG
-346.460665,348.5779862,-2.113586893,2117.869741,1766.606835,-3884.536243,LLLG
-352.6490348,342.1623795,10.49042127,2014.341039,1874.588166,-3888.988735,LLLG
-358.4894295,335.4091386,23.08408821,1908.824382,1980.7195,-3889.603261,LLLG
-363.9760868,328.3249291,35.6549863,1801.424004,2084.896033,-3886.379282,LLLG
-369.1035906,320.9167413,48.19070885,1692.245795,2187.015021,-3879.319912,LLLG
-373.8668821,313.191887,60.67888539,1581.397601,2286.975621,-3868.432185,LLLG
-378.2612591,305.1579891,73.10719089,1468.988717,2384.679246,-3853.72678,LLLG
-382.2823862,296.8229767,85.46336087,1355.130175,2480.029413,-3835.218273,LLLG
-385.9262938,288.1950747,97.73520058,1239.934242,2572.932085,-3812.924867,LLLG
-389.1893871,279.2827987,109.9105999,1123.514699,2663.295516,-3786.868625,LLLG
-392.0684445,270.0949432,121.9775426,1005.986342,2751.030589,-3757.075199,LLLG
-394.560626,260.6405762,133.9241208,887.4652528,2836.050661,-3723.574053,LLLG
-396.6634709,250.9290274,145.7385438,768.0683036,2918.271887,-3686.398189,LLLG
-398.3749051,240.9698816,157.4091531,647.9134165,2997.613064,-3645.584353,LLLG
-399.6932386,230.7729667,168.9244305,527.1190795,3073.995953,-3601.172765,LLLG
-400.6171714,220.3483464,180.2730125,405.8045913,3147.345113,-3553.207312,LLLG
-401.1457906,209.7063078,191.4436988,284.0895864,3217.588215,-3501.735272,LLLG
-401.2785756,198.8573542,202.425466,162.09427,3284.655882,-3446.8075,LLLG
-401.0153942,187.8121914,213.2074757,39.93895053,3348.481982,-3388.478145,LLLG
-400.3565074,176.5817204,223.779088,-82.25573427,3409.003471,-3326.804827,LLLG
-399.3025643,165.1770236,234.1298696,-204.3692772,3466.160676,-3261.848356,LLLG
-397.854606,153.6093567,244.2496059,-326.2810837,3519.897136,-3193.672888,LLLG
-396.0140605,141.8901351,254.1283096,-447.8709239,3570.159873,-3122.345654,LLLG
-393.7827452,130.0309247,263.756232,-569.0187219,3616.89923,-3047.937094,LLLG
-391.1628612,118.0434287,273.1238712,-689.6049999,3660.069136,-2970.520592,LLLG
-388.1569949,105.9394778,282.2219828,-809.5106744,3699.626932,-2890.172597,LLLG
-384.7681118,93.73101657,291.0415877,-928.6174914,3735.533634,-2806.972353,LLLG
-380.9995572,81.43009391,299.5739826,-1046.807829,3767.753753,-2721.002019,LLLG
-376.8550495,69.04884876,307.8107464,-1163.965125,3796.255545,-2632.346388,LLLG
-372.3386795,56.5995005,315.743751,-1279.973684,3821.010829,-2541.092999,LLLG
-367.4549035,44.09433458,323.3651671,-1394.719092,3841.995226,-2447.331863,LLLG
-362.2085422,31.54569265,330.6674737,-1508.088038,3859.187977,-2351.155556,LLLG
-356.6047721,18.96595817,337.6434639,-1619.968712,3872.572165,-2252.658947,LLLG
-350.6491244,6.36754637,344.2862536,-1730.250629,3882.134532,-2151.939284,LLLG
-344.3474757,-6.237110175,350.5892869,-1838.825026,3887.865689,-2049.095923,LLLG
-337.7060459,-18.83557163,356.5463439,-1945.584683,3889.759932,-1944.230399,LLLG
-330.7313883,-31.41540538,362.1515452,-2050.42431,3887.815441,-1837.446161,LLLG
-323.430387,-43.96419609,367.3993596,-2153.240375,3882.034086,-1728.848632,LLLG
-315.8102464,-56.46956015,372.2846078,-2253.931478,3872.42162,-1618.544946,LLLG
-307.8784874,-68.91915574,376.8024691,-2352.398182,3858.987483,-1506.643996,LLLG
-299.642937,-81.30069712,380.9484844,-2448.543379,3841.744979,-1393.256179,LLLG
-291.1117233,-93.60196467,384.7185627,-2542.27212,3820.711078,-1278.493431,LLLG
-282.2932649,-105.810819,388.1089828,-2633.491971,3795.906585,-1162.468972,LLLG
-273.1962654,-117.9152111,391.1163994,-2722.112844,3767.355931,-1045.297341,LLLG
-263.8297016,-129.9031956,393.737844,-2808.047344,3735.087341,-927.0941363,LLLG
-254.202818,-141.7629415,395.97073,-2891.210603,3699.132611,-807.976045,LLLG
-244.3251143,-153.4827452,397.8128534,-2971.52061,3659.527273,-688.0605878,LLLG
-234.2063394,-165.05104,399.2623967,-3048.898047,3616.310365,-567.4661406,LLLG
-223.8564786,-176.4564099,400.3179291,-3123.266613,3569.524583,-446.3116823,LLLG
-213.2857467,-187.6875988,400.9784091,-3194.552855,3519.216054,-324.7168102,LLLG
-202.5045749,-198.7335232,401.2431848,-3262.686481,3465.43447,-202.8014916,LLLG
-191.5236039,-209.5832818,401.111995,-3327.600194,3408.232865,-80.68607367,LLLG
-180.3536696,-220.2261675,400.584969,-3389.229988,3347.667732,41.50896133,LLLG
-169.0057962,-230.6516766,399.6626273,-3447.514987,3283.798798,163.6629916,LLLG
-157.4911819,-240.8495209,398.3458797,-3502.397725,3216.689139,285.6554954,LLLG
-145.8211911,-250.8096359,396.636026,-3553.823985,3146.404939,407.366052,LLLG
-134.0073399,-260.5221926,394.5347535,-3601.74307,3073.015605,528.6745762,LLLG
-122.0612877,-269.9776053,392.044136,-3646.107636,2996.593519,649.4613235,LLLG
-109.9948234,-279.1665433,389.1666313,-3686.873952,2917.214143,769.6071191,LLLG
-97.81985555,-288.0799376,385.9050795,-3724.001737,2834.955774,888.9933672,LLLG
-85.54839887,-296.7089923,382.262699,-3757.4544,2749.899632,1007.502274,LLLG
-73.19256442,-305.045191,378.2430846,-3787.198876,2662.129616,1125.01686,LLLG
-60.76454527,-313.0803075,373.8502031,-3813.205863,2571.732386,1241.421178,LLLG
-48.27660701,-320.8064114,369.0883899,-3835.449644,2478.797111,1356.600326,LLLG
-35.7410731,-328.2158787,363.9623441,-3853.908316,2383.415548,1470.44066,LLLG
-23.17031522,-335.3013965,358.4771248,-3868.563616,2285.681788,1582.82981,LLLG
-10.57673858,-342.0559727,352.638145,-3879.401126,2185.692322,1693.656886,LLLG
2.027227875,-348.4729409,346.4511673,-3886.410106,2083.545786,1802.81249,LLLG
14.62914616,-354.5459689,339.9222974,-3889.583684,1979.343028,1910.188923,LLLG
27.21657909,-360.2690627,333.0579786,-3888.918683,1873.186844,2015.680195,LLLG
39.777105,-365.6365749,325.8649849,-3884.415804,1765.182036,2119.18222,LLLG
52.29832757,-370.6432079,318.3504153,-3876.079446,1655.435152,2220.592833,LLLG
64.76789044,-375.2840212,310.5216856,-3863.917881,1544.054539,2319.811975,LLLG
77.1734871,-379.5544344,302.3865218,-3847.943067,1431.150078,2416.741708,LLLG
89.50287528,-383.4502335,293.9529524,-3828.170811,1316.833228,2511.286395,LLLG
101.7438868,-386.9675735,285.2293004,-3804.620585,1201.216771,2603.352712,LLLG
113.8844418,-390.1029836,276.2241748,-3777.315671,1084.414842,2692.849818,LLLG
125.9125585,-392.8533691,266.9464628,-3746.282976,966.5426745,2779.689375,LLLG
137.8163672,-395.216016,257.4053201,-3711.553164,847.7166303,2863.785698,LLLG
149.5841196,-397.1885924,247.6101631,-3673.160471,728.0539399,2945.055778,LLLG
161.2042029,-398.7691519,237.570658,-3631.142824,607.6727324,3023.419428,LLLG
172.6651491,-399.9561343,227.296713,-3585.541651,486.6917734,3098.799296,LLLG
183.955648,-400.7483686,216.7984669,-3536.401993,365.2304924,3171.121007,LLLG
195.0645569,-401.1450725,206.0862805,-3483.772308,243.4087215,3240.313174,LLLG
205.9809129,-401.1458549,195.1707252,-3427.704571,121.3467193,3306.307526,LLLG
216.6939426,-400.7507147,184.0625736,-3368.254079,-0.8350886,3369.038922,LLLG
227.1930739,-399.9600422,172.7727878,-3305.479537,-123.0160887,3428.445465,LLLG
237.4679451,-398.7746173,161.3125098,-3239.442861,-245.0757378,3484.468517,LLLG
247.5084164,-397.1956103,149.6930493,-3170.209256,-366.8935433,3537.052803,LLLG
257.3045787,-395.224579,137.9258735,-3097.847013,-488.3493197,3586.146414,LLLG
266.8467649,-392.863469,126.0225949,-3022.427579,-609.3231711,3631.700915,LLLG
276.1255574,-390.11461,113.9949609,-2944.025349,-729.6957444,3673.671336,LLLG
285.1317998,-386.9807153,101.8548412,-2862.717732,-849.348213,3712.016269,LLLG
293.8566034,-383.4648771,89.61421673,-2778.584934,-968.1625275,3746.697862,LLLG
302.2913585,-379.5705656,77.28516737,-2691.710017,-1086.0214,3777.681899,LLLG
310.4277404,-375.3016236,64.87986056,-2602.178685,-1202.808549,3804.937791,LLLG
318.25772,-370.6622645,52.41053874,-2510.079324,-1318.40869,3828.438651,LLLG
325.7735696,-365.6570662,39.88950773,-2415.502796,-1432.707769,3848.161276,LLLG
332.9678724,-360.2909688,27.32912421,-2318.542466,-1545.592957,3864.086213,LLLG
339.8335281,-354.5692674,14.74178383,-2219.293992,-1656.95288,3876.197735,LLLG
346.3637615,-348.4976092,2.139908735,-2117.855351,-1766.677608,3884.4839,LLLG
352.5521277,-342.0819857,-10.46406448,-2014.32662,-1874.658887,3888.936521,LLLG
358.3925198,-335.3287288,-23.05769727,-1908.809999,-1980.790123,3889.551212,LLLG
363.8791738,-328.2445027,-35.62856116,-1801.409592,-2084.966606,3886.32736,LLLG
369.0066753,-320.836299,-48.16425028,-1692.231418,-2187.085497,3879.268152,LLLG
373.7699638,-313.1114284,-60.65239335,-1581.383194,-2287.046047,3868.380549,LLLG
378.1643389,-305.0775148,-73.08066613,-1468.974342,-2384.749576,3853.675302,LLLG
382.1854633,-296.7424863,-85.43680335,-1355.11577,-2480.099694,3835.166917,LLLG
385.8293693,-288.1145689,-97.70861104,-1239.919867,-2573.002271,3812.873665,LLLG
389.0924602,-279.2022769,-109.8839783,-1123.500293,-2663.365654,3786.817543,LLLG
391.9715163,-270.0144062,-121.9508897,-1005.971966,-2751.100635,3757.024268,LLLG
394.4636957,-260.5600235,-133.8974364,-887.4508452,-2836.120659,3723.52324,LLLG
396.5665395,-250.8484597,-145.7118288,-768.0539228,-2918.341792,3686.347523,LLLG
398.2779721,-240.8892984,-157.3824074,-647.8990046,-2997.682923,3645.533802,LLLG
399.5963047,-230.6923686,-168.8976547,-527.1046927,-3074.06572,3601.122359,LLLG
400.520236,-220.2677331,-180.2462066,-405.7901731,-3147.414834,3553.157019,LLLG
401.0488546,-209.6256799,-191.4168635,-284.0751917,-3217.657847,3501.685121,LLLG
401.1816384,-198.7767112,-202.3986012,-162.0798436,-3284.725468,3446.757459,LLLG
400.9184567,-187.7315339,-213.1805821,-39.92454605,-3348.55148,3388.428243,LLLG
400.259569,-176.5010481,-223.7521656,82.27017057,-3409.072923,3326.755034,LLLG
399.2056257,-165.096337,-234.102919,204.3836932,-3466.230042,3261.798698,LLLG
397.7576667,-153.5286555,-244.2226271,326.2955317,-3519.966456,3193.623338,LLLG
395.9171213,-141.8094198,-254.1013031,447.8853531,-3570.229108,3122.296235,LLLG
393.6858056,-129.950195,-263.729198,569.0331833,-3616.968421,3047.887781,LLLG
391.0659218,-117.9626851,-273.09681,689.6194439,-3660.138242,2970.471408,LLLG
388.0600553,-105.8587199,-282.1948946,809.5251507,-3699.695995,2890.123516,LLLG
384.6711727,-93.65024499,-291.014473,928.6319517,-3735.602614,2806.923399,LLLG
380.9026182,-81.34930827,-299.5468414,1046.822322,-3767.82269,2720.953166,LLLG
376.7581111,-68.9680496,-307.7835792,1163.979603,-3796.324399,2632.297658,LLLG
372.2417414,-56.51868748,-315.7165579,1279.988194,-3821.07964,2541.044369,LLLG
367.3579663,-44.01350821,-323.3379486,1394.733589,-3842.063957,2447.283354,LLLG
362.1116054,-31.46485261,-330.6402297,1508.102568,-3859.256665,2351.107145,LLLG
356.5078364,-18.88510496,-337.616195,1619.983229,-3872.640774,2252.610654,LLLG
350.5521893,-6.286679667,-344.2589599,1730.265179,-3882.203098,2151.891088,LLLG
344.2505418,6.317989863,-350.5619687,1838.839566,-3887.934177,2049.047842,LLLG
337.6091128,18.91646464,-356.5190013,1945.599255,-3889.828379,1944.182413,LLLG
330.6344566,31.4963112,-362.1241787,2050.438873,-3887.88381,1837.398288,LLLG
323.3334563,44.04511504,-367.3719692,2153.25497,-3882.102414,1728.800852,LLLG
315.7133172,56.55049174,-372.257194,2253.946064,-3872.489872,1618.497276,LLLG
307.7815594,69.00010029,-376.7750319,2352.412801,-3859.055695,1506.596418,LLLG
299.5460106,81.38165414,-380.9210243,2448.557991,-3841.813115,1393.208708,LLLG
291.0147983,93.68293448,-384.6910796,2542.286765,-3820.779175,1278.44605,LLLG
282.1963418,105.8918012,-388.0814773,2633.506609,-3795.974607,1162.421697,LLLG
273.0993437,117.9962058,-391.0888713,2722.127514,-3767.423914,1045.250155,LLLG
263.7327819,129.9842025,-393.7102939,2808.062009,-3735.15525,927.0470531,LLLG
254.1058998,141.8439609,-395.9431579,2891.225301,-3699.200482,807.9290489,LLLG
244.2281983,153.5637765,-397.7852597,2971.535303,-3659.595071,688.0136926,LLLG
234.1094251,165.1320835,-399.2347815,3048.912773,-3616.378125,567.4193311,LLLG
223.7595666,176.5374653,-400.2902926,3123.281335,-3569.592271,446.2649714,LLLG
213.1888365,187.7686663,-400.9507516,3194.56761,-3519.283705,324.6701835,LLLG
202.4076671,198.8146024,-401.2155064,3262.701233,-3465.502051,202.7549615,LLLG
191.426698,209.6643729,-401.0842959,3327.614978,-3408.300408,80.63962641,LLLG
180.2567662,220.3072701,-400.5572496,3389.244771,-3347.735205,-41.55531428,LLLG
168.9088949,230.732791,-399.6348875,3447.529802,-3283.866236,-163.7092629,LLLG
157.3942833,240.9306467,-398.31812,3502.41254,-3216.756507,-285.7016745,LLLG
145.7242947,250.8907733,-396.6082465,3553.838832,-3146.472272,-407.4121509,LLLG
133.9104461,260.6033412,-394.5069543,3601.757917,-3073.082869,-528.7205849,LLLG
121.9643963,270.0587654,-392.0163174,3646.122514,-2996.660748,-649.5072532,LLLG
109.8979348,279.2477144,-389.1387935,3686.888832,-2917.281305,-769.6529607,LLLG
97.7229694,288.1611201,-385.8772226,3724.016648,-2835.022901,-889.0391309,LLLG
85.45151561,296.7901856,-382.2348232,3757.469313,-2749.966693,-1007.547952,LLLG
73.09568369,305.1263956,-378.2151902,3787.213821,-2662.196642,-1125.062461,LLLG
60.66766751,313.1615228,-373.8222902,3813.22081,-2571.799346,-1241.466694,LLLG
48.17973188,320.8876378,-369.0604586,3835.464622,-2478.864038,-1356.645767,LLLG
35.64420103,328.2971156,-363.9343948,3853.923298,-2383.482411,-1470.486019,LLLG
23.07344587,335.3826443,-358.4491575,3868.578629,-2285.748617,-1582.875095,LLLG
10.47987236,342.137231,-352.6101599,3879.416143,-2185.759086,-1693.70209,LLLG
-2.124091291,348.55421,-346.4231646,3886.425154,-2083.612518,-1802.857622,LLLG
-14.72600637,354.6272482,-339.8942773,3889.598736,-1979.409697,-1910.233975,LLLG
-27.31343642,360.3503527,-333.0299411,3888.933766,-1873.253481,-2015.725175,LLLG
-39.87395905,365.7178751,-325.8369304,3884.430892,-1765.24861,-2119.227123,LLLG
-52.39517866,370.7245185,-318.3223439,3876.094565,-1655.501695,-2220.637666,LLLG
-64.8647382,375.3653418,-310.4935974,3863.933006,-1544.12102,-2319.856732,LLLG
-77.27033182,379.6357654,-302.358417,3847.958222,-1431.216527,-2416.786396,LLLG
-89.5997166,383.5315744,-293.9248312,3828.185972,-1316.899617,-2511.331009,LLLG
-101.840725,387.0489246,-285.2011628,3804.635777,-1201.283129,-2603.397257,LLLG
-113.9812766,390.1843445,-276.1960211,3777.33087,-1084.48114,-2692.894291,LLLG
-126.0093901,392.93474,-266.9182931,3746.298205,-966.6089417,-2779.73378,LLLG
-137.9131952,395.2973966,-257.3771347,3711.5684,-847.7828384,-2863.830033,LLLG
-149.6809444,397.2699829,-247.5819619,3673.175737,-728.1201177,-2945.100046,LLLG
-161.3010242,398.8505519,-237.5424414,3631.158098,-607.738852,-3023.463627,LLLG
-172.7619671,400.0375441,-227.2684809,3585.556955,-486.7578631,-3098.843429,LLLG
-184.0524625,400.8297878,-216.7702196,3536.417305,-365.2965246,-3171.165073,LLLG
-195.1613679,401.2265014,-206.0580181,3483.78765,-243.4747242,-3240.357175,LLLG
-206.0777203,401.2272931,-195.1424479,3427.719922,-121.4126653,-3306.351462,LLLG
-216.7907466,400.8321624,-184.0342815,3368.269458,0.7691717,-3369.082793,LLLG
-227.2898743,400.041499,-172.7444811,3305.494925,122.9502278,-3428.489273,LLLG
-237.564742,398.8560835,-161.2841886,3239.458278,245.0099056,-3484.512262,LLLG
-247.6052096,397.2770855,-149.6647137,3170.224683,366.8277663,-3537.096484,LLLG
-257.4013684,395.3060635,-137.8975236,3097.862469,488.2835711,-3586.190034,LLLG
-266.9435508,392.9449624,-125.9942309,3022.443045,609.257477,-3631.744473,LLLG
-276.2223398,390.1961126,-113.966583,2944.040845,729.6300782,-3673.714833,LLLG
-285.2285784,387.0622266,-101.8264494,2862.733237,849.2826006,-3712.059706,LLLG
-293.9533785,383.5463975,-89.58581117,2778.600468,968.0969427,-3746.741238,LLLG
-302.3881297,379.6520947,-77.25674822,2691.725562,1085.955868,-3777.725216,LLLG
-310.5245081,375.3831616,-64.85142796,2602.194258,1202.743045,-3804.981049,LLLG
-318.3544838,370.743811,-52.38209278,2510.094908,1318.343238,-3828.481851,LLLG
-325.8703298,365.7386215,-39.86104858,2415.518408,1432.642344,-3848.204418,LLLG
-333.0646287,360.3725325,-27.30065194,2318.55809,1545.527583,-3864.129298,LLLG
-339.9302808,354.6508399,-14.71329862,2219.309644,1656.887533,-3876.240763,LLLG
-346.4605103,348.57919,-2.111410652,2117.871014,1766.612312,-3884.526873,LLLG
-352.6488728,342.1635751,10.49257527,2014.342311,1874.593617,-3888.979437,LLLG
-358.489261,335.4103264,23.08622069,1908.825702,1980.724903,-3889.594075,LLLG
-363.9759113,328.3261087,35.65709705,1801.425322,2084.901412,-3886.370166,LLLG
-369.1034089,320.9179131,48.19279858,1692.24716,2187.020353,-3879.310905,LLLG
-373.8666937,313.1930509,60.6809539,1581.398963,2286.980928,-3868.423247,LLLG
-378.2610648,305.1591453,73.10923886,1468.990124,2384.684507,-3853.717949,LLLG
-382.2821855,296.824125,85.46538809,1355.131578,2480.03465,-3835.209509,LLLG
-385.9260875,288.1962155,97.73720774,1239.935689,2572.937275,-3812.916207,LLLG
-389.1891747,279.2839316,109.9125868,1123.516141,2663.300683,-3786.860031,LLLG
-392.0682268,270.0960686,121.9795099,1005.987827,2751.035711,-3757.066707,LLLG
-394.5604025,260.641694,133.9260682,887.4667324,2836.055759,-3723.565625,LLLG
-396.6632423,250.9301379,145.7404721,768.0698236,2918.276941,-3686.389861,LLLG
-398.374671,240.9709845,157.4110621,647.9149311,2997.618095,-3645.576087,LLLG
-399.6929997,230.7740623,168.9263207,527.1206331,3074.000939,-3601.164597,LLLG
-400.6169272,220.3494345,180.2748838,405.806139,3147.350076,-3553.199205,LLLG
-401.1455418,209.7073888,191.4455518,284.0911716,3217.593136,-3501.727262,LLLG
-401.2783218,198.8584279,202.4273005,162.0958488,3284.66078,-3446.799548,LLLG
-401.0151361,187.813258,213.2092923,39.94056544,3348.486837,-3388.470287,LLLG
-400.3562445,176.5827797,223.7808866,-82.25412622,3409.008303,-3326.797028,LLLG
-399.3022973,165.1780759,234.1316507,-204.3676344,3466.165467,-3261.840648,LLLG
-397.8543345,153.6104019,244.2513694,-326.2794482,3519.901904,-3193.665238,LLLG
-396.0137851,141.8911734,254.1300559,-447.8692549,3570.1646,-3122.338093,LLLG
-393.7824656,130.031956,263.7579611,-569.0170607,3616.903935,-3047.929589,LLLG
-391.1625778,118.0444532,273.1255836,-689.6033065,3660.0738,-2970.513174,LLLG
-388.1567075,105.9404953,282.2236783,-809.5089892,3699.631575,-2890.165233,LLLG
-384.7678209,93.73202741,291.0432669,-928.6157752,3735.538237,-2806.965076,LLLG
-380.9992625,81.43109789,299.5756453,-1046.806122,3767.758335,-2720.994795,LLLG
-376.8547515,69.04984613,307.8123931,-1163.963388,3796.260087,-2632.339247,LLLG
-372.3383779,56.60049112,315.7453816,-1279.971955,3821.015349,-2541.085911,LLLG
-367.4545989,44.09531867,323.3667821,-1394.717335,3841.999708,-2447.324857,LLLG
-362.2082341,31.54667008,330.6690729,-1508.08629,3859.192438,-2351.148601,LLLG
-356.6044611,18.96692916,337.6450478,-1619.966936,3872.576588,-2252.652072,LLLG
-350.6488102,6.368510786,344.2878222,-1730.248863,3882.138933,-2151.932459,LLLG
-344.3471588,-6.236152105,350.5908405,-1838.823234,3887.870053,-2049.089176,LLLG
-337.7057259,-18.83462005,356.5478824,-1945.582901,3889.764275,-1944.223701,LLLG
-330.7310658,-31.41446006,362.1530691,-2050.422502,3887.819747,-1837.43954,LLLG
-323.4300617,-43.96325717,367.4008688,-2153.238577,3882.038371,-1728.842059,LLLG
-315.8099187,-56.4686274,372.2861027,-2253.929656,3872.425869,-1618.538447,LLLG
-307.878157,-68.9182293,376.8039496,-2352.396371,3858.991711,-1506.637545,LLLG
-299.6426043,-81.29977677,380.949951,-2448.541544,3841.749172,-1393.249801,LLLG
-291.1113882,-93.60105054,384.7200151,-2542.270296,3820.715251,-1278.487099,LLLG
-282.2929278,-105.8099109,388.1104216,-2633.490124,3795.910722,-1162.462712,LLLG
-273.1959259,-117.9143091,391.1178244,-2722.111008,3767.360049,-1045.291126,LLLG
-263.8293602,-129.9022996,393.7392556,-2808.045487,3735.091423,-927.0879912,LLLG
-254.2024743,-141.7620515,395.9721281,-2891.208757,3699.136675,-807.9699438,LLLG
-244.3247689,-153.481861,397.8142385,-2971.518743,3659.531301,-688.0545554,LLLG
-234.2059919,-165.0501618,399.2637686,-3048.896192,3616.314374,-567.4601512,LLLG
-223.8561295,-176.4555375,400.3192882,-3123.264738,3569.528558,-446.3057602,LLLG
-213.2853957,-187.6867323,400.9797553,-3194.550991,3519.22001,-324.7109301,LLLG
-202.5042225,-198.7326624,401.2445184,-3262.684599,3465.438393,-202.7956774,LLLG
-191.5232496,-209.5824268,401.1133161,-3327.598323,3408.236769,-80.68030072,LLLG
-180.353314,-220.2253181,400.5862778,-3389.2281,3347.671603,41.51466988,LLLG
-169.0054389,-230.650833,399.6639237,-3447.51311,3283.802651,163.6686597,LLLG
-157.4908235,-240.8486828,398.3471641,-3502.395831,3216.692959,285.6611005,LLLG
-145.8208312,-250.8088034,396.6372984,-3553.822103,3146.408741,407.3716175,LLLG
-134.0069788,-260.5213656,394.5360142,-3601.741172,3073.019374,528.6800801,LLLG
-122.0609253,-269.9767839,392.0453849,-3646.10575,2996.59727,649.4667886,LLLG
-109.99446,-279.1657273,389.1678687,-3686.872051,2917.217863,769.6125239,LLLG
-97.81949089,-288.0791271,385.9063053,-3723.999847,2834.959476,888.9987339,LLLG
-85.54803334,-296.7081871,382.2639136,-3757.452495,2749.903303,1007.507582,LLLG
-73.19219774,-305.0443913,378.2442879,-3787.196984,2662.133269,1125.02213,LLLG
-60.76417783,-313.0795129,373.8513954,-3813.203956,2571.736008,1241.42639,LLLG
-48.27623852,-320.8056223,369.0895711,-3835.44775,2478.800716,1356.605502,LLLG
-35.74070396,-328.2150947,363.9635146,-3853.906409,2383.419123,1470.44578,LLLG
-23.16994515,-335.3006178,358.4782844,-3868.561721,2285.685345,1582.834894,LLLG
-10.57636795,-342.0551991,352.6392941,-3879.399218,2185.695849,1693.661914,LLLG
2.027599343,-348.4721726,346.4523058,-3886.408211,2083.549297,1802.817484,LLLG
14.62951808,-354.5452055,339.9234256,-3889.581777,1979.346509,1910.193862,LLLG
27.21695176,-360.2683045,333.0590963,-3888.916788,1873.190308,2015.6851,LLLG
39.77747803,-365.6358217,325.8660926,-3884.413897,1765.18547,2119.187072,LLLG
52.29870124,-370.6424597,318.3515129,-3876.077553,1655.43857,2220.597651,LLLG
64.76826439,-375.2832779,310.5227732,-3863.915976,1544.057929,2319.816741,LLLG
77.1738616,-379.5536961,302.3875995,-3847.941175,1431.153451,2416.746442,LLLG
89.50324997,-383.4495001,293.9540205,-3828.168909,1316.836573,2511.291077,LLLG
101.744262,-386.9668451,285.2303587,-3804.618696,1201.2201,2603.357362,LLLG
113.8848171,-390.1022599,276.2252236,-3777.313772,1084.418143,2692.854419,LLLG
125.9129342,-392.8526503,266.947502,-3746.28109,966.5459594,2779.693943,LLLG
137.8167428,-395.2153019,257.4063502,-3711.551268,847.7198877,2863.790218,LLLG
149.5844955,-397.1878831,247.6111837,-3673.158588,728.0571815,2945.060267,LLLG
161.2045789,-398.7684472,237.5716696,-3631.140932,607.6759469,3023.423869,LLLG
172.6655253,-399.9554344,227.2977154,-3585.539773,486.6949723,3098.803707,LLLG
183.9560241,-400.7476732,216.7994605,-3536.400106,365.2336646,3171.125371,LLLG
195.0649331,-401.1443818,206.0872651,-3483.770434,243.4118782,3240.317508,LLLG
205.9812889,-401.1451688,195.1717011,-3427.702689,121.3498498,3306.311814,LLLG
216.6943187,-400.7500332,184.0635407,-3368.25221,-0.831973445,3369.04318,LLLG
227.1934498,-399.9593652,172.7737464,-3305.47766,-123.0129995,3428.449679,LLLG
237.4683209,-398.7739448,161.3134598,-3239.440997,-245.0726637,3484.472703,LLLG
247.5087919,-397.1949422,149.693991,-3170.207385,-366.8904947,3537.056944,LLLG
257.3049542,-395.2239154,137.9268067,-3097.845156,-488.3462861,3586.150527,LLLG
266.84714,-392.8628097,126.02352,-3022.425715,-609.3201626,3631.704985,LLLG
276.1259324,-390.1139552,113.9958777,-2944.023499,-729.6927507,3673.675378,LLLG
285.1321743,-386.9800647,101.85575,-2862.715875,-849.3452441,3712.02027,LLLG
293.8569778,-383.4642309,89.61511743,-2778.583091,-968.1595732,3746.701835,LLLG
302.2917323,-379.5699237,77.28606024,-2691.708168,-1086.01847,3777.685831,LLLG
310.428114,-375.300986,64.8807455,-2602.176849,-1202.805634,3804.941696,LLLG
318.2580931,-370.661631,52.411416,-2510.077483,-1318.405798,3828.442516,LLLG
325.7739424,-365.656437,39.89037723,-2415.500968,-1432.704892,3848.165115,LLLG
332.9682446,-360.2903437,27.32998618,-2318.540633,-1545.590103,3864.090012,LLLG
339.8339,-354.5686465,14.7426382,-2219.292172,-1656.95004,3876.201509,LLLG
346.3641327,-348.4969924,2.140755728,-2117.853526,-1766.674792,3884.487635,LLLG
352.5524985,-342.081373,-10.46322493,-2014.324808,-1874.656085,3888.940231,LLLG
358.39289,-335.3281201,-23.05686495,-1908.808183,-1980.787344,3889.554884,LLLG
363.8795435,-328.2438981,-35.62773614,-1801.407789,-2084.963841,3886.331007,LLLG
369.0070443,-320.8356984,-48.16343235,-1692.22961,-2187.082754,3879.271762,LLLG
373.7703323,-313.1108318,-60.65158257,-1581.3814,-2287.043318,3868.384134,LLLG
378.1647066,-305.0769221,-73.07986229,-1468.972544,-2384.74687,3853.678851,LLLG
382.1858305,-296.7418975,-85.43600652,-1355.113985,-2480.097001,3835.170442,LLLG
385.8297357,-288.113984,-97.70782102,-1239.918079,-2572.999601,3812.877155,LLLG
389.092826,-279.201696,-109.8831952,-1123.498518,-2663.362997,3786.821009,LLLG
391.9718812,-270.013829,-121.9501132,-1005.970187,-2751.097999,3757.0277,LLLG
394.46406,-260.5594502,-133.8966667,-887.4490799,-2836.118036,3723.526648,LLLG
396.566903,-250.8478901,-145.7110656,-768.0521548,-2918.339191,3686.350897,LLLG
398.2783348,-240.8887327,-157.3816507,-647.8972495,-2997.680335,3645.537154,LLLG
399.5966665,-230.6918066,-168.8969045,-527.1029351,-3074.063154,3601.125677,LLLG
400.5205971,-220.2671748,-180.2454629,-405.7884283,-3147.41228,3553.160315,LLLG
401.0492148,-209.6251253,-191.4161261,-284.0734447,-3217.655314,3501.688384,LLLG
401.1819978,-198.7761603,-202.3978701,-162.0781095,-3284.722947,3446.7607,LLLG
400.9188152,-187.7309866,-213.1798571,-39.92280991,-3348.54898,3388.431452,LLLG
400.2599267,-176.5005044,-223.7514469,82.27189397,-3409.070436,3326.758221,LLLG
399.2059824,-165.0957969,-234.1022063,204.3854183,-3466.227574,3261.801854,LLLG
397.7580227,-153.528119,-244.2219205,326.2972441,-3519.964001,3193.626472,LLLG
395.9174762,-141.8088868,-254.1006024,447.8870669,-3570.226673,3122.299339,LLLG
393.6861597,-129.9496656,-263.7285033,569.0348845,-3616.965998,3047.890864,LLLG
391.0662749,-117.9621591,-273.0961211,689.6211463,-3660.135839,2970.47446,LLLG
388.0604075,-105.8581975,-282.1942116,809.5268406,-3699.693604,2890.126548,LLLG
384.6715238,-93.64972601,-291.0137957,928.6336426,-3735.600242,2806.926402,LLLG
380.9029684,-81.34879277,-299.5461698,1046.824001,-3767.82033,2720.956148,LLLG
376.7584602,-68.96753746,-307.7829132,1163.981283,-3796.322059,2632.300612,LLLG
372.2420895,-56.51817877,-315.7158975,1279.989861,-3821.077311,2541.047303,LLLG
367.3583134,-44.01300283,-323.3372936,1394.735257,-3842.061647,2447.28626,LLLG
362.1119515,-31.46435061,-330.6395804,1508.104222,-3859.254367,2351.110031,LLLG
356.5081814,-18.88460624,-337.615551,1619.984885,-3872.638494,2252.613512,LLLG
350.5525333,-6.286184285,-344.2583213,1730.266822,-3882.20083,2151.893927,LLLG
344.2508847,6.318482007,-350.5613354,1838.841209,-3887.931927,2049.050654,LLLG
337.6094546,18.91695349,-356.5183733,1945.600886,-3889.826141,1944.185206,LLLG
330.6347973,31.49679685,-362.1235558,2050.440504,-3887.88159,1837.401054,LLLG
323.333796,44.04559745,-367.3713516,2153.256589,-3882.100205,1728.8036,LLLG
315.7136557,56.550971,-372.2565814,2253.947683,-3872.487681,1618.499998,LLLG
307.7818968,69.00057634,-376.7744244,2352.414408,-3859.053515,1506.599122,LLLG
299.5463469,81.38212708,-380.9204218,2448.559597,-3841.810953,1393.211386,LLLG
291.0151335,93.68340425,-384.6904822,2542.288359,-3820.777023,1278.448711,LLLG
282.1966758,105.8922679,-388.0808847,2633.508202,-3795.972473,1162.424332,LLLG
273.0996766,117.9966694,-391.0882837,2722.129096,-3767.421791,1045.252772,LLLG
263.7331136,129.984663,-393.709711,2808.063591,-3735.153144,927.049646,LLLG
254.1062304,141.8444183,-395.9425798,2891.22687,-3699.198387,807.9316245,LLLG
244.2285276,153.5642309,-397.7846863,2971.536871,-3659.592993,688.0162441,LLLG
234.1097534,165.132535,-399.2342129,3048.91433,-3616.376057,567.4218656,LLLG
223.7598936,176.5379138,-400.2897286,3123.282891,-3569.59022,446.2674822,LLLG
213.1891624,187.7691118,-400.9501922,3194.569154,-3519.281664,324.6726776,LLLG
202.4079918,198.815045,-401.2149516,3262.702776,-3465.500026,202.7574323,LLLG
191.4270215,209.6648125,-401.0837457,3327.61651,-3408.298394,80.64208082,LLLG
180.2570885,220.3077069,-400.5567038,3389.246301,-3347.733208,-41.55288267,LLLG
168.909216,230.7332249,-399.6343462,3447.531321,-3283.864248,-163.7068475,LLLG
157.3946031,240.9310777,-398.317583,3502.414057,-3216.754536,-285.6992814,LLLG
145.7246134,250.8912014,-396.6077139,3553.840338,-3146.47031,-407.4097736,LLLG
133.9107635,260.6037665,-394.506426,3601.759421,-3073.080923,-528.7182296,LLLG
121.9647126,270.0591879,-392.0157934,3646.124008,-2996.658812,-649.5049135,LLLG
109.8982497,279.2481341,-389.1382738,3686.890323,-2917.279385,-769.6506424,LLLG
97.72328318,288.161537,-385.876707,3724.018129,-2835.020991,-889.0368281,LLLG
85.45182809,296.7905998,-382.2343118,3757.470791,-2749.964798,-1007.54567,LLLG
73.09599499,305.126807,-378.2146829,3787.215289,-2662.194757,-1125.060194,LLLG
60.66797751,313.1619315,-373.8217869,3813.222275,-2571.797476,-1241.464448,LLLG
48.18004069,320.8880438,-369.0599595,3835.466077,-2478.862177,-1356.643536,LLLG
35.64450853,328.297519,-363.9338996,3853.924751,-2383.480565,-1470.483808,LLLG
23.07375218,335.383045,-358.4486663,3868.580071,-2285.74678,-1582.872899,LLLG
10.48017735,342.137629,-352.6096727,3879.417583,-2185.757265,-1693.699914,LLLG
-2.123787498,348.5546054,-346.4226813,3886.426583,-2083.610706,-1802.85546,LLLG
-14.72570389,354.6276411,-339.8937977,3889.600163,-1979.407899,-1910.231833,LLLG
-27.31313515,360.3507429,-333.0294655,3888.935182,-1873.251692,-2015.723047,LLLG
-39.8736591,365.7182627,-325.8364585,3884.432306,-1765.246836,-2119.225014,LLLG
-52.39487992,370.7249036,-318.3218758,3876.095969,-1655.499929,-2220.63557,LLLG
-64.86444077,375.3657244,-310.493133,3863.934406,-1544.119269,-2319.854656,LLLG
-77.27003561,379.6361453,-302.3579563,3847.959612,-1431.214784,-2416.784333,LLLG
-89.59942171,383.5319519,-293.9243741,3828.18736,-1316.897889,-2511.328964,LLLG
-101.8404313,387.0492996,-285.2007094,3804.637155,-1201.281409,-2603.395226,LLLG
-113.9809842,390.184717,-276.1955712,3777.332245,-1084.479434,-2692.892279,LLLG
-126.009099,392.93511,-266.9178468,3746.29957,-966.6072445,-2779.731781,LLLG
-137.9129054,395.2977642,-257.3766919,3711.569762,-847.781155,-2863.828051,LLLG
-149.6806559,397.2703481,-247.5815226,3673.177089,-728.1184428,-2945.098078,LLLG
-161.300737,398.8509147,-237.5420055,3631.159447,-607.7371905,-3023.461676,LLLG
-172.7616811,400.0379045,-227.2680486,3585.558294,-486.75621,-3098.841491,LLLG
-184.0521777,400.8301458,-216.7697906,3536.418642,-365.2948849,-3171.163152,LLLG
-195.1610845,401.226857,-206.0575925,3483.788976,-243.4730927,-3240.355267,LLLG
-206.0774382,401.2276464,-195.1420256,3427.721245,-121.411047,-3306.34957,LLLG
-216.7904657,400.8325133,-184.0338625,3368.270772,0.770781815,-3369.080914,LLLG
-227.2895947,400.0418477,-172.7440654,3305.496236,122.951825,-3428.48741,LLLG
-237.5644636,398.8564299,-161.2837761,3239.45958,245.0114947,-3484.510411,LLLG
-247.6049325,397.2774296,-149.6643044,3170.225981,366.8293426,-3537.09465,LLLG
-257.4010926,395.3064053,-137.8971176,3097.863758,488.2851394,-3586.188211,LLLG
-266.9432763,392.9453019,-125.9938281,3022.44433,609.2590327,-3631.742666,LLLG
-276.2220666,390.1964498,-113.9661833,2944.04212,729.631626,-3673.713038,LLLG
-285.2283064,387.0625617,-101.8260528,2862.73451,849.284136,-3712.057927,LLLG
-293.9531078,383.5467303,-89.58541766,2778.601732,968.0984703,-3746.739471,LLLG
-302.3878603,379.6524253,-77.25635774,2691.726822,1085.957383,-3777.723464,LLLG
-310.5242398,375.38349,-64.85104053,2602.195509,1202.744553,-3804.979309,LLLG
-318.3542169,370.7441373,-52.38170834,2510.096156,1318.344733,-3828.480126,LLLG
-325.8700641,365.7389456,-39.86066713,2415.519647,1432.643832,-3848.202704,LLLG
-333.0643644,360.3728545,-27.30027343,2318.559325,1545.529059,-3864.127599,LLLG
-339.9300176,354.6511597,-14.71292305,2219.31087,1656.889001,-3876.239075,LLLG
-346.4602484,348.5795078,-2.111037959,2117.872237,1766.613768,-3884.525199,LLLG
-352.6486121,342.1638907,10.49294507,2014.343524,1874.595067,-3888.977774,LLLG
-358.4890017,335.4106399,23.08658766,1908.826912,1980.726341,-3889.592426,LLLG
-363.9756532,328.3264202,35.65746119,1801.426523,2084.902842,-3886.368528,LLLG
-369.1031521,320.9182226,48.19315993,1692.248358,2187.021772,-3879.309282,LLLG
-373.8664381,313.1933583,60.68131245,1581.400152,2286.98234,-3868.421634,LLLG
-378.2608104,305.1594507,73.10959468,1468.99131,2384.685907,-3853.716349,LLLG
-382.2819324,296.8244283,85.46574117,1355.132755,2480.036043,-3835.20792,LLLG
-385.9258357,288.1965168,97.73755813,1239.936862,2572.938658,-3812.914632,LLLG
-389.188924,279.284231,109.9129345,1123.517306,2663.302058,-3786.858466,LLLG
-392.0679774,270.096366,121.979855,1005.988988,2751.037075,-3757.065155,LLLG
-394.5601543,260.6419894,133.9264106,887.4678854,2836.057117,-3723.564084,LLLG
-396.6629954,250.9304314,145.7408119,768.070973,2918.278287,-3686.388332,LLLG
-398.3744253,240.9712761,157.4113993,647.9160722,2997.619434,-3645.574569,LLLG
-399.6927552,230.7743519,168.9266554,527.1217705,3074.002268,-3601.163091,LLLG
-400.6166839,220.3497222,180.2752159,405.8072681,3147.351398,-3553.197709,LLLG
-401.1452998,209.7076747,191.4458814,284.0922971,3217.594447,-3501.725778,LLLG
-401.278081,198.8587118,202.4276276,162.0969661,3284.662085,-3446.798075,LLLG
-401.0148965,187.8135401,213.2096169,39.94167909,3348.488132,-3388.468826,LLLG
-400.3560062,176.5830599,223.7812087,-82.25302064,3409.009591,-3326.795576,LLLG
-399.3020602,165.1783543,234.1319704,-204.3665325,3466.166744,-3261.839208,LLLG
-397.8540986,153.6106784,244.2516866,-326.2783543,3519.903175,-3193.663807,LLLG
-396.0135504,141.8914481,254.1303708,-447.8681647,3570.165861,-3122.336674,LLLG
-393.782232,130.0322289,263.7582736,-569.0159784,3616.90519,-3047.92818,LLLG
-391.1623455,118.0447243,273.1258937,-689.6022279,3660.075045,-2970.511776,LLLG
-388.1564763,105.9407646,282.2239861,-809.5079184,3699.632813,-2890.163845,LLLG
-384.767591,93.73229491,291.0435724,-928.6147081,3735.539465,-2806.963698,LLLG
-380.9990338,81.43136361,299.5759484,-1046.805062,3767.759556,-2720.993427,LLLG
-376.8545239,69.05011011,307.812694,-1163.962332,3796.261299,-2632.33789,LLLG
-372.3381515,56.60075333,315.7456803,-1279.970907,3821.016555,-2541.084563,LLLG
-367.4543737,44.09557918,323.3670785,-1394.716291,3842.000904,-2447.32352,LLLG
-362.2080101,31.54692885,330.6693671,-1508.085253,3859.193628,-2351.147273,LLLG
-356.6042383,18.96718624,337.6453398,-1619.965903,3872.577768,-2252.650754,LLLG
-350.6485885,6.36876615,344.2881119,-1730.247838,3882.140108,-2151.931151,LLLG
-344.3469383,-6.235898409,350.5911281,-1838.822212,3887.871218,-2049.087878,LLLG
-337.7055065,-18.83436805,356.5481679,-1945.581886,3889.765435,-1944.222412,LLLG
-330.7308476,-31.4142097,362.1533524,-2050.421492,3887.820897,-1837.438261,LLLG
-323.4298446,-43.96300848,367.40115,-2153.237574,3882.039515,-1728.840789,LLLG
-315.8097028,-56.46838034,372.2863818,-2253.928656,3872.427004,-1618.537187,LLLG
-307.8779422,-68.91798388,376.8042266,-2352.395378,3858.992841,-1506.636293,LLLG
-299.6423907,-81.29953295,380.950226,-2448.540556,3841.750292,-1393.248559,LLLG
-291.1111757,-93.60080836,384.7202881,-2542.269315,3820.716365,-1278.485865,LLLG
-282.2927164,-105.8096703,388.1106925,-2633.489146,3795.911828,-1162.461488,LLLG
-273.1957157,-117.9140701,391.1180933,-2722.110037,3767.361149,-1045.28991,LLLG
-263.8291511,-129.9020621,393.7395225,-2808.04452,3735.092514,-927.0867846,LLLG
-254.2022663,-141.7618157,395.972393,-2891.207797,3699.13776,-807.9687457,LLLG
-244.324562,-153.4816267,397.8145014,-2971.517787,3659.532379,-688.0533663,LLLG
-234.2057862,-165.0499291,399.2640296,-3048.895242,3616.315446,-567.4589705,LLLG
-223.8559249,-176.4553063,400.3195473,-3123.263792,3569.529621,-446.3045883,LLLG
-213.2851922,-187.6865026,400.9800125,-3194.550052,3519.221068,-324.7097665,LLLG
-202.5040201,-198.7324342,401.2447737,-3262.683664,3465.439442,-202.7945225,LLLG
-191.5230483,-209.5822001,401.1135694,-3327.597395,3408.237813,-80.67915389,LLLG
-180.3531138,-220.2250929,400.5865294,-3389.227175,3347.672638,41.51580812,LLLG
-169.0052398,-230.6506093,399.6641734,-3447.512192,3283.803681,163.66979,LLLG
-157.4906254,-240.8484606,398.347412,-3502.394917,3216.693981,285.6622223,LLLG
-145.8206342,-250.8085827,396.6375444,-3553.821196,3146.409758,407.3727315,LLLG
-134.0067829,-260.5211463,394.5362584,-3601.740268,3073.020383,528.6811858,LLLG
-122.0607305,-269.9765661,392.0456273,-3646.104852,2996.598274,649.4678865,LLLG
-109.9942662,-279.1655108,389.1681094,-3686.871157,2917.218859,769.6136137,LLLG
-97.81929819,-288.0789121,385.9065442,-3723.99896,2834.960467,888.9998161,LLLG
-85.54784172,-296.7079735,382.2641507,-3757.451611,2749.904286,1007.508656,LLLG
-73.19200716,-305.0441791,378.2445232,-3787.196107,2662.134247,1125.023197,LLLG
-60.76398832,-313.0793022,373.851629,-3813.203083,2571.736978,1241.427449,LLLG
-48.27605005,-320.8054129,369.089803,-3835.446882,2478.801681,1356.606553,LLLG
-35.74051654,-328.2148867,363.9637448,-3853.905545,2383.42008,1470.446823,LLLG
-23.16975875,-335.3004112,358.478513,-3868.560863,2285.686298,1582.835931,LLLG
-10.57618261,-342.0549939,352.639521,-3879.398364,2185.696794,1693.662943,LLLG
2.027783666,-348.4719687,346.4525311,-3886.407363,2083.550237,1802.818505,LLLG
14.62970137,-354.545003,339.9236492,-3889.580932,1979.347442,1910.194877,LLLG
27.21713403,-360.2681034,333.0593183,-3888.91595,1873.191236,2015.686107,LLLG
39.77765927,-365.6356218,325.866313,-3884.413063,1765.186391,2119.188071,LLLG
52.29888148,-370.6422612,318.3517316,-3876.076724,1655.439486,2220.598644,LLLG
64.76844361,-375.2830807,310.5229904,-3863.915151,1544.058837,2319.817727,LLLG
77.17403982,-379.5535002,302.3878151,-3847.940356,1431.154354,2416.74742,LLLG
89.50342718,-383.4493055,293.9542345,-3828.168093,1316.83747,2511.292049,LLLG
101.7444382,-386.9666517,285.2305711,-3804.617886,1201.220992,2603.358326,LLLG
113.8849923,-390.1020679,276.2254345,-3777.312966,1084.419028,2692.855376,LLLG
125.9131084,-392.8524595,266.9477114,-3746.280289,966.5468398,2779.694894,LLLG
137.8169161,-395.2151124,257.406558,-3711.550472,847.720761,2863.791162,LLLG
149.5846678,-397.1876948,247.6113901,-3673.157797,728.0580504,2945.061204,LLLG
161.2047502,-398.7682602,237.5718745,-3631.140145,607.6768088,3023.4248,LLLG
172.6656956,-399.9552486,227.2979188,-3585.53899,486.6958299,3098.804631,LLLG
183.9561934,-400.7474887,216.7996624,-3536.399328,365.2345153,3171.126289,LLLG
195.0651014,-401.1441985,206.0874656,-3483.769661,243.4127247,3240.318419,LLLG
205.9814564,-401.1449867,195.1719001,-3427.70192,121.3506894,3306.312719,LLLG
216.6944852,-400.7498523,184.0637383,-3368.251446,-0.831137989,3369.044078,LLLG
227.1936153,-399.9591854,172.7739426,-3305.4769,-123.0121708,3428.450571,LLLG
237.4684855,-398.7737663,161.3136546,-3239.440242,-245.0718391,3484.473588,LLLG
247.5089555,-397.1947648,149.6941843,-3170.206634,-366.8896767,3537.057823,LLLG
257.3051169,-395.2237392,137.9269987,-3097.844409,-488.3454722,3586.1514,LLLG
266.8473017,-392.8626347,126.0237106,-3022.424972,-609.3193553,3631.705852,LLLG
276.1260932,-390.1137813,113.996067,-2944.022761,-729.6919474,3673.676239,LLLG
285.1323342,-386.979892,101.8559379,-2862.715141,-849.3444472,3712.021124,LLLG
293.8571368,-383.4640593,89.61530395,-2778.582362,-968.1587803,3746.702684,LLLG
302.2918904,-379.5697532,77.28624542,-2691.707443,-1086.017683,3777.686673,LLLG
310.4282712,-375.3008167,64.88092936,-2602.176128,-1202.804851,3804.942533,LLLG
318.2582493,-370.6614628,52.41159854,-2510.076766,-1318.405022,3828.443347,LLLG
325.7740978,-365.6562699,39.89055847,-2415.500256,-1432.70412,3848.16594,LLLG
332.9683991,-360.2901777,27.33016611,-2318.539924,-1545.589337,3864.090831,LLLG
339.8340535,-354.5684816,14.74281686,-2219.291468,-1656.949278,3876.202322,LLLG
346.3642854,-348.4968286,2.140933099,-2117.852826,-1766.674036,3884.488442,LLLG
352.5526503,-342.0812103,-10.46304882,-2014.324113,-1874.655333,3888.941032,LLLG
358.3930409,-335.3279585,-23.0566901,-1908.807491,-1980.786597,3889.55568,LLLG
363.8796935,-328.2437375,-35.62756253,-1801.407102,-2084.963098,3886.331797,LLLG
369.0071935,-320.8355388,-48.16325998,-1692.228927,-2187.082018,3879.272547,LLLG
373.7704806,-313.1106734,-60.65141143,-1581.380721,-2287.042585,3868.384914,LLLG
378.164854,-305.0767647,-73.07969238,-1468.971869,-2384.746143,3853.679625,LLLG
382.1859771,-296.7417412,-85.43583781,-1355.113314,-2480.096278,3835.171211,LLLG
385.8298814,-288.1138286,-97.70765351,-1239.917411,-2572.998883,3812.877919,LLLG
389.0929709,-279.2015417,-109.8830289,-1123.497855,-2663.362282,3786.821767,LLLG
391.9720252,-270.0136757,-121.9499481,-1005.969528,-2751.097291,3757.028453,LLLG
394.4642032,-260.559298,-133.8965027,-887.4484247,-2836.117331,3723.527395,LLLG
396.5670453,-250.8477389,-145.7109028,-768.051503,-2918.338492,3686.35164,LLLG
398.2784763,-240.8885825,-157.3814891,-647.896602,-2997.679639,3645.537891,LLLG
399.5968072,-230.6916573,-168.896744,-527.1022911,-3074.062463,3601.126409,LLLG
400.520737,-220.2670265,-180.2453035,-405.7877886,-3147.411593,3553.161041,LLLG
401.0493538,-209.624978,-191.4159678,-284.0728084,-3217.654633,3501.689106,LLLG
401.1821361,-198.776014,-202.397713,-162.0774773,-3284.72227,3446.761417,LLLG
400.9189526,-187.7308413,-213.1797012,-39.9221812,-3348.548308,3388.432164,LLLG
400.2600633,-176.5003601,-223.751292,82.27251855,-3409.069767,3326.758928,LLLG
399.2061182,-165.0956535,-234.1020525,204.3860394,-3466.226911,3261.802556,LLLG
397.7581577,-153.5279766,-244.2217678,326.2978612,-3519.963341,3193.627169,LLLG
395.9176104,-141.8087453,-254.1004508,447.8876806,-3570.226018,3122.300031,LLLG
393.6862931,-129.949525,-263.7283527,569.0354942,-3616.965347,3047.891551,LLLG
391.0664075,-117.9620195,-273.0959716,689.6217527,-3660.135193,2970.475143,LLLG
388.0605393,-105.8580588,-282.1940631,809.527443,-3699.692961,2890.127226,LLLG
384.6716549,-93.64958818,-291.0136483,928.6342416,-3735.599604,2806.927075,LLLG
380.9030987,-81.34865586,-299.5460234,1046.824596,-3767.819695,2720.956817,LLLG
376.7585897,-68.96740145,-307.7827679,1163.981874,-3796.321429,2632.301276,LLLG
372.2422183,-56.51804367,-315.7157532,1279.990449,-3821.076685,2541.047963,LLLG
367.3584413,-44.01286861,-323.3371504,1394.735841,-3842.061025,2447.286915,LLLG
362.1120787,-31.46421729,-330.6394381,1508.104803,-3859.253749,2351.110681,LLLG
356.5083078,-18.8844738,-337.6154097,1619.985462,-3872.637881,2252.614158,LLLG
350.552659,-6.286052731,-344.258181,1730.267396,-3882.20022,2151.894568,LLLG
344.2510096,6.318612701,-350.5611961,1838.841779,-3887.931322,2049.051291,LLLG
337.6095788,18.9170833,-356.518235,1945.601453,-3889.825538,1944.185838,LLLG
330.6349208,31.49692582,-362.1234185,2050.441067,-3887.880992,1837.401683,LLLG
323.3339187,44.04572555,-367.3712152,2153.257149,-3882.099611,1728.804224,LLLG
315.7137777,56.55109826,-372.256446,2253.94824,-3872.487091,1618.500617,LLLG
307.7820181,69.00070274,-376.7742899,2352.414961,-3859.052928,1506.599737,LLLG
299.5464674,81.38225266,-380.9202883,2448.560148,-3841.810371,1393.211998,LLLG
291.0152533,93.68352899,-384.6903495,2542.288906,-3820.776444,1278.449317,LLLG
282.1967949,105.8923918,-388.080753,2633.508746,-3795.971898,1162.424935,LLLG
273.099795,117.9967925,-391.0881529,2722.129636,-3767.421219,1045.25337,LLLG
263.7332313,129.9847853,-393.7095812,2808.064128,-3735.152577,927.0502407,LLLG
254.1063474,141.8445398,-395.9424509,2891.227404,-3699.197823,807.9322145,LLLG
244.2286439,153.5643516,-397.7845583,2971.537402,-3659.592433,688.0168306,LLLG
234.1098689,165.1326548,-399.2340857,3048.914857,-3616.3755,567.4224474,LLLG
223.7600085,176.5380329,-400.2896024,3123.283415,-3569.589668,446.2680607,LLLG
213.1892766,187.7692301,-400.9500668,3194.569674,-3519.281114,324.6732515,LLLG
202.4081053,198.8151625,-401.2148271,3262.703294,-3465.499481,202.7580029,LLLG
191.4271344,209.6649292,-401.0836221,3327.617024,-3408.297851,80.64264686,LLLG
180.2572006,220.3078228,-400.556581,3389.246813,-3347.732669,-41.55231981,LLLG
168.9093275,230.73334,-399.6342243,3447.531829,-3283.863712,-163.7062892,LLLG
157.3947139,240.9311921,-398.317462,3502.414562,-3216.754004,-285.6987262,LLLG
145.7247235,250.8913151,-396.6075937,3553.84084,-3146.469781,-407.4092229,LLLG
133.910873,260.6038794,-394.5063067,3601.75992,-3073.080399,-528.717682,LLLG
121.9648214,270.0593,-392.0156749,3646.124503,-2996.65829,-649.5043703,LLLG
109.8983578,279.2482455,-389.138156,3686.890816,-2917.278867,-769.6501023,LLLG
97.72339065,288.1616476,-385.8765901,3724.018618,-2835.020475,-889.0362923,LLLG
85.45193491,296.7907098,-382.2341957,3757.471278,-2749.964287,-1007.545137,LLLG
73.09610117,305.1269162,-378.2145676,3787.215772,-2662.194248,-1125.059666,LLLG
60.66808304,313.16204,-373.8216725,3813.222756,-2571.796972,-1241.463923,LLLG
48.18014559,320.8881515,-369.0598458,3835.466555,-2478.861675,-1356.643015,LLLG
35.64461279,328.297626,-363.9337867,3853.925225,-2383.480067,-1470.48329,LLLG
23.0738558,335.3831513,-358.4485542,3868.580542,-2285.746285,-1582.872385,LLLG
10.48028035,342.1377346,-352.6095613,3879.418052,-2185.756773,-1693.699402,LLLG
-2.123685125,348.5547103,-346.4225707,3886.427049,-2083.610217,-1802.854953,LLLG
-14.72560214,354.6277453,-339.8936879,3889.600626,-1979.407414,-1910.231329,LLLG
-27.31303401,360.3508464,-333.0293564,3888.935643,-1873.251209,-2015.722547,LLLG
-39.87355858,365.7183655,-325.8363503,3884.432763,-1765.246357,-2119.224516,LLLG
-52.39478001,370.7250057,-318.3217682,3876.096423,-1655.499453,-2220.635077,LLLG
-64.86434147,375.3658258,-310.4930262,3863.934858,-1544.118796,-2319.854165,LLLG
-77.26993692,379.6362461,-302.3578503,3847.960061,-1431.214314,-2416.783846,LLLG
-89.59932361,383.5320521,-293.9242688,3828.187807,-1316.897422,-2511.32848,LLLG
-101.8403339,387.0493991,-285.2006048,3804.637598,-1201.280945,-2603.394746,LLLG
-113.9808873,390.1848158,-276.1954674,3777.332686,-1084.478974,-2692.891801,LLLG
-126.0090027,392.9352082,-266.9177437,3746.300008,-966.6067865,-2779.731307,LLLG
-137.9128097,395.2978617,-257.3765895,3711.570198,-847.7807007,-2863.82758,LLLG
-149.6805607,397.2704449,-247.5814209,3673.177522,-728.1179906,-2945.09761,LLLG
-161.3006424,398.8510109,-237.5419045,3631.159877,-607.7367421,-3023.461211,LLLG
-172.7615871,400.038,-227.2679482,3585.558721,-486.7557637,-3098.84103,LLLG
-184.0520843,400.8302407,-216.769691,3536.419066,-365.2944423,-3171.162694,LLLG
-195.1609916,401.2269513,-206.0574936,3483.789398,-243.4726522,-3240.354812,LLLG
-206.0773459,401.22774,-195.1419274,3427.721664,-121.4106101,-3306.349117,LLLG
-216.790374,400.8326064,-184.0337649,3368.271189,0.771216623,-3369.080465,LLLG
-227.2895035,400.0419401,-172.7439685,3305.49665,122.9522562,-3428.486963,LLLG
-237.564373,398.8565217,-161.2836799,3239.459991,245.0119239,-3484.509969,LLLG
-247.6048425,397.2775208,-149.6642089,3170.22639,366.8297682,-3537.094209,LLLG
-257.4010031,395.3064958,-137.8970226,3097.864164,488.285563,-3586.187775,LLLG
-266.9431874,392.9453919,-125.9937338,3022.444734,609.2594528,-3631.742232,LLLG
-276.2219782,390.1965392,-113.9660896,2944.042522,729.6320442,-3673.712607,LLLG
-285.2282186,387.0626505,-101.8259598,2862.734909,849.2845507,-3712.057498,LLLG
-293.9530205,383.5468185,-89.58532532,2778.602128,968.098883,-3746.739046,LLLG
-302.3877735,379.6525129,-77.25626605,2691.727216,1085.957793,-3777.723041,LLLG
-310.5241536,375.3835771,-64.85094946,2602.1959,1202.74496,-3804.97889,LLLG
-318.3541312,370.7442237,-52.38161791,2510.096545,1318.345137,-3828.479709,LLLG
-325.8699789,365.7390315,-39.86057731,2415.520033,1432.644234,-3848.202291,LLLG
-333.0642797,360.3729398,-27.30018423,2318.559709,1545.529458,-3864.127187,LLLG
-339.9299335,354.6512444,-14.71283445,2219.311252,1656.889398,-3876.238667,LLLG
-346.4601648,348.5795919,-2.110949986,2117.872616,1766.614162,-3884.524793,LLLG
-352.648529,342.1639743,10.49303245,2014.343902,1874.595458,-3888.977372,LLLG
-358.4889191,335.410723,23.08667443,1908.827287,1980.726729,-3889.592025,LLLG
-363.9755711,328.3265027,35.65754737,1801.426896,2084.903229,-3886.368131,LLLG
-369.1030705,320.9183045,48.19324551,1692.248728,2187.022155,-3879.308886,LLLG
-373.866357,313.1934397,60.68139746,1581.40052,2286.982721,-3868.421242,LLLG
-378.2607299,305.1595315,73.10967909,1468.991675,2384.686286,-3853.715959,LLLG
-382.2818523,296.8245086,85.46582502,1355.133119,2480.03642,-3835.207534,LLLG
-385.9257561,288.1965966,97.73764139,1239.937223,2572.939031,-3812.914247,LLLG
-389.188845,279.2843102,109.9130172,1123.517665,2663.30243,-3786.858084,LLLG
-392.0678988,270.0964448,121.9799371,1005.989344,2751.037444,-3757.064775,LLLG
-394.5600762,260.6420676,133.9264922,887.4682397,2836.057484,-3723.563708,LLLG
-396.6629177,250.930509,145.7408929,768.0713248,2918.278651,-3686.387957,LLLG
-398.3743482,240.9713532,157.4114797,647.916422,2997.619797,-3645.574198,LLLG
-399.6926785,230.7744286,168.9267353,527.1221179,3074.002627,-3601.162722,LLLG
-400.6166077,220.3497983,180.2752953,405.8076136,3147.351756,-3553.197343,LLLG
-401.145224,209.7077503,191.4459602,284.0926401,3217.594802,-3501.725413,LLLG
-401.2780057,198.8587869,202.4277058,162.0973073,3284.662438,-3446.797713,LLLG
-401.0148217,187.8136147,213.2096946,39.94201786,3348.488482,-3388.468466,LLLG
-400.3559318,176.583134,223.7812859,-82.25268373,3409.00994,-3326.795219,LLLG
-399.3019863,165.1784279,234.132047,-204.366198,3466.16709,-3261.838853,LLLG
-397.8540251,153.6107515,244.2517628,-326.2780216,3519.903519,-3193.663456,LLLG
-396.0134774,141.8915207,254.1304464,-447.8678344,3570.166202,-3122.336323,LLLG
-393.7821595,130.032301,263.7583487,-569.0156499,3616.905529,-3047.927833,LLLG
-391.1622734,118.0447959,273.1259683,-689.6019017,3660.075381,-2970.511431,LLLG
-388.1564047,105.9408358,282.2240602,-809.507594,3699.633148,-2890.163503,LLLG
-384.7675198,93.73236562,291.043646,-928.6143861,3735.539797,-2806.963357,LLLG
-380.998963,81.43143384,299.5760215,-1046.804742,3767.759887,-2720.993089,LLLG
-376.8544536,69.05017988,307.8127666,-1163.962014,3796.261627,-2632.337554,LLLG
-372.3380816,56.60082263,315.7457524,-1279.970591,3821.016882,-2541.08423,LLLG
-367.4543042,44.09564801,323.3671501,-1394.715977,3842.001228,-2447.323188,LLLG
-362.2079411,31.54699721,330.6694382,-1508.084941,3859.19395,-2351.146944,LLLG
-356.6041697,18.96725416,337.6454104,-1619.965593,3872.578088,-2252.650427,LLLG
-350.6485203,6.368833604,344.2881821,-1730.247529,3882.140426,-2151.930826,LLLG
-344.3468705,-6.235831398,350.5911978,-1838.821906,3887.871533,-2049.087555,LLLG
-337.7054392,-18.83430149,356.548237,-1945.581582,3889.765749,-1944.222092,LLLG
-330.7307807,-31.41414358,362.1534211,-2050.421189,3887.821208,-1837.437942,LLLG
-323.4297781,-43.96294281,367.4012182,-2153.237273,3882.039825,-1728.840473,LLLG
-315.8096367,-56.46831511,372.2864496,-2253.928358,3872.427312,-1618.536872,LLLG
-307.8778766,-68.91791909,376.8042939,-2352.395081,3858.993147,-1506.635981,LLLG
-299.6423255,-81.29946859,380.9502928,-2448.540261,3841.750595,-1393.248248,LLLG
-291.1111108,-93.60074444,384.7203545,-2542.269021,3820.716668,-1278.485557,LLLG
-282.292652,-105.8096068,388.1107585,-2633.488855,3795.912127,-1162.461181,LLLG
-273.1956516,-117.914007,391.1181588,-2722.109748,3767.361447,-1045.289606,LLLG
-263.8290875,-129.9019995,393.7395875,-2808.044233,3735.09281,-927.0864823,LLLG
-254.2022031,-141.7617535,395.9724576,-2891.207511,3699.138055,-807.9684462,LLLG
-244.3244992,-153.4815649,397.8145656,-2971.517503,3659.53267,-688.053068,LLLG
-234.2057237,-165.0498677,399.2640934,-3048.89496,3616.315736,-567.458675,LLLG
-223.8558628,-176.4552453,400.3196106,-3123.263512,3569.529909,-446.3042939,LLLG
-213.2851305,-187.686442,400.9800754,-3194.549774,3519.221354,-324.7094749,LLLG
-202.5039588,-198.7323741,401.2448361,-3262.683387,3465.439727,-202.794232,LLLG
-191.5229874,-209.5821404,401.1136315,-3327.59712,3408.238096,-80.67886621,LLLG
-180.3530532,-220.2250335,400.5865909,-3389.226902,3347.672919,41.51609484,LLLG
-169.0051796,-230.6505503,399.6642346,-3447.51192,3283.803961,163.6700738,LLLG
-157.4905657,-240.848402,398.3474727,-3502.394647,3216.694258,285.6625053,LLLG
-145.8205748,-250.8085245,396.6376048,-3553.820927,3146.410034,407.3730116,LLLG
-134.0067239,-260.5210885,394.5363183,-3601.740001,3073.020656,528.681465,LLLG
-122.0606718,-269.9765087,392.0456868,-3646.104587,2996.598546,649.4681629,LLLG
-109.9942079,-279.1654538,389.1681685,-3686.870894,2917.219129,769.6138892,LLLG
-97.81924025,-288.0788555,385.9066029,-3723.998698,2834.960735,889.0000888,LLLG
-85.54778414,-296.7079173,382.264209,-3757.451352,2749.904552,1007.508928,LLLG
-73.19194993,-305.0441233,378.2445812,-3787.195848,2662.134512,1125.023466,LLLG
-60.76393145,-313.0792467,373.8516865,-3813.202826,2571.737241,1241.427717,LLLG
-48.27599354,-320.8053578,369.0898602,-3835.446627,2478.801942,1356.606819,LLLG
-35.74046038,-328.214832,363.9638015,-3853.905292,2383.42034,1470.447088,LLLG
-23.16970294,-335.3003568,358.4785693,-3868.560611,2285.686556,1582.836193,LLLG
-10.57612714,-342.0549398,352.639577,-3879.398115,2185.69705,1693.663204,LLLG
2.027838783,-348.4719151,346.4525867,-3886.407114,2083.550492,1802.818764,LLLG
14.62975614,-354.5449497,339.9237044,-3889.580686,1979.347694,1910.195134,LLLG
27.21718846,-360.2680504,333.0593731,-3888.915705,1873.191488,2015.686362,LLLG
39.77771337,-365.6355693,325.8663674,-3884.412819,1765.18664,2119.188326,LLLG
52.29893523,-370.642209,318.3517857,-3876.076482,1655.439735,2220.598896,LLLG
64.76849703,-375.2830288,310.5230441,-3863.914911,1544.059083,2319.817978,LLLG
77.17409291,-379.5534487,302.3878685,-3847.940116,1431.1546,2416.747669,LLLG
89.50347994,-383.4492543,293.9542875,-3828.167856,1316.837713,2511.292297,LLLG
101.7444906,-386.9666009,285.2306238,-3804.61765,1201.221234,2603.358571,LLLG
113.8850444,-390.1020174,276.2254868,-3777.312731,1084.419268,2692.855621,LLLG
125.9131602,-392.8524093,266.9477634,-3746.280056,966.547079,2779.695136,LLLG
137.8169675,-395.2150626,257.4066096,-3711.55024,847.7209981,2863.791403,LLLG
149.584719,-397.1876454,247.6114413,-3673.157566,728.0582865,2945.061443,LLLG
161.204801,-398.7682111,237.5719254,-3631.139916,607.6770429,3023.425038,LLLG
172.6657461,-399.9551998,227.2979694,-3585.538763,486.696063,3098.804866,LLLG
183.9562436,-400.7474402,216.7997126,-3536.399102,365.2347463,3171.126524,LLLG
195.0651513,-401.1441504,206.0875154,-3483.769436,243.4129547,3240.318651,LLLG
205.9815059,-401.1449388,195.1719496,-3427.701697,121.3509175,3306.312951,LLLG
216.6945344,-400.7498048,184.0637875,-3368.251224,-0.830910856,3369.044308,LLLG
227.1936642,-399.9591383,172.7739914,-3305.47668,-123.0119457,3428.4508,LLLG
237.4685341,-398.7737194,161.3137031,-3239.440023,-245.0716149,3484.473814,LLLG
247.5090039,-397.1947183,149.6942325,-3170.206417,-366.8894545,3537.058049,LLLG
257.3051649,-395.223693,137.9270465,-3097.844193,-488.3452509,3586.151624,LLLG
266.8473495,-392.8625888,126.0237581,-3022.424758,-609.3191359,3631.706075,LLLG
276.1261407,-390.1137357,113.9961142,-2944.022548,-729.6917289,3673.676459,LLLG
285.1323814,-386.9798467,101.8559848,-2862.714929,-849.3442307,3712.021344,LLLG
293.8571836,-383.4640144,89.61535052,-2778.582151,-968.1585647,3746.702901,LLLG
302.291937,-379.5697085,77.28629166,-2691.707234,-1086.017469,3777.68689,LLLG
310.4283174,-375.3007723,64.8809753,-2602.17592,-1202.804639,3804.942748,LLLG
318.2582953,-370.6614187,52.41164415,-2510.076559,-1318.404811,3828.443561,LLLG
325.7741434,-365.6562261,39.89060378,-2415.50005,-1432.70391,3848.166152,LLLG
332.9684445,-360.2901342,27.33021111,-2318.53972,-1545.589129,3864.091043,LLLG
339.8340986,-354.5684385,14.74286156,-2219.291265,-1656.949071,3876.202531,LLLG
346.3643302,-348.4967857,2.140977489,-2117.852625,-1766.67383,3884.488651,LLLG
352.5526948,-342.0811677,-10.46300472,-2014.323913,-1874.655128,3888.941239,LLLG
358.3930851,-335.3279162,-23.05664631,-1908.807292,-1980.786394,3889.555887,LLLG
363.8797375,-328.2436955,-35.62751903,-1801.406904,-2084.962896,3886.332001,LLLG
369.0072372,-320.8354971,-48.16321679,-1692.228731,-2187.081817,3879.27275,LLLG
373.770524,-313.1106319,-60.65136852,-1581.380525,-2287.042385,3868.385115,LLLG
378.1648972,-305.0767235,-73.07964977,-1468.971675,-2384.745945,3853.679826,LLLG
382.18602,-296.7417003,-85.43579548,-1355.113121,-2480.096081,3835.171409,LLLG
385.829924,-288.113788,-97.70761147,-1239.91722,-2572.998688,3812.878117,LLLG
389.0930132,-279.2015013,-109.8829871,-1123.497665,-2663.362088,3786.821963,LLLG
391.9720673,-270.0136356,-121.9499066,-1005.969339,-2751.097098,3757.028648,LLLG
394.4642451,-260.5592582,-133.8964615,-887.4482368,-2836.117139,3723.527589,LLLG
396.5670869,-250.8476993,-145.7108619,-768.0513167,-2918.338302,3686.351833,LLLG
398.2785176,-240.8885432,-157.3814485,-647.8964165,-2997.679449,3645.538081,LLLG
399.5968483,-230.6916184,-168.8967036,-527.1021072,-3074.062276,3601.1266,LLLG
400.5207778,-220.2669878,-180.2452634,-405.7876054,-3147.411406,3553.16123,LLLG
401.0493944,-209.6249395,-191.415928,-284.0726268,-3217.654448,3501.689294,LLLG
401.1821764,-198.7759758,-202.3976734,-162.0772965,-3284.722085,3446.761603,LLLG
400.9189927,-187.7308034,-213.1796619,-39.92200196,-3348.548125,3388.432349,LLLG
400.2601031,-176.5003224,-223.751253,82.27269709,-3409.069584,3326.759111,LLLG
399.2061578,-165.0956161,-234.1020137,204.3862164,-3466.22673,3261.802739,LLLG
397.7581969,-153.5279394,-244.2217293,326.2980375,-3519.963161,3193.62735,LLLG
395.9176495,-141.8087084,-254.1004126,447.8878553,-3570.22584,3122.300212,LLLG
393.6863319,-129.9494884,-263.7283147,569.0356683,-3616.965169,3047.89173,LLLG
391.066446,-117.9619831,-273.0959339,689.6219252,-3660.135017,2970.475322,LLLG
388.0605776,-105.8580226,-282.1940257,809.5276148,-3699.692785,2890.127402,LLLG
384.6716929,-93.64955227,-291.0136111,928.6344119,-3735.59943,2806.927251,LLLG
380.9031365,-81.34862021,-299.5459865,1046.824765,-3767.819522,2720.956991,LLLG
376.7586273,-68.96736604,-307.7827312,1163.982043,-3796.321257,2632.30145,LLLG
372.2422557,-56.5180085,-315.7157168,1279.990616,-3821.076514,2541.048134,LLLG
367.3584785,-44.01283368,-323.3371142,1394.736007,-3842.060856,2447.287086,LLLG
362.1121156,-31.46418261,-330.6394021,1508.104969,-3859.25358,2351.11085,LLLG
356.5083445,-18.88443934,-337.615374,1619.985626,-3872.637714,2252.614328,LLLG
350.5526954,-6.286018518,-344.2581455,1730.26756,-3882.200053,2151.894735,LLLG
344.2510458,6.318646686,-350.5611609,1838.841941,-3887.931157,2049.051458,LLLG
337.6096148,18.91711705,-356.5182,1945.601614,-3889.825374,1944.186003,LLLG
330.6349565,31.49695934,-362.1233837,2050.441227,-3887.880829,1837.401848,LLLG
323.3339542,44.04575884,-367.3711807,2153.257308,-3882.099448,1728.804387,LLLG
315.7138131,56.55113132,-372.2564117,2253.948398,-3872.48693,1618.50078,LLLG
307.7820532,69.00073557,-376.7742559,2352.415119,-3859.052767,1506.599898,LLLG
299.5465023,81.38228527,-380.9202545,2448.560303,-3841.810212,1393.212159,LLLG
291.015288,93.68356137,-384.690316,2542.289061,-3820.776286,1278.449476,LLLG
282.1968293,105.8924239,-388.0807197,2633.5089,-3795.971741,1162.425094,LLLG
273.0998292,117.9968244,-391.0881198,2722.129789,-3767.421063,1045.253527,LLLG
263.7332653,129.984817,-393.7095483,2808.064279,-3735.152422,927.0503972,LLLG
254.1063812,141.8445713,-395.9424182,2891.227555,-3699.197668,807.9323691,LLLG
244.2286775,153.5643829,-397.7845259,2971.537552,-3659.59228,688.0169851,LLLG
234.1099023,165.1326859,-399.2340535,3048.915006,-3616.375348,567.4226,LLLG
223.7600416,176.5380637,-400.2895704,3123.283563,-3569.589517,446.2682132,LLLG
213.1893096,187.7692607,-400.950035,3194.569822,-3519.280964,324.6734021,LLLG
202.4081381,198.8151929,-401.2147955,3262.70344,-3465.499332,202.7581535,LLLG
191.4271669,209.6649595,-401.0835907,3327.61717,-3408.297703,80.64279551,LLLG
180.257233,220.3078528,-400.5565499,3389.246957,-3347.732522,-41.55217119,LLLG
168.9093596,230.7333698,-399.6341934,3447.531973,-3283.863566,-163.7061424,LLLG
157.3947459,240.9312217,-398.3174312,3502.414704,-3216.753859,-285.6985795,LLLG
145.7247552,250.8913445,-396.6075631,3553.840982,-3146.469637,-407.4090781,LLLG
133.9109046,260.6039086,-394.5062764,3601.76006,-3073.080256,-528.7175372,LLLG
121.9648527,270.059329,-392.0156448,3646.124643,-2996.658147,-649.5042274,LLLG
109.898389,279.2482743,-389.1381261,3686.890955,-2917.278726,-769.6499593,LLLG
97.72342163,288.1616762,-385.8765604,3724.018757,-2835.020334,-889.0361513,LLLG
85.4519657,296.7907382,-382.2341662,3757.471415,-2749.964147,-1007.544996,LLLG
73.09613176,305.1269444,-378.2145383,3787.215909,-2662.194109,-1125.059527,LLLG
60.66811345,313.162068,-373.8216434,3813.222891,-2571.796834,-1241.463784,LLLG
48.1801758,320.8881793,-369.0598169,3835.46669,-2478.861537,-1356.642877,LLLG
35.64464282,328.2976536,-363.933758,3853.925359,-2383.479931,-1470.483152,LLLG
23.07388564,335.3831787,-358.4485257,3868.580675,-2285.746149,-1582.872249,LLLG
10.48031001,342.1377619,-352.609533,3879.418183,-2185.756639,-1693.699266,LLLG
-2.123655658,348.5547373,-346.4225426,3886.42718,-2083.610083,-1802.854819,LLLG
-14.72557285,354.6277721,-339.89366,3889.600756,-1979.407282,-1910.231195,LLLG
-27.31300491,360.3508731,-333.0293287,3888.935772,-1873.251077,-2015.722415,LLLG
-39.87352965,365.718392,-325.8363227,3884.432892,-1765.246226,-2119.224384,LLLG
-52.39475127,370.725032,-318.3217409,3876.096551,-1655.499322,-2220.634946,LLLG
-64.86431291,375.365852,-310.492999,3863.934985,-1544.118667,-2319.854034,LLLG
-77.26990853,379.6362721,-302.3578233,3847.960188,-1431.214185,-2416.783718,LLLG
-89.5992954,383.5320778,-293.924242,3828.187932,-1316.897295,-2511.328351,LLLG
-101.8403058,387.0494246,-285.2005782,3804.637723,-1201.280818,-2603.394619,LLLG
-113.9808595,390.1848412,-276.1954409,3777.332809,-1084.478848,-2692.891674,LLLG
-126.008975,392.9352334,-266.9177174,3746.300131,-966.6066608,-2779.731182,LLLG
-137.9127822,395.2978868,-257.3765634,3711.57032,-847.7805763,-2863.827454,LLLG
-149.6805334,397.2704698,-247.581395,3673.177643,-728.1178666,-2945.097486,LLLG
-161.3006152,398.8510356,-237.5418788,3631.159997,-607.7366193,-3023.461087,LLLG
-172.7615601,400.0380245,-227.2679227,3585.558841,-486.7556413,-3098.840908,LLLG
-184.0520575,400.8302651,-216.7696656,3536.419185,-365.294321,-3171.162571,LLLG
-195.160965,401.2269754,-206.0574684,3483.789517,-243.4725313,-3240.354691,LLLG
-206.0773194,401.2277641,-195.1419023,3427.721782,-121.4104905,-3306.348997,LLLG
-216.7903477,400.8326302,-184.0337401,3368.271306,0.771335995,-3369.080346,LLLG
-227.2894774,400.0419638,-172.7439438,3305.496766,122.9523744,-3428.486844,LLLG
-237.564347,398.8565452,-161.2836554,3239.460107,245.0120417,-3484.509851,LLLG
-247.6048166,397.2775441,-149.6641845,3170.226505,366.8298849,-3537.094091,LLLG
-257.4009774,395.306519,-137.8969984,3097.864278,488.2856794,-3586.187659,LLLG
-266.9431618,392.9454149,-125.9937098,3022.444847,609.259568,-3631.742115,LLLG
-276.2219528,390.1965621,-113.9660658,2944.042635,729.6321591,-3673.712493,LLLG
-285.2281934,387.0626732,-101.8259361,2862.735021,849.2846644,-3712.057383,LLLG
-293.9529954,383.546841,-89.58530178,2778.602239,968.0989965,-3746.738933,LLLG
-302.3877486,379.6525353,-77.25624268,2691.727326,1085.957905,-3777.722928,LLLG
-310.5241289,375.3835993,-64.85092624,2602.19601,1202.745072,-3804.978778,LLLG
-318.3541066,370.7442458,-52.38159485,2510.096654,1318.345248,-3828.479597,LLLG
-325.8699545,365.7390534,-39.8605544,2415.520142,1432.644345,-3848.202181,LLLG
-333.0642554,360.3729616,-27.30016149,2318.559816,1545.529567,-3864.127077,LLLG
-339.9299093,354.6512661,-14.71281186,2219.311359,1656.889507,-3876.238558,LLLG
-346.4601408,348.5796134,-2.110927559,2117.872722,1766.61427,-3884.524684,LLLG
-352.6485052,342.1639956,10.49305474,2014.344007,1874.595566,-3888.977265,LLLG
-358.4888954,335.4107442,23.08669655,1908.827391,1980.726836,-3889.591918,LLLG
-363.9755475,328.3265237,35.65756935,1801.427,2084.903336,-3886.368025,LLLG
-369.1030471,320.9183254,48.19326733,1692.248831,2187.02226,-3879.30878,LLLG
-373.8663337,313.1934604,60.68141914,1581.400623,2286.982827,-3868.421138,LLLG
-378.2607067,305.1595521,73.10970061,1468.991777,2384.68639,-3853.715854,LLLG
-382.2818293,296.8245291,85.4658464,1355.13322,2480.036524,-3835.20743,LLLG
-385.9257332,288.1966169,97.73766262,1239.937324,2572.939134,-3812.914143,LLLG
-389.1888223,279.2843304,109.9130383,1123.517765,2663.302532,-3786.857982,LLLG
-392.0678762,270.0964648,121.979958,1005.989444,2751.037545,-3757.064673,LLLG
-394.5600538,260.6420875,133.926513,887.4683388,2836.057585,-3723.563607,LLLG
-396.6628955,250.9305287,145.7409136,768.0714228,2918.278751,-3686.387856,LLLG
-398.374326,240.9713728,157.4115002,647.9165199,2997.619896,-3645.574098,LLLG
-399.6926565,230.774448,168.9267557,527.1222146,3074.002726,-3601.162622,LLLG
-400.6165859,220.3498176,180.2753155,405.8077102,3147.351854,-3553.197245,LLLG
-401.1452023,209.7077694,191.4459803,284.0927357,3217.594899,-3501.725315,LLLG
-401.2779841,198.8588059,202.4277258,162.0974027,3284.662535,-3446.797617,LLLG
-401.0148003,187.8136336,213.2097144,39.94211216,3348.488578,-3388.468369,LLLG
-400.3559105,176.5831527,223.7813056,-82.25258957,3409.010036,-3326.795124,LLLG
-399.3019651,165.1784465,234.1320666,-204.3661049,3466.167185,-3261.838757,LLLG
-397.8540041,153.61077,244.2517822,-326.2779287,3519.903614,-3193.663361,LLLG
-396.0134565,141.8915391,254.1304657,-447.8677425,3570.166296,-3122.336229,LLLG
-393.7821387,130.0323192,263.7583679,-569.0155581,3616.905623,-3047.92774,LLLG
-391.1622528,118.044814,273.1259873,-689.601811,3660.075474,-2970.511337,LLLG
-388.1563841,105.9408537,282.2240791,-809.5075033,3699.633241,-2890.163411,LLLG
-384.7674993,93.73238346,291.0436647,-928.6142965,3735.539889,-2806.963265,LLLG
-380.9989427,81.43145155,299.5760401,-1046.804653,3767.759979,-2720.992998,LLLG
-376.8544334,69.05019747,307.8127851,-1163.961926,3796.261717,-2632.337463,LLLG
-372.3380616,56.60084008,315.7457707,-1279.970502,3821.016972,-2541.08414,LLLG
-367.4542843,44.09566535,323.3671683,-1394.715889,3842.001317,-2447.323098,LLLG
-362.2079212,31.54701442,330.6694563,-1508.084854,3859.194039,-2351.146855,LLLG
-356.60415,18.96727125,337.6454284,-1619.965507,3872.578176,-2252.650338,LLLG
-350.6485008,6.368850566,344.2882,-1730.247443,3882.140514,-2151.930739,LLLG
-344.3468511,-6.235814553,350.5912155,-1838.821821,3887.87162,-2049.087467,LLLG
-337.7054199,-18.83428477,356.5482547,-1945.581497,3889.765836,-1944.222006,LLLG
-330.7307615,-31.41412698,362.1534386,-2050.421105,3887.821294,-1837.437855,LLLG
-323.429759,-43.96292633,367.4012356,-2153.237189,3882.039911,-1728.840388,LLLG
-315.8096177,-56.46829874,372.2864669,-2253.928275,3872.427396,-1618.536787,LLLG
-307.8778577,-68.91790285,376.8043111,-2352.394998,3858.993232,-1506.635897,LLLG
-299.6423067,-81.29945246,380.9503098,-2448.540179,3841.750679,-1393.248164,LLLG
-291.1110922,-93.60072843,384.7203714,-2542.26894,3820.716751,-1278.485475,LLLG
-282.2926335,-105.8095909,388.1107753,-2633.488774,3795.91221,-1162.461098,LLLG
-273.1956332,-117.9139912,391.1181754,-2722.109667,3767.36153,-1045.289525,LLLG
-263.8290692,-129.9019838,393.7396041,-2808.044153,3735.092892,-927.0864,LLLG
-254.2021849,-141.7617379,395.9724741,-2891.207431,3699.138136,-807.9683654,LLLG
-244.3244811,-153.4815495,397.8145819,-2971.517424,3659.532751,-688.0529868,LLLG
-234.2057058,-165.0498523,399.2641096,-3048.894881,3616.315817,-567.4585952,LLLG
-223.855845,-176.4552301,400.3196267,-3123.263434,3569.529989,-446.3042137,LLLG
-213.2851128,-187.6864269,400.9800914,-3194.549696,3519.221434,-324.7093962,LLLG
-202.5039412,-198.7323591,401.244852,-3262.68331,3465.439805,-202.7941528,LLLG
-191.5229699,-209.5821255,401.1136472,-3327.597043,3408.238174,-80.67878844,LLLG
-180.3530358,-220.2250188,400.5866066,-3389.226826,3347.672997,41.51617298,LLLG
-169.0051623,-230.6505356,399.6642501,-3447.511845,3283.804038,163.6701506,LLLG
-157.4905485,-240.8483875,398.3474882,-3502.394572,3216.694334,285.6625824,LLLG
-145.8205577,-250.8085101,396.6376201,-3553.820852,3146.41011,407.3730874,LLLG
-134.0067069,-260.5210741,394.5363335,-3601.739927,3073.020732,528.6815412,LLLG
-122.0606549,-269.9764944,392.0457019,-3646.104513,2996.598622,649.4682377,LLLG
-109.9941911,-279.1654397,389.1681835,-3686.870821,2917.219203,769.6139644,LLLG
-97.81922357,-288.0788414,385.9066178,-3723.998625,2834.96081,889.0001627,LLLG
-85.54776755,-296.7079033,382.2642238,-3757.45128,2749.904626,1007.509002,LLLG
-73.19193346,-305.0441094,378.2445959,-3787.195776,2662.134586,1125.023539,LLLG
-60.76391506,-313.079233,373.8517011,-3813.202755,2571.737314,1241.427791,LLLG
-48.27597726,-320.8053442,369.0898747,-3835.446556,2478.802015,1356.606891,LLLG
-35.74044419,-328.2148184,363.9638159,-3853.905222,2383.420412,1470.44716,LLLG
-23.16968686,-335.3003434,358.4785837,-3868.560541,2285.686628,1582.836264,LLLG
-10.57611115,-342.0549265,352.6395912,-3879.398045,2185.697121,1693.663276,LLLG
2.027854668,-348.4719018,346.4526008,-3886.407045,2083.550563,1802.818834,LLLG
14.62977194,-354.5449366,339.9237184,-3889.580617,1979.347765,1910.195205,LLLG
27.21720415,-360.2680374,333.0593871,-3888.915636,1873.191558,2015.686431,LLLG
39.77772897,-365.6355563,325.8663813,-3884.412752,1765.18671,2119.188395,LLLG
52.29895074,-370.6421962,318.3517994,-3876.076414,1655.439804,2220.598964,LLLG
64.76851245,-375.2830161,310.5230577,-3863.914844,1544.059152,2319.818046,LLLG
77.17410822,-379.553436,302.387882,-3847.940049,1431.154668,2416.747736,LLLG
89.50349517,-383.4492417,293.9543009,-3828.16779,1316.837781,2511.292365,LLLG
101.7445057,-386.9665884,285.2306371,-3804.617584,1201.221301,2603.358638,LLLG
113.8850595,-390.102005,276.2255,-3777.312666,1084.419335,2692.855688,LLLG
125.9131751,-392.8523971,266.9477765,-3746.279991,966.5471456,2779.695202,LLLG
137.8169824,-395.2150504,257.4066227,-3711.550176,847.721064,2863.791469,LLLG
149.5847337,-397.1876333,247.6114543,-3673.157502,728.0583524,2945.061508,LLLG
161.2048157,-398.768199,237.5719383,-3631.139853,607.6771079,3023.425103,LLLG
172.6657607,-399.9551879,227.2979822,-3585.538699,486.696128,3098.80493,LLLG
183.9562581,-400.7474283,216.7997253,-3536.39904,365.2348106,3171.126588,LLLG
195.0651657,-401.1441386,206.087528,-3483.769374,243.413019,3240.318715,LLLG
205.9815203,-401.1449272,195.1719622,-3427.701635,121.3509809,3306.313015,LLLG
216.6945487,-400.7497932,184.0637999,-3368.251162,-0.83084743,3369.04437,LLLG
227.1936784,-399.9591268,172.7740038,-3305.476619,-123.011883,3428.450863,LLLG
237.4685482,-398.773708,161.3137154,-3239.439962,-245.0715522,3484.473876,LLLG
247.5090179,-397.1947069,149.6942447,-3170.206357,-366.8893926,3537.058111,LLLG
257.3051788,-395.2236817,137.9270586,-3097.844133,-488.345189,3586.151685,LLLG
266.8473633,-392.8625776,126.0237701,-3022.424698,-609.3190748,3631.706136,LLLG
276.1261544,-390.1137246,113.9961261,-2944.022488,-729.6916678,3673.67652,LLLG
285.132395,-386.9798357,101.8559966,-2862.714871,-849.3441704,3712.021405,LLLG
293.8571972,-383.4640035,89.61536228,-2778.582092,-968.1585043,3746.702961,LLLG
302.2919505,-379.5696977,77.28630332,-2691.707176,-1086.01741,3777.68695,LLLG
310.4283309,-375.3007616,64.88098689,-2602.175862,-1202.804579,3804.942806,LLLG
318.2583087,-370.661408,52.41165565,-2510.076502,-1318.404752,3828.44362,LLLG
325.7741567,-365.6562156,39.89061522,-2415.499993,-1432.703851,3848.16621,LLLG
332.9684577,-360.2901237,27.33022245,-2318.539664,-1545.589071,3864.091101,LLLG
339.8341117,-354.568428,14.74287283,-2219.291209,-1656.949012,3876.202588,LLLG
346.3643433,-348.4967753,2.140988669,-2117.852569,-1766.673773,3884.488709,LLLG
352.5527078,-342.0811575,-10.46299361,-2014.323857,-1874.655071,3888.941295,LLLG
358.393098,-335.327906,-23.05663529,-1908.807237,-1980.786338,3889.555944,LLLG
363.8797503,-328.2436854,-35.62750808,-1801.406849,-2084.962839,3886.332057,LLLG
369.0072499,-320.8354871,-48.16320592,-1692.228676,-2187.081761,3879.272807,LLLG
373.7705367,-313.110622,-60.65135772,-1581.380471,-2287.042329,3868.38517,LLLG
378.1649097,-305.0767136,-73.07963905,-1468.971622,-2384.74589,3853.679882,LLLG
382.1860325,-296.7416905,-85.43578483,-1355.113067,-2480.096026,3835.171464,LLLG
385.8299364,-288.1137783,-97.70760091,-1239.917167,-2572.998633,3812.878172,LLLG
389.0930256,-279.2014917,-109.8829766,-1123.497612,-2663.362033,3786.822016,LLLG
391.9720796,-270.0136261,-121.9498962,-1005.969287,-2751.097044,3757.028702,LLLG
394.4642573,-260.5592487,-133.8964512,-887.4481844,-2836.117085,3723.527642,LLLG
396.567099,-250.8476899,-145.7108516,-768.0512651,-2918.338249,3686.351886,LLLG
398.2785297,-240.8885339,-157.3814382,-647.8963647,-2997.679396,3645.538134,LLLG
399.5968602,-230.6916091,-168.8966935,-527.1020562,-3074.062223,3601.126653,LLLG
400.5207897,-220.2669786,-180.2452534,-405.7875543,-3147.411353,3553.161281,LLLG
401.0494062,-209.6249304,-191.415918,-284.0725765,-3217.654396,3501.689346,LLLG
401.1821881,-198.7759667,-202.3976635,-162.077246,-3284.722033,3446.761654,LLLG
400.9190043,-187.7307944,-213.179652,-39.92195224,-3348.548074,3388.432401,LLLG
400.2601147,-176.5003135,-223.7512432,82.27274692,-3409.069533,3326.759161,LLLG
399.2061693,-165.0956072,-234.102004,204.3862655,-3466.22668,3261.80279,LLLG
397.7582084,-153.5279306,-244.2217197,326.2980867,-3519.96311,3193.6274,LLLG
395.9176609,-141.8086997,-254.100403,447.8879038,-3570.22579,3122.300262,LLLG
393.6863432,-129.9494797,-263.7283052,569.0357169,-3616.965119,3047.891779,LLLG
391.0664573,-117.9619745,-273.0959245,689.621973,-3660.134967,2970.475371,LLLG
388.0605888,-105.8580141,-282.1940163,809.5276628,-3699.692736,2890.127451,LLLG
384.6717041,-93.64954381,-291.0136018,928.6344592,-3735.599382,2806.9273,LLLG
380.9031476,-81.34861181,-299.5459772,1046.824813,-3767.819473,2720.957039,LLLG
376.7586384,-68.9673577,-307.782722,1163.982089,-3796.321209,2632.301499,LLLG
372.2422666,-56.51800024,-315.7157077,1279.990663,-3821.076466,2541.048182,LLLG
367.3584894,-44.01282548,-323.3371051,1394.736053,-3842.060808,2447.287134,LLLG
362.1121264,-31.46417447,-330.6393932,1508.105015,-3859.253532,2351.110897,LLLG
356.5083552,-18.88443127,-337.6153651,1619.985672,-3872.637667,2252.614375,LLLG
350.5527061,-6.286010511,-344.2581367,1730.267605,-3882.200006,2151.894781,LLLG
344.2510565,6.318654633,-350.5611521,1838.841986,-3887.93111,2049.051505,LLLG
337.6096254,18.91712493,-356.5181913,1945.601659,-3889.825327,1944.186049,LLLG
330.6349671,31.49696716,-362.1233751,2050.441271,-3887.880784,1837.401894,LLLG
323.3339647,44.04576659,-367.3711721,2153.257353,-3882.099402,1728.804432,LLLG
315.7138234,56.55113902,-372.2564032,2253.948441,-3872.486885,1618.500826,LLLG
307.7820635,69.00074321,-376.7742474,2352.415162,-3859.052722,1506.599942,LLLG
299.5465126,81.38229284,-380.9202461,2448.560346,-3841.810167,1393.212204,LLLG
291.0152982,93.68356888,-384.6903076,2542.289104,-3820.776241,1278.44952,LLLG
282.1968395,105.8924314,-388.0807114,2633.508942,-3795.971697,1162.425138,LLLG
273.0998393,117.9968318,-391.0881116,2722.129832,-3767.421019,1045.253571,LLLG
263.7332753,129.9848244,-393.7095401,2808.064321,-3735.152378,927.0504412,LLLG
254.1063912,141.8445786,-395.9424101,2891.227597,-3699.197625,807.932412,LLLG
244.2286874,153.5643901,-397.7845178,2971.537593,-3659.592237,688.0170285,LLLG
234.1099122,165.1326931,-399.2340455,3048.915048,-3616.375305,567.4226424,LLLG
223.7600514,176.5380708,-400.2895625,3123.283604,-3569.589474,446.2682561,LLLG
213.1893193,187.7692677,-400.9500272,3194.569863,-3519.280921,324.6734439,LLLG
202.4081477,198.8151999,-401.2147877,3262.70348,-3465.49929,202.7581958,LLLG
191.4271765,209.6649664,-401.0835829,3327.61721,-3408.297661,80.64283681,LLLG
180.2572425,220.3078597,-400.5565422,3389.246997,-3347.732481,-41.55212937,LLLG
168.9093692,230.7333767,-399.6341857,3447.532013,-3283.863524,-163.7061017,LLLG
157.3947553,240.9312285,-398.3174236,3502.414744,-3216.753818,-285.6985382,LLLG
145.7247646,250.8913512,-396.6075556,3553.841021,-3146.469596,-407.4090378,LLLG
133.9109139,260.6039152,-394.5062689,3601.760099,-3073.080215,-528.7174964,LLLG
121.964862,270.0593356,-392.0156373,3646.124683,-2996.658106,-649.5041876,LLLG
109.8983983,279.2482809,-389.1381188,3686.890993,-2917.278686,-769.649919,LLLG
97.72343081,288.1616827,-385.8765531,3724.018795,-2835.020294,-889.036112,LLLG
85.45197484,296.7907446,-382.234159,3757.471453,-2749.964107,-1007.544956,LLLG
73.09614084,305.1269508,-378.2145311,3787.215947,-2662.194069,-1125.059488,LLLG
60.66812248,313.1620743,-373.8216362,3813.222929,-2571.796795,-1241.463744,LLLG
48.18018478,320.8881856,-369.0598098,3835.466727,-2478.861498,-1356.642839,LLLG
35.64465175,328.2976599,-363.9337509,3853.925396,-2383.479892,-1470.483113,LLLG
23.07389451,335.3831849,-358.4485187,3868.580713,-2285.746111,-1582.872211,LLLG
10.48031884,342.137768,-352.6095261,3879.41822,-2185.756601,-1693.699228,LLLG
-2.123646886,348.5547434,-346.4225357,3886.427217,-2083.610045,-1802.854781,LLLG
-14.72556412,354.6277782,-339.8936532,3889.600792,-1979.407244,-1910.231157,LLLG
-27.31299624,360.350879,-333.0293219,3888.935809,-1873.251039,-2015.722378,LLLG
-39.87352103,365.718398,-325.836316,3884.432927,-1765.246189,-2119.224347,LLLG
-52.3947427,370.7250379,-318.3217342,3876.096587,-1655.499285,-2220.63491,LLLG
-64.86430438,375.3658578,-310.4929924,3863.93502,-1544.11863,-2319.853997,LLLG
-77.26990006,379.6362778,-302.3578167,3847.960223,-1431.214148,-2416.783682,LLLG
-89.59928697,383.5320836,-293.9242354,3828.187967,-1316.897258,-2511.328315,LLLG
-101.8402974,387.0494303,-285.2005717,3804.637758,-1201.280781,-2603.394583,LLLG
-113.9808511,390.1848469,-276.1954345,3777.332844,-1084.478812,-2692.891638,LLLG
-126.0089667,392.935239,-266.917711,3746.300165,-966.6066248,-2779.731146,LLLG
-137.912774,395.2978923,-257.376557,3711.570354,-847.7805408,-2863.827418,LLLG
-149.6805252,397.2704753,-247.5813887,3673.177677,-728.117831,-2945.097452,LLLG
-161.3006071,398.8510411,-237.5418725,3631.160031,-607.7365842,-3023.461052,LLLG
-172.761552,400.0380299,-227.2679165,3585.558875,-486.7556061,-3098.840874,LLLG
-184.0520494,400.8302704,-216.7696595,3536.419218,-365.2942864,-3171.162536,LLLG
-195.1609569,401.2269807,-206.0574622,3483.78955,-243.4724965,-3240.354658,LLLG
-206.0773114,401.2277693,-195.1418963,3427.721814,-121.4104562,-3306.348962,LLLG
-216.7903398,400.8326354,-184.033734,3368.271339,0.771370366,-3369.080313,LLLG
-227.2894695,400.041969,-172.7439378,3305.496798,122.9524082,-3428.48681,LLLG
-237.5643392,398.8565503,-161.2836494,3239.460139,245.0120757,-3484.509818,LLLG
-247.6048088,397.2775492,-149.6641786,3170.226537,366.8299183,-3537.094058,LLLG
-257.4009697,395.3065241,-137.8969926,3097.864311,488.2857129,-3586.187626,LLLG
-266.9431541,392.9454199,-125.993704,3022.444879,609.259601,-3631.742082,LLLG
-276.2219452,390.196567,-113.96606,2944.042666,729.6321922,-3673.712461,LLLG
-285.2281858,387.0626781,-101.8259304,2862.735052,849.2846971,-3712.057351,LLLG
-293.9529878,383.5468459,-89.5852961,2778.602271,968.0990292,-3746.738901,LLLG
-302.3877411,379.6525402,-77.25623705,2691.727357,1085.957937,-3777.722895,LLLG
-310.5241214,375.3836041,-64.85092064,2602.196041,1202.745104,-3804.978746,LLLG
-318.3540992,370.7442506,-52.38158931,2510.096684,1318.34528,-3828.479565,LLLG
-325.8699471,365.7390581,-39.86054889,2415.520172,1432.644377,-3848.20215,LLLG
-333.064248,360.3729663,-27.30015603,2318.559846,1545.529599,-3864.127045,LLLG
-339.929902,354.6512707,-14.71280643,2219.311389,1656.889539,-3876.238528,LLLG
-346.4601335,348.579618,-2.110922181,2117.872752,1766.614301,-3884.524653,LLLG
-352.648498,342.1640002,10.49306008,2014.344037,1874.595597,-3888.977234,LLLG
-358.4888882,335.4107486,23.08670185,1908.827421,1980.726867,-3889.591887,LLLG
-363.9755404,328.3265281,35.65757461,1801.427029,2084.903366,-3886.367995,LLLG
-369.10304,320.9183298,48.19327255,1692.24886,2187.022291,-3879.30875,LLLG
-373.8663266,313.1934648,60.68142432,1581.400652,2286.982857,-3868.421108,LLLG
-378.2606997,305.1595564,73.10970575,1468.991806,2384.68642,-3853.715824,LLLG
-382.2818223,296.8245333,85.46585151,1355.133249,2480.036554,-3835.207401,LLLG
-385.9257263,288.1966211,97.73766767,1239.937352,2572.939164,-3812.914113,LLLG
-389.1888153,279.2843346,109.9130433,1123.517794,2663.302562,-3786.857953,LLLG
-392.0678693,270.0964689,121.979963,1005.989472,2751.037575,-3757.064644,LLLG
-394.5600469,260.6420916,133.926518,887.4683668,2836.057614,-3723.563578,LLLG
-396.6628887,250.9305328,145.7409185,768.0714503,2918.27878,-3686.387827,LLLG
-398.3743193,240.9713768,157.4115051,647.9165476,2997.619926,-3645.57407,LLLG
-399.6926498,230.774452,168.9267605,527.1222418,3074.002755,-3601.162593,LLLG
-400.6165792,220.3498216,180.2753203,405.8077376,3147.351883,-3553.197217,LLLG
-401.1451956,209.7077734,191.4459851,284.0927624,3217.594928,-3501.725286,LLLG
-401.2779775,198.8588098,202.4277305,162.0974297,3284.662563,-3446.797589,LLLG
-401.0147937,187.8136374,213.2097191,39.94213862,3348.488606,-3388.468341,LLLG
-400.3559039,176.5831566,223.7813103,-82.25256289,3409.010064,-3326.795096,LLLG
-399.3019586,165.1784503,234.1320712,-204.3660787,3466.167213,-3261.838729,LLLG
-397.8539976,153.6107738,244.2517868,-326.2779023,3519.903642,-3193.663334,LLLG
-396.01345,141.8915428,254.1304702,-447.8677167,3570.166323,-3122.336201,LLLG
-393.7821323,130.0323229,263.7583724,-569.0155321,3616.90565,-3047.927713,LLLG
-391.1622464,118.0448177,273.1259918,-689.6017855,3660.075501,-2970.51131,LLLG
-388.1563778,105.9408574,282.2240836,-809.5074776,3699.633268,-2890.163384,LLLG
-384.767493,93.73238706,291.0436691,-928.6142713,3735.539916,-2806.963238,LLLG
-380.9989365,81.43145511,299.5760445,-1046.804627,3767.760005,-2720.992972,LLLG
-376.8544272,69.050201,307.8127894,-1163.961901,3796.261743,-2632.337436,LLLG
-372.3380554,56.60084357,315.745775,-1279.970477,3821.016998,-2541.084115,LLLG
-367.4542781,44.09566881,323.3671726,-1394.715865,3842.001343,-2447.323072,LLLG
-362.2079151,31.54701784,330.6694606,-1508.084829,3859.194066,-2351.14683,LLLG
-356.6041439,18.96727464,337.6454326,-1619.965483,3872.578202,-2252.650312,LLLG
-350.6484947,6.368853923,344.2882041,-1730.247419,3882.14054,-2151.930714,LLLG
-344.3468451,-6.235811225,350.5912197,-1838.821797,3887.871646,-2049.087442,LLLG
-337.7054139,-18.83428148,356.5482588,-1945.581472,3889.765861,-1944.221981,LLLG
-330.7307555,-31.41412372,362.1534427,-2050.421082,3887.82132,-1837.43783,LLLG
-323.4297531,-43.96292311,367.4012397,-2153.237165,3882.039937,-1728.840363,LLLG
-315.8096118,-56.46829554,372.2864709,-2253.928251,3872.427421,-1618.536762,LLLG
-307.8778519,-68.91789969,376.8043151,-2352.394975,3858.993257,-1506.635873,LLLG
-299.6423009,-81.29944933,380.9503138,-2448.540156,3841.750704,-1393.248139,LLLG
-291.1110864,-93.60072533,384.7203753,-2542.268916,3820.716776,-1278.485451,LLLG
-282.2926277,-105.8095879,388.1107791,-2633.488752,3795.912234,-1162.461073,LLLG
-273.1956275,-117.9139882,391.1181793,-2722.109644,3767.361554,-1045.289501,LLLG
-263.8290635,-129.9019808,393.7396079,-2808.04413,3735.092916,-927.0863759,LLLG
-254.2021792,-141.7617349,395.9724779,-2891.207409,3699.13816,-807.9683421,LLLG
-244.3244755,-153.4815465,397.8145857,-2971.517402,3659.532775,-688.052963,LLLG
-234.2057002,-165.0498494,399.2641133,-3048.894859,3616.315841,-567.4585722,LLLG
-223.8558394,-176.4552272,400.3196303,-3123.263412,3569.530012,-446.3041902,LLLG
-213.2851072,-187.6864241,400.980095,-3194.549674,3519.221458,-324.7093734,LLLG
-202.5039356,-198.7323562,401.2448557,-3262.683288,3465.439828,-202.7941295,LLLG
-191.5229643,-209.5821227,401.1136508,-3327.597021,3408.238198,-80.67876598,LLLG
-180.3530303,-220.225016,400.5866102,-3389.226805,3347.673019,41.51619599,LLLG
-169.0051569,-230.6505329,399.6642537,-3447.511823,3283.804061,163.6701728,LLLG
-157.490543,-240.8483847,398.3474917,-3502.394551,3216.694357,285.6626052,LLLG
-145.8205523,-250.8085074,396.6376236,-3553.820831,3146.410133,407.3731093,LLLG
-134.0067015,-260.5210715,394.536337,-3601.739907,3073.020754,528.6815636,LLLG
-122.0606496,-269.9764918,392.0457054,-3646.104492,2996.598644,649.4682594,LLLG
-109.9941858,-279.1654371,389.1681869,-3686.8708,2917.219225,769.6139866,LLLG
-97.81921829,-288.0788389,385.9066212,-3723.998604,2834.960832,889.0001841,LLLG
-85.5477623,-296.7079008,382.2642271,-3757.451259,2749.904648,1007.509024,LLLG
-73.19192823,-305.0441069,378.2445992,-3787.195756,2662.134608,1125.02356,LLLG
-60.76390986,-313.0792305,373.8517044,-3813.202735,2571.737335,1241.427813,LLLG
-48.27597209,-320.8053417,369.0898779,-3835.446536,2478.802037,1356.606912,LLLG
-35.74043905,-328.214816,363.9638192,-3853.905202,2383.420433,1470.447182,LLLG
-23.16968175,-335.300341,358.4785869,-3868.560521,2285.68665,1582.836284,LLLG
-10.57610606,-342.0549241,352.6395944,-3879.398026,2185.697142,1693.663297,LLLG
2.027859732,-348.4718995,346.4526039,-3886.407025,2083.550584,1802.818855,LLLG
14.62977698,-354.5449342,339.9237215,-3889.580598,1979.347786,1910.195226,LLLG
27.21720916,-360.2680351,333.0593902,-3888.915616,1873.191579,2015.686451,LLLG
39.77773396,-365.635554,325.8663843,-3884.412733,1765.18673,2119.188416,LLLG
52.2989557,-370.6421939,318.3518025,-3876.076395,1655.439825,2220.598984,LLLG
64.76851739,-375.2830138,310.5230608,-3863.914825,1544.059172,2319.818067,LLLG
77.17411313,-379.5534338,302.387885,-3847.94003,1431.154689,2416.747756,LLLG
89.50350006,-383.4492396,293.9543039,-3828.167771,1316.837801,2511.292385,LLLG
101.7445106,-386.9665863,285.2306401,-3804.617565,1201.221322,2603.358658,LLLG
113.8850643,-390.1020029,276.225503,-3777.312648,1084.419355,2692.855708,LLLG
125.9131799,-392.852395,266.9477794,-3746.279972,966.5471658,2779.695221,LLLG
137.8169872,-395.2150483,257.4066255,-3711.550158,847.7210837,2863.791489,LLLG
149.5847385,-397.1876312,247.6114572,-3673.157484,728.0583723,2945.061527,LLLG
161.2048204,-398.768197,237.5719411,-3631.139835,607.6771275,3023.425123,LLLG
172.6657654,-399.9551859,227.297985,-3585.538681,486.6961477,3098.804949,LLLG
183.9562628,-400.7474264,216.7997281,-3536.399022,365.2348299,3171.126608,LLLG
195.0651704,-401.1441366,206.0875308,-3483.769356,243.4130385,3240.318733,LLLG
205.9815249,-401.1449252,195.1719649,-3427.701618,121.351,3306.313034,LLLG
216.6945533,-400.7497913,184.0638026,-3368.251144,-0.830828153,3369.044389,LLLG
227.193683,-399.9591249,172.7740065,-3305.476601,-123.0118641,3428.450882,LLLG
237.4685528,-398.7737062,161.313718,-3239.439944,-245.0715332,3484.473894,LLLG
247.5090224,-397.1947051,149.6942473,-3170.206339,-366.8893739,3537.05813,LLLG
257.3051833,-395.2236799,137.9270612,-3097.844115,-488.3451701,3586.151703,LLLG
266.8473678,-392.8625758,126.0237727,-3022.424681,-609.3190563,3631.706155,LLLG
276.1261589,-390.1137229,113.9961287,-2944.022471,-729.6916491,3673.676537,LLLG
285.1323995,-386.9798339,101.8559991,-2862.714854,-849.3441521,3712.021423,LLLG
293.8572016,-383.4640017,89.61536481,-2778.582075,-968.1584859,3746.702978,LLLG
302.2919549,-379.569696,77.28630583,-2691.707159,-1086.017392,3777.686969,LLLG
310.4283352,-375.3007599,64.88098938,-2602.175845,-1202.804561,3804.942824,LLLG
318.258313,-370.6614064,52.41165811,-2510.076486,-1318.404734,3828.443638,LLLG
325.774161,-365.6562139,39.89061766,-2415.499976,-1432.703833,3848.166227,LLLG
332.968462,-360.2901221,27.33022487,-2318.539648,-1545.589053,3864.091119,LLLG
339.834116,-354.5684265,14.74287523,-2219.291192,-1656.948995,3876.202605,LLLG
346.3643475,-348.4967738,2.140991043,-2117.852553,-1766.673755,3884.488727,LLLG
352.552712,-342.0811559,-10.46299125,-2014.32384,-1874.655053,3888.941312,LLLG
358.3931022,-335.3279044,-23.05663296,-1908.807222,-1980.78632,3889.555961,LLLG
363.8797545,-328.2436839,-35.62750576,-1801.406833,-2084.962822,3886.332073,LLLG
369.0072541,-320.8354856,-48.16320363,-1692.228661,-2187.081744,3879.272824,LLLG
373.7705408,-313.1106205,-60.65135544,-1581.380455,-2287.042312,3868.385187,LLLG
378.1649139,-305.0767122,-73.0796368,-1468.971606,-2384.745873,3853.679899,LLLG
382.1860366,-296.7416891,-85.43578259,-1355.113052,-2480.096009,3835.17148,LLLG
385.8299405,-288.1137769,-97.7075987,-1239.917152,-2572.998617,3812.878188,LLLG
389.0930297,-279.2014903,-109.8829744,-1123.497596,-2663.362016,3786.822032,LLLG
391.9720837,-270.0136247,-121.949894,-1005.969272,-2751.097027,3757.028719,LLLG
394.4642613,-260.5592473,-133.896449,-887.448169,-2836.117069,3723.527658,LLLG
396.5671031,-250.8476886,-145.7108495,-768.0512502,-2918.338232,3686.351903,LLLG
398.2785337,-240.8885326,-157.3814361,-647.8963496,-2997.67938,3645.538149,LLLG
399.5968642,-230.6916078,-168.8966914,-527.1020415,-3074.062207,3601.126669,LLLG
400.5207937,-220.2669773,-180.2452513,-405.7875394,-3147.411337,3553.161297,LLLG
401.0494102,-209.6249291,-191.415916,-284.0725619,-3217.65438,3501.689362,LLLG
401.1821921,-198.7759655,-202.3976615,-162.0772312,-3284.722017,3446.761669,LLLG
400.9190083,-187.7307931,-213.17965,-39.92193788,-3348.548058,3388.432417,LLLG
400.2601186,-176.5003123,-223.7512412,82.27276154,-3409.069517,3326.759177,LLLG
399.2061732,-165.095606,-234.1020021,204.3862797,-3466.226664,3261.802806,LLLG
397.7582123,-153.5279295,-244.2217177,326.2981012,-3519.963095,3193.627415,LLLG
395.9176648,-141.8086985,-254.1004011,447.8879178,-3570.225774,3122.300278,LLLG
393.686347,-129.9494786,-263.7283033,569.0357311,-3616.965103,3047.891794,LLLG
391.0664611,-117.9619734,-273.0959226,689.6219869,-3660.134952,2970.475387,LLLG
388.0605926,-105.858013,-282.1940144,809.5276769,-3699.69272,2890.127465,LLLG
384.6717079,-93.64954274,-291.0135999,928.6344729,-3735.599366,2806.927315,LLLG
380.9031513,-81.34861076,-299.5459754,1046.824827,-3767.819458,2720.957053,LLLG
376.7586421,-68.96735667,-307.7827202,1163.982103,-3796.321194,2632.301514,LLLG
372.2422703,-56.51799923,-315.7157059,1279.990677,-3821.07645,2541.048196,LLLG
367.3584931,-44.01282448,-323.3371034,1394.736067,-3842.060794,2447.287149,LLLG
362.1121301,-31.46417349,-330.6393914,1508.105029,-3859.253517,2351.110911,LLLG
356.5083589,-18.88443031,-337.6153633,1619.985685,-3872.637652,2252.61439,LLLG
350.5527098,-6.286009569,-344.2581349,1730.267619,-3882.199991,2151.894795,LLLG
344.2510601,6.318655562,-350.5611504,1838.841999,-3887.931096,2049.051519,LLLG
337.609629,18.91712584,-356.5181895,1945.601673,-3889.825313,1944.186063,LLLG
330.6349707,31.49696806,-362.1233734,2050.441284,-3887.880769,1837.401908,LLLG
323.3339683,44.04576747,-367.3711704,2153.257366,-3882.099388,1728.804445,LLLG
315.713827,56.55113988,-372.2564016,2253.948454,-3872.486871,1618.50084,LLLG
307.7820671,69.00074405,-376.7742458,2352.415175,-3859.052707,1506.599956,LLLG
299.5465161,81.38229367,-380.9202444,2448.560359,-3841.810153,1393.212218,LLLG
291.0153017,93.68356969,-384.690306,2542.289117,-3820.776227,1278.449533,LLLG
282.196843,105.8924322,-388.0807098,2633.508955,-3795.971683,1162.425152,LLLG
273.0998428,117.9968326,-391.08811,2722.129845,-3767.421005,1045.253584,LLLG
263.7332788,129.9848252,-393.7095386,2808.064334,-3735.152364,927.050455,LLLG
254.1063946,141.8445793,-395.9424085,2891.22761,-3699.197611,807.9324251,LLLG
244.2286909,153.5643909,-397.7845163,2971.537605,-3659.592223,688.0170422,LLLG
234.1099156,165.1326938,-399.234044,3048.91506,-3616.375291,567.4226554,LLLG
223.7600549,176.5380715,-400.289561,3123.283616,-3569.589461,446.2682696,LLLG
213.1893227,187.7692684,-400.9500257,3194.569875,-3519.280907,324.6734568,LLLG
202.4081511,198.8152006,-401.2147863,3262.703492,-3465.499277,202.7582092,LLLG
191.4271799,209.664967,-401.0835815,3327.617223,-3408.297647,80.64284953,LLLG
180.2572459,220.3078603,-400.5565407,3389.247009,-3347.732467,-41.55211614,LLLG
168.9093725,230.7333773,-399.6341843,3447.532025,-3283.863511,-163.7060891,LLLG
157.3947587,240.9312291,-398.3174222,3502.414755,-3216.753805,-285.6985251,LLLG
145.7247679,250.8913518,-396.6075542,3553.841033,-3146.469582,-407.4090254,LLLG
133.9109172,260.6039158,-394.5062675,3601.760111,-3073.080202,-528.7174834,LLLG
121.9648653,270.0593362,-392.015636,3646.124694,-2996.658093,-649.5041753,LLLG
109.8984015,279.2482814,-389.1381174,3686.891005,-2917.278673,-769.6499062,LLLG
97.72343406,288.1616832,-385.8765518,3724.018807,-2835.020281,-889.0360998,LLLG
85.45197807,296.7907451,-382.2341576,3757.471464,-2749.964095,-1007.544943,LLLG
73.09614406,305.1269513,-378.2145298,3787.215958,-2662.194057,-1125.059476,LLLG
60.66812569,313.1620748,-373.8216349,3813.22294,-2571.796782,-1241.463732,LLLG
48.18018797,320.8881861,-369.0598085,3835.466739,-2478.861486,-1356.642827,LLLG
35.64465493,328.2976603,-363.9337497,3853.925407,-2383.47988,-1470.483101,LLLG
23.07389768,335.3831853,-358.4485174,3868.580724,-2285.746098,-1582.8722,LLLG
10.48032199,342.1377685,-352.6095248,3879.418231,-2185.756589,-1693.699216,LLLG
-2.123643751,348.5547438,-346.4225344,3886.427228,-2083.610032,-1802.85477,LLLG
-14.725561,354.6277786,-339.893652,3889.600803,-1979.407232,-1910.231145,LLLG
-27.31299313,360.3508794,-333.0293207,3888.93582,-1873.251027,-2015.722366,LLLG
-39.87351793,365.7183984,-325.8363148,3884.432938,-1765.246177,-2119.224335,LLLG
-52.39473962,370.7250383,-318.321733,3876.096598,-1655.499272,-2220.634899,LLLG
-64.86430131,375.3658582,-310.4929912,3863.935031,-1544.118618,-2319.853985,LLLG
-77.269897,379.6362782,-302.3578155,3847.960234,-1431.214136,-2416.78367,LLLG
-89.59928392,383.5320839,-293.9242343,3828.187977,-1316.897247,-2511.328303,LLLG
-101.8402944,387.0494306,-285.2005706,3804.637769,-1201.280769,-2603.394572,LLLG
-113.9808481,390.1848472,-276.1954334,3777.332854,-1084.4788,-2692.891626,LLLG
-126.0089637,392.9352393,-266.9177099,3746.300176,-966.6066129,-2779.731135,LLLG
-137.912771,395.2978926,-257.3765559,3711.570364,-847.7805292,-2863.827407,LLLG
-149.6805222,397.2704755,-247.5813876,3673.177688,-728.1178192,-2945.097441,LLLG
-161.3006041,398.8510413,-237.5418715,3631.160041,-607.7365727,-3023.46104,LLLG
-172.7615491,400.0380302,-227.2679154,3585.558885,-486.7555944,-3098.840863,LLLG
-184.0520465,400.8302707,-216.7696585,3536.419228,-365.294275,-3171.162525,LLLG
-195.160954,401.226981,-206.0574612,3483.78956,-243.472485,-3240.354647,LLLG
-206.0773085,401.2277695,-195.1418953,3427.721824,-121.4104449,-3306.348951,LLLG
-216.7903369,400.8326356,-184.033733,3368.271349,0.771381799,-3369.080302,LLLG
-227.2894666,400.0419692,-172.7439368,3305.496808,122.9524194,-3428.486799,LLLG
-237.5643363,398.8565505,-161.2836484,3239.460149,245.012087,-3484.509808,LLLG
-247.604806,397.2775494,-149.6641777,3170.226546,366.8299294,-3537.094047,LLLG
-257.4009668,395.3065242,-137.8969916,3097.86432,488.2857241,-3586.187616,LLLG
-266.9431513,392.9454201,-125.993703,3022.444888,609.2596119,-3631.742071,LLLG
-276.2219423,390.1965672,-113.9660591,2944.042676,729.6322033,-3673.71245,LLLG
-285.2281829,387.0626782,-101.8259295,2862.735061,849.2847079,-3712.05734,LLLG
-293.952985,383.546846,-89.5852952,2778.60228,968.0990402,-3746.738891,LLLG
-302.3877383,379.6525402,-77.25623617,2691.727366,1085.957948,-3777.722885,LLLG
-310.5241186,375.3836041,-64.85091976,2602.196051,1202.745115,-3804.978736,LLLG
-318.3540964,370.7442506,-52.38158845,2510.096693,1318.34529,-3828.479554,LLLG
-325.8699443,365.7390582,-39.86054803,2415.520182,1432.644387,-3848.20214,LLLG
-333.0642453,360.3729663,-27.30015519,2318.559855,1545.529609,-3864.127035,LLLG
-339.9298993,354.6512707,-14.7128056,2219.311398,1656.889549,-3876.238518,LLLG
-346.4601308,348.579618,-2.110921364,2117.87276,1766.614312,-3884.524642,LLLG
-352.6484952,342.1640002,10.49306089,2014.344046,1874.595608,-3888.977224,LLLG
-358.4888855,335.4107486,23.08670264,1908.827429,1980.726877,-3889.591876,LLLG
-363.9755377,328.3265281,35.65757541,1801.427039,2084.903377,-3886.367985,LLLG
-369.1030373,320.9183298,48.19327332,1692.248868,2187.022301,-3879.308739,LLLG
-373.866324,313.1934647,60.68142509,1581.400661,2286.982867,-3868.421098,LLLG
-378.260697,305.1595564,73.1097065,1468.991814,2384.68643,-3853.715814,LLLG
-382.2818197,296.8245333,85.46585225,1355.133258,2480.036564,-3835.207391,LLLG
-385.9257236,288.1966211,97.7376684,1239.93736,2572.939174,-3812.914103,LLLG
-389.1888127,279.2843345,109.9130441,1123.517802,2663.302572,-3786.857944,LLLG
-392.0678667,270.0964689,121.9799637,1005.98948,2751.037585,-3757.064634,LLLG
-394.5600443,260.6420915,133.9265187,887.4683755,2836.057624,-3723.563569,LLLG
-396.662886,250.9305327,145.7409192,768.0714586,2918.27879,-3686.387818,LLLG
-398.3743167,240.9713767,157.4115058,647.9165562,2997.619936,-3645.574061,LLLG
-399.6926472,230.7744519,168.9267612,527.12225,3074.002764,-3601.162583,LLLG
-400.6165766,220.3498215,180.275321,405.8077461,3147.351893,-3553.197208,LLLG
-401.1451931,209.7077732,191.4459857,284.0927706,3217.594937,-3501.725277,LLLG
-401.2779749,198.8588096,202.4277312,162.0974381,3284.662573,-3446.79758,LLLG
-401.0147911,187.8136373,213.2097198,39.94214671,3348.488616,-3388.468331,LLLG
-400.3559014,176.5831564,223.7813109,-82.25255455,3409.010074,-3326.795088,LLLG
-399.301956,165.1784501,234.1320718,-204.3660707,3466.167222,-3261.83872,LLLG
-397.8539951,153.6107736,244.2517874,-326.2778941,3519.903651,-3193.663326,LLLG
-396.0134475,141.8915426,254.1304708,-447.8677088,3570.166332,-3122.336192,LLLG
-393.7821298,130.0323227,263.758373,-569.0155239,3616.90566,-3047.927704,LLLG
-391.1622439,118.0448175,273.1259923,-689.6017777,3660.07551,-2970.511301,LLLG
-388.1563753,105.9408571,282.2240841,-809.5074696,3699.633277,-2890.163376,LLLG
-384.7674906,93.73238681,291.0436697,-928.6142635,3735.539925,-2806.963229,LLLG
-380.998934,81.43145485,299.5760451,-1046.804619,3767.760015,-2720.992964,LLLG
-376.8544248,69.05020073,307.8127899,-1163.961893,3796.261753,-2632.337427,LLLG
-372.3380529,56.6008433,315.7457756,-1279.970469,3821.017008,-2541.084106,LLLG
-367.4542757,44.09566853,323.3671731,-1394.715857,3842.001352,-2447.323063,LLLG
-362.2079127,31.54701755,330.6694611,-1508.084821,3859.194075,-2351.146822,LLLG
-356.6041415,18.96727434,337.6454331,-1619.965475,3872.578211,-2252.650303,LLLG
-350.6484923,6.368853613,344.2882046,-1730.247411,3882.140549,-2151.930705,LLLG
-344.3468427,-6.235811542,350.5912201,-1838.821789,3887.871655,-2049.087433,LLLG
-337.7054115,-18.83428181,356.5482592,-1945.581465,3889.76587,-1944.221973,LLLG
-330.7307532,-31.41412405,362.1534432,-2050.421074,3887.821328,-1837.437821,LLLG
-323.4297507,-43.96292345,367.4012401,-2153.237158,3882.039946,-1728.840355,LLLG
-315.8096095,-56.46829589,372.2864713,-2253.928244,3872.42743,-1618.536753,LLLG
-307.8778495,-68.91790005,376.8043155,-2352.394967,3858.993265,-1506.635865,LLLG
-299.6422985,-81.2994497,380.9503142,-2448.540149,3841.750712,-1393.24813,LLLG
-291.1110841,-93.60072571,384.7203757,-2542.268909,3820.716785,-1278.485443,LLLG
-282.2926254,-105.8095882,388.1107795,-2633.488745,3795.912243,-1162.461065,LLLG
-273.1956252,-117.9139886,391.1181797,-2722.109637,3767.361563,-1045.289493,LLLG
-263.8290611,-129.9019812,393.7396083,-2808.044123,3735.092924,-927.0863675,LLLG
-254.2021769,-141.7617354,395.9724783,-2891.207401,3699.138169,-807.9683342,LLLG
-244.3244732,-153.4815469,397.8145861,-2971.517395,3659.532783,-688.0529546,LLLG
-234.2056979,-165.0498498,399.2641137,-3048.894851,3616.315849,-567.4585644,LLLG
-223.8558371,-176.4552276,400.3196307,-3123.263405,3569.530021,-446.3041819,LLLG
-213.2851049,-187.6864245,400.9800954,-3194.549667,3519.221466,-324.7093657,LLLG
-202.5039334,-198.7323567,401.244856,-3262.683282,3465.439837,-202.7941213,LLLG
-191.5229621,-209.5821231,401.1136512,-3327.597014,3408.238206,-80.67875831,LLLG
-180.3530281,-220.2250165,400.5866105,-3389.226798,3347.673028,41.51620413,LLLG
-169.0051546,-230.6505334,399.664254,-3447.511816,3283.80407,163.6701804,LLLG
-157.4905408,-240.8483852,398.347492,-3502.394544,3216.694365,285.6626132,LLLG
-145.8205501,-250.8085079,396.6376239,-3553.820824,3146.410141,407.3731169,LLLG
-134.0066993,-260.521072,394.5363373,-3601.7399,3073.020763,528.6815717,LLLG
-122.0606474,-269.9764923,392.0457057,-3646.104485,2996.598653,649.4682669,LLLG
-109.9941836,-279.1654376,389.1681872,-3686.870794,2917.219233,769.6139946,LLLG
-97.8192161,-288.0788394,385.9066215,-3723.998598,2834.960841,889.0001915,LLLG
-85.54776011,-296.7079013,382.2642274,-3757.451253,2749.904656,1007.509032,LLLG
-73.19192606,-305.0441074,378.2445995,-3787.195749,2662.134616,1125.023568,LLLG
-60.76390769,-313.079231,373.8517047,-3813.202729,2571.737343,1241.42782,LLLG
-48.27596993,-320.8053423,369.0898782,-3835.446529,2478.802045,1356.606919,LLLG
-35.74043689,-328.2148166,363.9638194,-3853.905196,2383.420441,1470.44719,LLLG
-23.1696796,-335.3003415,358.4785871,-3868.560514,2285.686658,1582.836292,LLLG
-10.57610392,-342.0549247,352.6395946,-3879.398019,2185.69715,1693.663305,LLLG
2.027861865,-348.4719,346.4526042,-3886.407019,2083.550592,1802.818862,LLLG
14.62977911,-354.5449348,339.9237217,-3889.580592,1979.347793,1910.195234,LLLG
27.21721128,-360.2680357,333.0593904,-3888.91561,1873.191587,2015.686459,LLLG
39.77773607,-365.6355546,325.8663845,-3884.412726,1765.186738,2119.188424,LLLG
52.2989578,-370.6421945,318.3518027,-3876.076388,1655.439833,2220.598991,LLLG
64.76851949,-375.2830145,310.5230609,-3863.914819,1544.05918,2319.818074,LLLG
77.17411522,-379.5534345,302.3878852,-3847.940024,1431.154697,2416.747763,LLLG
89.50350214,-383.4492402,293.954304,-3828.167765,1316.837808,2511.292392,LLLG
101.7445127,-386.9665869,285.2306403,-3804.617558,1201.22133,2603.358665,LLLG
113.8850664,-390.1020035,276.2255031,-3777.312642,1084.419362,2692.855715,LLLG
125.913182,-392.8523956,266.9477796,-3746.279966,966.5471734,2779.695228,LLLG
137.8169893,-395.2150489,257.4066257,-3711.550152,847.7210911,2863.791496,LLLG
149.5847405,-397.1876319,247.6114573,-3673.157478,728.0583798,2945.061534,LLLG
161.2048224,-398.7681977,237.5719412,-3631.139829,607.6771348,3023.42513,LLLG
172.6657674,-399.9551865,227.2979851,-3585.538675,486.6961552,3098.804956,LLLG
183.9562649,-400.747427,216.7997282,-3536.399016,365.2348372,3171.126615,LLLG
195.0651724,-401.1441373,206.0875309,-3483.76935,243.4130459,3240.31874,LLLG
205.9815269,-401.1449259,195.171965,-3427.701612,121.3510072,3306.313041,LLLG
216.6945553,-400.749792,184.0638027,-3368.251138,-0.830820799,3369.044395,LLLG
227.193685,-399.9591256,172.7740066,-3305.476596,-123.011857,3428.450889,LLLG
237.4685547,-398.7737069,161.3137181,-3239.439939,-245.0715259,3484.473901,LLLG
247.5090244,-397.1947058,149.6942474,-3170.206334,-366.8893669,3537.058137,LLLG
257.3051853,-395.2236806,137.9270613,-3097.84411,-488.3451629,3586.151709,LLLG
266.8473698,-392.8625765,126.0237727,-3022.424676,-609.3190493,3631.706162,LLLG
276.1261609,-390.1137236,113.9961287,-2944.022465,-729.691642,3673.676544,LLLG
285.1324015,-386.9798347,101.8559992,-2862.714848,-849.3441451,3712.02143,LLLG
293.8572036,-383.4640025,89.61536487,-2778.582069,-968.1584787,3746.702985,LLLG
302.2919568,-379.5696967,77.28630587,-2691.707154,-1086.017385,3777.686975,LLLG
310.4283372,-375.3007606,64.88098942,-2602.175839,-1202.804554,3804.94283,LLLG
318.258315,-370.6614071,52.41165815,-2510.07648,-1318.404728,3828.443645,LLLG
325.774163,-365.6562147,39.89061769,-2415.499971,-1432.703826,3848.166233,LLLG
332.9684639,-360.2901228,27.33022489,-2318.539642,-1545.589046,3864.091126,LLLG
339.834118,-354.5684272,14.74287525,-2219.291187,-1656.948988,3876.202612,LLLG
346.3643495,-348.4967745,2.140991052,-2117.852547,-1766.673748,3884.488733,LLLG
352.5527139,-342.0811567,-10.46299124,-2014.323835,-1874.655046,3888.941318,LLLG
358.3931042,-335.3279052,-23.05663296,-1908.807216,-1980.786314,3889.555967,LLLG
363.8797564,-328.2436847,-35.62750576,-1801.406827,-2084.962815,3886.33208,LLLG
369.007256,-320.8354864,-48.16320364,-1692.228655,-2187.081738,3879.27283,LLLG
373.7705427,-313.1106213,-60.65135545,-1581.38045,-2287.042305,3868.385193,LLLG
378.1649158,-305.076713,-73.07963683,-1468.971601,-2384.745866,3853.679905,LLLG
382.1860385,-296.7416899,-85.43578262,-1355.113046,-2480.096002,3835.171486,LLLG
385.8299424,-288.1137777,-97.70759874,-1239.917147,-2572.99861,3812.878195,LLLG
389.0930315,-279.2014911,-109.8829744,-1123.497591,-2663.36201,3786.822038,LLLG
391.9720855,-270.0136255,-121.9498941,-1005.969267,-2751.097021,3757.028725,LLLG
394.4642632,-260.5592482,-133.896449,-887.4481638,-2836.117062,3723.527664,LLLG
396.5671049,-250.8476894,-145.7108495,-768.0512452,-2918.338226,3686.351909,LLLG
398.2785356,-240.8885334,-157.3814362,-647.8963444,-2997.679373,3645.538155,LLLG
399.5968661,-230.6916086,-168.8966915,-527.1020365,-3074.0622,3601.126675,LLLG
400.5207955,-220.2669782,-180.2452514,-405.7875342,-3147.41133,3553.161303,LLLG
401.049412,-209.62493,-191.4159161,-284.072557,-3217.654373,3501.689369,LLLG
401.1821939,-198.7759664,-202.3976616,-162.0772261,-3284.72201,3446.761675,LLLG
400.9190101,-187.730794,-213.1796501,-39.92193304,-3348.548052,3388.432423,LLLG
400.2601204,-176.5003132,-223.7512413,82.27276661,-3409.069511,3326.759182,LLLG
399.206175,-165.0956069,-234.1020022,204.3862845,-3466.226658,3261.802812,LLLG
397.7582141,-153.5279304,-244.2217178,326.2981062,-3519.963088,3193.62742,LLLG
395.9176666,-141.8086994,-254.1004012,447.8879226,-3570.225768,3122.300284,LLLG
393.6863488,-129.9494795,-263.7283034,569.0357361,-3616.965097,3047.891799,LLLG
391.0664629,-117.9619743,-273.0959227,689.6219916,-3660.134946,2970.475393,LLLG
388.0605944,-105.8580139,-282.1940145,809.5276818,-3699.692714,2890.127471,LLLG
384.6717097,-93.64954366,-291.0136001,928.6344775,-3735.59936,2806.927322,LLLG
380.9031531,-81.3486117,-299.5459755,1046.824832,-3767.819451,2720.957059,LLLG
376.7586439,-68.96735761,-307.7827203,1163.982107,-3796.321188,2632.30152,LLLG
372.2422721,-56.51800017,-315.715706,1279.990682,-3821.076444,2541.048201,LLLG
367.3584949,-44.01282543,-323.3371035,1394.736071,-3842.060788,2447.287155,LLLG
362.1121319,-31.46417445,-330.6393915,1508.105033,-3859.253511,2351.110917,LLLG
356.5083607,-18.88443126,-337.6153635,1619.985689,-3872.637646,2252.614396,LLLG
350.5527115,-6.286010529,-344.2581351,1730.267623,-3882.199985,2151.894801,LLLG
344.2510619,6.318654599,-350.5611506,1838.842004,-3887.93109,2049.051525,LLLG
337.6096307,18.91712487,-356.5181897,1945.601677,-3889.825306,1944.186068,LLLG
330.6349724,31.49696709,-362.1233736,2050.441289,-3887.880763,1837.401914,LLLG
323.33397,44.04576649,-367.3711706,2153.25737,-3882.099382,1728.804451,LLLG
315.7138287,56.5511389,-372.2564017,2253.948459,-3872.486865,1618.500846,LLLG
307.7820688,69.00074306,-376.774246,2352.41518,-3859.052701,1506.599961,LLLG
299.5465178,81.38229268,-380.9202446,2448.560363,-3841.810147,1393.212223,LLLG
291.0153034,93.6835687,-384.6903062,2542.289122,-3820.776221,1278.449539,LLLG
282.1968447,105.8924312,-388.08071,2633.508959,-3795.971677,1162.425158,LLLG
273.0998445,117.9968316,-391.0881102,2722.12985,-3767.420999,1045.253589,LLLG
263.7332805,129.9848241,-393.7095388,2808.064338,-3735.152359,927.0504606,LLLG
254.1063963,141.8445783,-395.9424088,2891.227614,-3699.197605,807.9324303,LLLG
244.2286926,153.5643898,-397.7845165,2971.53761,-3659.592218,688.0170478,LLLG
234.1099173,165.1326928,-399.2340442,3048.915065,-3616.375285,567.4226605,LLLG
223.7600565,176.5380705,-400.2895612,3123.28362,-3569.589455,446.2682752,LLLG
213.1893244,187.7692674,-400.9500259,3194.56988,-3519.280902,324.6734619,LLLG
202.4081528,198.8151996,-401.2147865,3262.703496,-3465.499271,202.7582147,LLLG
191.4271816,209.664966,-401.0835817,3327.617227,-3408.297641,80.64285459,LLLG
180.2572476,220.3078593,-400.556541,3389.247013,-3347.732462,-41.55211065,LLLG
168.9093742,230.7333762,-399.6341845,3447.532029,-3283.863505,-163.706084,LLLG
157.3947603,240.931228,-398.3174225,3502.414759,-3216.753799,-285.6985197,LLLG
145.7247696,250.8913507,-396.6075544,3553.841037,-3146.469577,-407.4090204,LLLG
133.9109189,260.6039148,-394.5062678,3601.760115,-3073.080196,-528.717478,LLLG
121.964867,270.0593351,-392.0156362,3646.124699,-2996.658088,-649.5041703,LLLG
109.8984032,279.2482804,-389.1381177,3686.891009,-2917.278667,-769.6499008,LLLG
97.7234357,288.1616822,-385.876552,3724.018811,-2835.020276,-889.0360949,LLLG
85.45197972,296.7907441,-382.2341579,3757.471468,-2749.964089,-1007.544938,LLLG
73.09614569,305.1269502,-378.21453,3787.215963,-2662.194051,-1125.059471,LLLG
60.66812733,313.1620737,-373.8216352,3813.222944,-2571.796777,-1241.463726,LLLG
48.18018959,320.888185,-369.0598088,3835.466743,-2478.86148,-1356.642822,LLLG
35.64465655,328.2976592,-363.93375,3853.925411,-2383.479874,-1470.483096,LLLG
23.0738993,335.3831842,-358.4485177,3868.580728,-2285.746092,-1582.872195,LLLG
10.48032361,342.1377674,-352.6095251,3879.418235,-2185.756583,-1693.699211,LLLG
-2.123642139,348.5547427,-346.4225347,3886.427232,-2083.610027,-1802.854765,LLLG
-14.72555939,354.6277775,-339.8936523,3889.600807,-1979.407227,-1910.231139,LLLG
-27.31299153,360.3508783,-333.029321,3888.935824,-1873.251021,-2015.722362,LLLG
-39.87351632,365.7183972,-325.8363151,3884.432942,-1765.246171,-2119.224329,LLLG
-52.39473802,370.7250371,-318.3217333,3876.096602,-1655.499267,-2220.634894,LLLG
-64.86429971,375.365857,-310.4929915,3863.935034,-1544.118613,-2319.85398,LLLG
-77.26989541,379.6362771,-302.3578158,3847.960238,-1431.214131,-2416.783666,LLLG
-89.59928233,383.5320828,-293.9242346,3828.187981,-1316.897241,-2511.328298,LLLG
-101.8402928,387.0494295,-285.2005709,3804.637773,-1201.280764,-2603.394567,LLLG
-113.9808465,390.184846,-276.1954337,3777.332858,-1084.478795,-2692.891621,LLLG
-126.0089621,392.9352381,-266.9177102,3746.30018,-966.6066075,-2779.731131,LLLG
-137.9127694,395.2978915,-257.3765563,3711.570367,-847.780524,-2863.827402,LLLG
-149.6805206,397.2704744,-247.581388,3673.177692,-728.1178139,-2945.097436,LLLG
-161.3006026,398.8510402,-237.5418718,3631.160045,-607.7365676,-3023.461035,LLLG
-172.7615475,400.038029,-227.2679158,3585.558889,-486.7555891,-3098.840858,LLLG
-184.0520449,400.8302695,-216.7696588,3536.419232,-365.2942699,-3171.16252,LLLG
-195.1609525,401.2269798,-206.0574616,3483.789564,-243.4724797,-3240.354642,LLLG
-206.077307,401.2277684,-195.1418956,3427.721828,-121.4104399,-3306.348946,LLLG
-216.7903353,400.8326345,-184.0337334,3368.271353,0.771387029,-3369.080298,LLLG
-227.289465,400.041968,-172.7439372,3305.496812,122.9524244,-3428.486794,LLLG
-237.5643347,398.8565493,-161.2836488,3239.460153,245.0120922,-3484.509803,LLLG
-247.6048044,397.2775482,-149.664178,3170.22655,366.8299344,-3537.094042,LLLG
-257.4009653,395.306523,-137.896992,3097.864324,488.2857293,-3586.187611,LLLG
-266.9431497,392.9454189,-125.9937034,3022.444892,609.2596169,-3631.742066,LLLG
-276.2219408,390.196566,-113.9660594,2944.04268,729.6322085,-3673.712446,LLLG
-285.2281814,387.062677,-101.8259299,2862.735065,849.2847128,-3712.057335,LLLG
-293.9529835,383.5468448,-89.58529558,2778.602284,968.0990453,-3746.738887,LLLG
-302.3877368,379.652539,-77.25623656,2691.72737,1085.957953,-3777.72288,LLLG
-310.5241171,375.3836029,-64.85092015,2602.196054,1202.74512,-3804.978732,LLLG
-318.3540949,370.7442494,-52.38158885,2510.096697,1318.345295,-3828.47955,LLLG
-325.8699428,365.739057,-39.86054843,2415.520185,1432.644392,-3848.202135,LLLG
-333.0642438,360.3729651,-27.3001556,2318.559859,1545.529614,-3864.12703,LLLG
-339.9298978,354.6512695,-14.712806,2219.311402,1656.889554,-3876.238513,LLLG
-346.4601293,348.5796168,-2.110921774,2117.872764,1766.614316,-3884.524638,LLLG
-352.6484937,342.1639989,10.49306049,2014.34405,1874.595613,-3888.97722,LLLG
-358.488884,335.4107474,23.08670223,1908.827433,1980.726882,-3889.591872,LLLG
-363.9755362,328.3265269,35.65757499,1801.427042,2084.903382,-3886.367981,LLLG
-369.1030358,320.9183286,48.1932729,1692.248872,2187.022306,-3879.308735,LLLG
-373.8663225,313.1934635,60.68142467,1581.400665,2286.982872,-3868.421094,LLLG
-378.2606955,305.1595551,73.10970607,1468.991818,2384.686435,-3853.715809,LLLG
-382.2818182,296.8245321,85.46585183,1355.133261,2480.036569,-3835.207387,LLLG
-385.9257221,288.1966198,97.73766797,1239.937364,2572.939178,-3812.914099,LLLG
-389.1888112,279.2843333,109.9130436,1123.517806,2663.302577,-3786.85794,LLLG
-392.0678652,270.0964676,121.9799633,1005.989483,2751.037589,-3757.064629,LLLG
-394.5600428,260.6420903,133.9265182,887.468379,2836.057629,-3723.563565,LLLG
-396.6628846,250.9305315,145.7409187,768.0714619,2918.278794,-3686.387813,LLLG
-398.3743152,240.9713755,157.4115054,647.9165596,2997.61994,-3645.574057,LLLG
-399.6926457,230.7744507,168.9267607,527.1222533,3074.002769,-3601.162579,LLLG
-400.6165751,220.3498202,180.2753205,405.8077495,3147.351898,-3553.197204,LLLG
-401.1451916,209.707772,191.4459853,284.0927738,3217.594942,-3501.725272,LLLG
-401.2779735,198.8588084,202.4277307,162.0974415,3284.662578,-3446.797576,LLLG
-401.0147897,187.813636,213.2097193,39.94214987,3348.48862,-3388.468327,LLLG
-400.3559,176.5831551,223.7813104,-82.25255118,3409.010078,-3326.795083,LLLG
-399.3019546,165.1784489,234.1320713,-204.3660676,3466.167227,-3261.838715,LLLG
-397.8539936,153.6107723,244.2517869,-326.2778907,3519.903656,-3193.663321,LLLG
-396.0134461,141.8915413,254.1304704,-447.8677057,3570.166337,-3122.336188,LLLG
-393.7821283,130.0323214,263.7583725,-569.0155206,3616.905665,-3047.9277,LLLG
-391.1622425,118.0448162,273.1259919,-689.6017746,3660.075515,-2970.511296,LLLG
-388.1563739,105.9408558,282.2240836,-809.5074663,3699.633282,-2890.163372,LLLG
-384.7674891,93.73238553,291.0436692,-928.6142605,3735.539929,-2806.963225,LLLG
-380.9989326,81.43145357,299.5760446,-1046.804616,3767.76002,-2720.99296,LLLG
-376.8544233,69.05019945,307.8127895,-1163.96189,3796.261757,-2632.337423,LLLG
-372.3380515,56.60084201,315.7457751,-1279.970466,3821.017012,-2541.084102,LLLG
-367.4542743,44.09566724,323.3671726,-1394.715854,3842.001357,-2447.323058,LLLG
-362.2079113,31.54701626,330.6694606,-1508.084818,3859.194079,-2351.146818,LLLG
-356.6041401,18.96727305,337.6454326,-1619.965472,3872.578215,-2252.650299,LLLG
-350.6484909,6.368852314,344.2882041,-1730.247408,3882.140553,-2151.930701,LLLG
-344.3468412,-6.235812841,350.5912196,-1838.821786,3887.871659,-2049.087428,LLLG
-337.7054101,-18.83428311,356.5482588,-1945.581462,3889.765875,-1944.221969,LLLG
-330.7307517,-31.41412536,362.1534426,-2050.421071,3887.821333,-1837.437817,LLLG
-323.4297493,-43.96292476,367.4012396,-2153.237154,3882.03995,-1728.840351,LLLG
-315.8096081,-56.4682972,372.2864708,-2253.928241,3872.427434,-1618.536749,LLLG
-307.8778481,-68.91790136,376.804315,-2352.394964,3858.99327,-1506.635861,LLLG
-299.6422971,-81.29945101,380.9503137,-2448.540146,3841.750717,-1393.248126,LLLG
-291.1110827,-93.60072702,384.7203752,-2542.268906,3820.716789,-1278.485439,LLLG
-282.292624,-105.8095896,388.110779,-2633.488742,3795.912247,-1162.461061,LLLG
-273.1956238,-117.9139899,391.1181792,-2722.109633,3767.361567,-1045.289489,LLLG
-263.8290598,-129.9019825,393.7396078,-2808.04412,3735.092929,-927.0863633,LLLG
-254.2021756,-141.7617367,395.9724777,-2891.207398,3699.138174,-807.9683305,LLLG
-244.3244718,-153.4815483,397.8145855,-2971.517392,3659.532787,-688.0529504,LLLG
-234.2056965,-165.0498512,399.2641132,-3048.894848,3616.315854,-567.4585606,LLLG
-223.8558357,-176.455229,400.3196302,-3123.263402,3569.530025,-446.3041777,LLLG
-213.2851035,-187.6864258,400.9800949,-3194.549664,3519.221471,-324.7093619,LLLG
-202.503932,-198.732358,401.2448555,-3262.683279,3465.439841,-202.7941172,LLLG
-191.5229607,-209.5821245,401.1136507,-3327.597011,3408.23821,-80.67875458,LLLG
-180.3530267,-220.2250178,400.58661,-3389.226795,3347.673032,41.51620823,LLLG
-169.0051533,-230.6505347,399.6642535,-3447.511813,3283.804074,163.6701841,LLLG
-157.4905394,-240.8483866,398.3474914,-3502.394542,3216.69437,285.6626173,LLLG
-145.8205487,-250.8085092,396.6376234,-3553.820821,3146.410146,407.3731206,LLLG
-134.0066979,-260.5210733,394.5363367,-3601.739897,3073.020767,528.6815757,LLLG
-122.060646,-269.9764937,392.0457051,-3646.104482,2996.598657,649.4682705,LLLG
-109.9941822,-279.1654389,389.1681866,-3686.870791,2917.219238,769.6139986,LLLG
-97.81921474,-288.0788408,385.9066209,-3723.998595,2834.960845,889.0001952,LLLG
-85.54775875,-296.7079027,382.2642268,-3757.45125,2749.90466,1007.509036,LLLG
-73.1919247,-305.0441088,378.2445989,-3787.195746,2662.13462,1125.023571,LLLG
-60.76390634,-313.0792324,373.8517041,-3813.202726,2571.737347,1241.427824,LLLG
-48.27596858,-320.8053436,369.0898776,-3835.446526,2478.802049,1356.606923,LLLG
-35.74043554,-328.2148179,363.9638189,-3853.905193,2383.420445,1470.447194,LLLG
-23.16967825,-335.3003429,358.4785866,-3868.560511,2285.686662,1582.836295,LLLG
-10.57610257,-342.0549261,352.639594,-3879.398017,2185.697154,1693.663309,LLLG
2.027863207,-348.4719014,346.4526036,-3886.407016,2083.550596,1802.818865,LLLG
14.62978045,-354.5449362,339.9237211,-3889.580589,1979.347797,1910.195237,LLLG
27.21721262,-360.2680371,333.0593898,-3888.915607,1873.191591,2015.686462,LLLG
39.77773741,-365.635556,325.866384,-3884.412724,1765.186742,2119.188428,LLLG
52.29895914,-370.6421959,318.3518021,-3876.076385,1655.439837,2220.598995,LLLG
64.76852082,-375.2830158,310.5230604,-3863.914816,1544.059184,2319.818078,LLLG
77.17411655,-379.5534358,302.3878846,-3847.940021,1431.154701,2416.747766,LLLG
89.50350347,-383.4492416,293.9543035,-3828.167762,1316.837812,2511.292396,LLLG
101.744514,-386.9665883,285.2306397,-3804.617556,1201.221334,2603.358668,LLLG
113.8850677,-390.1020049,276.2255025,-3777.312639,1084.419366,2692.855719,LLLG
125.9131833,-392.852397,266.947779,-3746.279963,966.5471776,2779.695232,LLLG
137.8169906,-395.2150503,257.4066251,-3711.550149,847.7210951,2863.7915,LLLG
149.5847419,-397.1876333,247.6114567,-3673.157475,728.058384,2945.061537,LLLG
161.2048238,-398.7681991,237.5719406,-3631.139826,607.6771388,3023.425134,LLLG
172.6657687,-399.9551879,227.2979845,-3585.538672,486.6961593,3098.804959,LLLG
183.9562662,-400.7474284,216.7997276,-3536.399013,365.2348411,3171.126619,LLLG
195.0651737,-401.1441387,206.0875303,-3483.769347,243.41305,3240.318743,LLLG
205.9815282,-401.1449273,195.1719644,-3427.701609,121.3510112,3306.313045,LLLG
216.6945566,-400.7497934,184.0638021,-3368.251136,-0.830816676,3369.044399,LLLG
227.1936863,-399.959127,172.774006,-3305.476593,-123.011853,3428.450893,LLLG
237.4685561,-398.7737083,161.3137175,-3239.439936,-245.0715218,3484.473904,LLLG
247.5090257,-397.1947072,149.6942468,-3170.206331,-366.8893629,3537.058141,LLLG
257.3051866,-395.2236821,137.9270607,-3097.844107,-488.3451588,3586.151712,LLLG
266.8473711,-392.862578,126.0237721,-3022.424673,-609.3190454,3631.706165,LLLG
276.1261622,-390.113725,113.9961281,-2944.022463,-729.6916379,3673.676547,LLLG
285.1324028,-386.9798361,101.8559986,-2862.714846,-849.3441412,3712.021434,LLLG
293.8572049,-383.4640039,89.61536426,-2778.582067,-968.1584747,3746.702988,LLLG
302.2919581,-379.5696982,77.28630525,-2691.707151,-1086.017381,3777.686979,LLLG
310.4283385,-375.3007621,64.88098881,-2602.175837,-1202.80455,3804.942833,LLLG
318.2583163,-370.6614086,52.41165753,-2510.076478,-1318.404724,3828.443649,LLLG
325.7741643,-365.6562161,39.89061707,-2415.499968,-1432.703822,3848.166237,LLLG
332.9684652,-360.2901243,27.33022426,-2318.53964,-1545.589042,3864.091129,LLLG
339.8341192,-354.5684287,14.74287463,-2219.291184,-1656.948984,3876.202615,LLLG
346.3643508,-348.496776,2.140990425,-2117.852545,-1766.673745,3884.488737,LLLG
352.5527152,-342.0811582,-10.46299187,-2014.323832,-1874.655042,3888.941322,LLLG
358.3931054,-335.3279067,-23.05663359,-1908.807214,-1980.78631,3889.555971,LLLG
363.8797577,-328.2436861,-35.62750639,-1801.406825,-2084.962811,3886.332083,LLLG
369.0072573,-320.8354878,-48.16320428,-1692.228653,-2187.081734,3879.272834,LLLG
373.770544,-313.1106228,-60.65135608,-1581.380447,-2287.042301,3868.385196,LLLG
378.1649171,-305.0767144,-73.07963746,-1468.971599,-2384.745863,3853.679909,LLLG
382.1860398,-296.7416913,-85.43578325,-1355.113044,-2480.095998,3835.171489,LLLG
385.8299437,-288.1137792,-97.70759938,-1239.917145,-2572.998606,3812.878198,LLLG
389.0930328,-279.2014926,-109.8829751,-1123.497588,-2663.362006,3786.822042,LLLG
391.9720868,-270.013627,-121.9498947,-1005.969264,-2751.097017,3757.028729,LLLG
394.4642644,-260.5592496,-133.8964497,-887.4481612,-2836.117058,3723.527667,LLLG
396.5671062,-250.8476909,-145.7108502,-768.0512429,-2918.338222,3686.351913,LLLG
398.2785368,-240.8885349,-157.3814368,-647.8963418,-2997.679369,3645.538159,LLLG
399.5968674,-230.6916101,-168.8966922,-527.1020342,-3074.062197,3601.126679,LLLG
400.5207968,-220.2669796,-180.245252,-405.7875317,-3147.411326,3553.161306,LLLG
401.0494133,-209.6249314,-191.4159167,-284.0725547,-3217.65437,3501.689372,LLLG
401.1821951,-198.7759678,-202.3976622,-162.0772236,-3284.722006,3446.761678,LLLG
400.9190114,-187.7307955,-213.1796508,-39.92193075,-3348.548048,3388.432426,LLLG
400.2601217,-176.5003146,-223.751242,82.27276908,-3409.069507,3326.759186,LLLG
399.2061763,-165.0956084,-234.1020028,204.3862868,-3466.226654,3261.802815,LLLG
397.7582154,-153.5279318,-244.2217184,326.2981087,-3519.963084,3193.627424,LLLG
395.9176678,-141.8087009,-254.1004019,447.8879249,-3570.225764,3122.300288,LLLG
393.6863501,-129.949481,-263.7283041,569.0357386,-3616.965093,3047.891803,LLLG
391.0664642,-117.9619757,-273.0959234,689.6219938,-3660.134942,2970.475396,LLLG
388.0605957,-105.8580154,-282.1940152,809.5276843,-3699.69271,2890.127474,LLLG
384.6717109,-93.64954513,-291.0136007,928.6344798,-3735.599357,2806.927325,LLLG
380.9031544,-81.34861316,-299.5459762,1046.824834,-3767.819448,2720.957062,LLLG
376.7586451,-68.96735907,-307.782721,1163.98211,-3796.321184,2632.301523,LLLG
372.2422733,-56.51800164,-315.7157067,1279.990684,-3821.07644,2541.048205,LLLG
367.3584961,-44.01282689,-323.3371042,1394.736074,-3842.060784,2447.287159,LLLG
362.1121331,-31.46417592,-330.6393922,1508.105036,-3859.253507,2351.11092,LLLG
356.5083619,-18.88443273,-337.6153642,1619.985692,-3872.637642,2252.614399,LLLG
350.5527128,-6.286012003,-344.2581357,1730.267626,-3882.199981,2151.894804,LLLG
344.2510631,6.318653125,-350.5611512,1838.842006,-3887.931086,2049.051529,LLLG
337.609632,18.91712339,-356.5181904,1945.60168,-3889.825303,1944.186071,LLLG
330.6349736,31.49696561,-362.1233743,2050.441291,-3887.88076,1837.401917,LLLG
323.3339712,44.04576501,-367.3711713,2153.257373,-3882.099378,1728.804454,LLLG
315.71383,56.55113743,-372.2564024,2253.948461,-3872.486861,1618.500849,LLLG
307.78207,69.00074158,-376.7742466,2352.415182,-3859.052698,1506.599964,LLLG
299.5465191,81.3822912,-380.9202453,2448.560366,-3841.810144,1393.212227,LLLG
291.0153046,93.68356721,-384.6903069,2542.289124,-3820.776217,1278.449542,LLLG
282.1968459,105.8924297,-388.0807107,2633.508961,-3795.971674,1162.425161,LLLG
273.0998458,117.9968301,-391.0881109,2722.129852,-3767.420995,1045.253592,LLLG
263.7332817,129.9848227,-393.7095395,2808.06434,-3735.152355,927.050464,LLLG
254.1063976,141.8445768,-395.9424094,2891.227617,-3699.197601,807.9324333,LLLG
244.2286938,153.5643884,-397.7845172,2971.537612,-3659.592214,688.0170512,LLLG
234.1099185,165.1326913,-399.2340449,3048.915067,-3616.375281,567.4226636,LLLG
223.7600578,176.538069,-400.2895619,3123.283622,-3569.589451,446.2682786,LLLG
213.1893256,187.7692659,-400.9500266,3194.569882,-3519.280898,324.6734649,LLLG
202.408154,198.8151981,-401.2147872,3262.703498,-3465.499267,202.7582181,LLLG
191.4271828,209.6649645,-401.0835824,3327.617229,-3408.297638,80.64285764,LLLG
180.2572488,220.3078578,-400.5565417,3389.247015,-3347.732458,-41.55210728,LLLG
168.9093754,230.7333747,-399.6341852,3447.532032,-3283.863501,-163.706081,LLLG
157.3947615,240.9312265,-398.3174232,3502.414761,-3216.753796,-285.6985163,LLLG
145.7247708,250.8913492,-396.6075551,3553.84104,-3146.469573,-407.4090174,LLLG
133.9109201,260.6039133,-394.5062685,3601.760117,-3073.080193,-528.7174746,LLLG
121.9648682,270.0593336,-392.0156369,3646.124701,-2996.658084,-649.5041673,LLLG
109.8984044,279.2482789,-389.1381184,3686.891011,-2917.278664,-769.6498975,LLLG
97.72343691,288.1616807,-385.8765527,3724.018813,-2835.020272,-889.0360919,LLLG
85.45198093,296.7907425,-382.2341586,3757.47147,-2749.964086,-1007.544935,LLLG
73.0961469,305.1269487,-378.2145307,3787.215965,-2662.194047,-1125.059468,LLLG
60.66812853,313.1620722,-373.8216359,3813.222946,-2571.796773,-1241.463723,LLLG
48.1801908,320.8881835,-369.0598095,3835.466745,-2478.861476,-1356.642819,LLLG
35.64465776,328.2976577,-363.9337507,3853.925413,-2383.479871,-1470.483092,LLLG
23.0739005,335.3831827,-358.4485184,3868.58073,-2285.746089,-1582.872192,LLLG
10.48032481,342.1377658,-352.6095258,3879.418237,-2185.75658,-1693.699207,LLLG
-2.123640937,348.5547412,-346.4225355,3886.427235,-2083.610023,-1802.854762,LLLG
-14.72555818,354.627776,-339.893653,3889.600809,-1979.407223,-1910.231136,LLLG
-27.31299033,360.3508768,-333.0293217,3888.935826,-1873.251018,-2015.722359,LLLG
-39.87351512,365.7183957,-325.8363158,3884.432944,-1765.246168,-2119.224326,LLLG
-52.39473682,370.7250356,-318.321734,3876.096604,-1655.499263,-2220.634891,LLLG
-64.86429851,375.3658555,-310.4929922,3863.935036,-1544.11861,-2319.853977,LLLG
-77.26989421,379.6362755,-302.3578166,3847.96024,-1431.214127,-2416.783663,LLLG
-89.59928114,383.5320812,-293.9242353,3828.187983,-1316.897238,-2511.328295,LLLG
-101.8402916,387.049428,-285.2005716,3804.637775,-1201.28076,-2603.394564,LLLG
-113.9808453,390.1848445,-276.1954344,3777.33286,-1084.478792,-2692.891618,LLLG
-126.0089609,392.9352366,-266.9177109,3746.300182,-966.6066039,-2779.731128,LLLG
-137.9127682,395.2978899,-257.376557,3711.570369,-847.7805206,-2863.827399,LLLG
-149.6805194,397.2704729,-247.5813887,3673.177694,-728.1178103,-2945.097433,LLLG
-161.3006014,398.8510386,-237.5418726,3631.160047,-607.7365642,-3023.461032,LLLG
-172.7615463,400.0380275,-227.2679165,3585.558892,-486.7555856,-3098.840856,LLLG
-184.0520437,400.830268,-216.7696595,3536.419234,-365.2942665,-3171.162517,LLLG
-195.1609513,401.2269783,-206.0574623,3483.789566,-243.4724762,-3240.354639,LLLG
-206.0773058,401.2277668,-195.1418964,3427.72183,-121.4104365,-3306.348943,LLLG
-216.7903341,400.8326329,-184.0337341,3368.271355,0.771390574,-3369.080295,LLLG
-227.2894638,400.0419665,-172.7439379,3305.496814,122.9524278,-3428.486791,LLLG
-237.5643336,398.8565478,-161.2836495,3239.460155,245.0120957,-3484.5098,LLLG
-247.6048032,397.2775467,-149.6641788,3170.226552,366.8299378,-3537.094039,LLLG
-257.4009641,395.3065215,-137.8969927,3097.864326,488.2857328,-3586.187608,LLLG
-266.9431486,392.9454174,-125.9937041,3022.444894,609.2596203,-3631.742063,LLLG
-276.2219396,390.1965644,-113.9660602,2944.042682,729.632212,-3673.712443,LLLG
-285.2281802,387.0626755,-101.8259306,2862.735066,849.2847162,-3712.057332,LLLG
-293.9529823,383.5468433,-89.58529631,2778.602286,968.0990489,-3746.738884,LLLG
-302.3877356,379.6525375,-77.2562373,2691.727372,1085.957956,-3777.722877,LLLG
-310.5241159,375.3836014,-64.85092088,2602.196056,1202.745124,-3804.978729,LLLG
-318.3540937,370.7442479,-52.38158958,2510.096699,1318.345299,-3828.479546,LLLG
-325.8699417,365.7390554,-39.86054916,2415.520187,1432.644396,-3848.202132,LLLG
-333.0642426,360.3729636,-27.30015634,2318.55986,1545.529618,-3864.127027,LLLG
-339.9298966,354.651268,-14.71280674,2219.311404,1656.889558,-3876.238511,LLLG
-346.4601281,348.5796152,-2.110922514,2117.872766,1766.61432,-3884.524634,LLLG
-352.6484926,342.1639974,10.49305975,2014.344052,1874.595617,-3888.977217,LLLG
-358.4888828,335.4107459,23.08670149,1908.827435,1980.726885,-3889.591869,LLLG
-363.975535,328.3265253,35.65757425,1801.427044,2084.903385,-3886.367978,LLLG
-369.1030346,320.918327,48.19327216,1692.248874,2187.022309,-3879.308732,LLLG
-373.8663213,313.1934619,60.68142393,1581.400667,2286.982876,-3868.421091,LLLG
-378.2606944,305.1595536,73.10970533,1468.991819,2384.686438,-3853.715806,LLLG
-382.281817,296.8245305,85.46585109,1355.133263,2480.036572,-3835.207384,LLLG
-385.925721,288.1966183,97.73766723,1239.937365,2572.939182,-3812.914096,LLLG
-389.1888101,279.2843317,109.9130429,1123.517808,2663.30258,-3786.857937,LLLG
-392.0678641,270.0964661,121.9799625,1005.989485,2751.037593,-3757.064626,LLLG
-394.5600417,260.6420887,133.9265175,887.468381,2836.057633,-3723.563562,LLLG
-396.6628834,250.9305299,145.740918,768.0714637,2918.278798,-3686.38781,LLLG
-398.374314,240.9713739,157.4115046,647.9165616,2997.619944,-3645.574054,LLLG
-399.6926446,230.7744491,168.92676,527.1222551,3074.002772,-3601.162576,LLLG
-400.616574,220.3498187,180.2753198,405.8077515,3147.351901,-3553.197201,LLLG
-401.1451904,209.7077704,191.4459845,284.0927757,3217.594945,-3501.725269,LLLG
-401.2779723,198.8588068,202.42773,162.0974435,3284.662581,-3446.797573,LLLG
-401.0147885,187.8136345,213.2097185,39.94215171,3348.488624,-3388.468324,LLLG
-400.3558988,176.5831536,223.7813097,-82.25254917,3409.010082,-3326.795081,LLLG
-399.3019534,165.1784473,234.1320706,-204.3660658,3466.16723,-3261.838712,LLLG
-397.8539925,153.6107708,244.2517862,-326.2778887,3519.903659,-3193.663319,LLLG
-396.0134449,141.8915398,254.1304696,-447.8677038,3570.16634,-3122.336185,LLLG
-393.7821272,130.0323199,263.7583718,-569.0155186,3616.905668,-3047.927697,LLLG
-391.1622413,118.0448146,273.1259911,-689.6017728,3660.075518,-2970.511293,LLLG
-388.1563727,105.9408543,282.2240829,-809.5074643,3699.633285,-2890.163369,LLLG
-384.767488,93.73238398,291.0436684,-928.6142587,3735.539933,-2806.963222,LLLG
-380.9989314,81.431452,299.5760438,-1046.804614,3767.760023,-2720.992957,LLLG
-376.8544222,69.05019789,307.8127887,-1163.961888,3796.26176,-2632.33742,LLLG
-372.3380504,56.60084045,315.7457743,-1279.970464,3821.017016,-2541.084099,LLLG
-367.4542731,44.09566568,323.3671718,-1394.715852,3842.00136,-2447.323055,LLLG
-362.2079101,31.5470147,330.6694598,-1508.084816,3859.194083,-2351.146815,LLLG
-356.6041389,18.96727148,337.6454318,-1619.96547,3872.578218,-2252.650296,LLLG
-350.6484897,6.36885075,344.2882034,-1730.247406,3882.140557,-2151.930699,LLLG
-344.3468401,-6.235814405,350.5912189,-1838.821785,3887.871662,-2049.087425,LLLG
-337.7054089,-18.83428468,356.548258,-1945.58146,3889.765878,-1944.221966,LLLG
-330.7307506,-31.41412692,362.1534419,-2050.42107,3887.821336,-1837.437814,LLLG
-323.4297482,-43.96292633,367.4012389,-2153.237153,3882.039953,-1728.840348,LLLG
-315.8096069,-56.46829877,372.28647,-2253.928239,3872.427438,-1618.536746,LLLG
-307.877847,-68.91790293,376.8043142,-2352.394962,3858.993273,-1506.635859,LLLG
-299.642296,-81.29945258,380.9503129,-2448.540144,3841.75072,-1393.248123,LLLG
-291.1110815,-93.60072859,384.7203744,-2542.268904,3820.716793,-1278.485436,LLLG
-282.2926228,-105.8095911,388.1107783,-2633.48874,3795.91225,-1162.461058,LLLG
-273.1956226,-117.9139915,391.1181784,-2722.109632,3767.361571,-1045.289487,LLLG
-263.8290586,-129.9019841,393.739607,-2808.044119,3735.092932,-927.0863603,LLLG
-254.2021744,-141.7617383,395.972477,-2891.207396,3699.138177,-807.9683277,LLLG
-244.3244706,-153.4815498,397.8145848,-2971.51739,3659.532791,-688.0529474,LLLG
-234.2056954,-165.0498527,399.2641124,-3048.894846,3616.315857,-567.4585579,LLLG
-223.8558346,-176.4552305,400.3196294,-3123.2634,3569.530028,-446.3041748,LLLG
-213.2851024,-187.6864274,400.9800941,-3194.549662,3519.221474,-324.7093592,LLLG
-202.5039308,-198.7323596,401.2448547,-3262.683277,3465.439844,-202.7941142,LLLG
-191.5229596,-209.582126,401.1136499,-3327.597009,3408.238214,-80.67875188,LLLG
-180.3530256,-220.2250194,400.5866092,-3389.226793,3347.673035,41.51621121,LLLG
-169.0051521,-230.6505363,399.6642527,-3447.511811,3283.804077,163.6701868,LLLG
-157.4905383,-240.8483881,398.3474907,-3502.39454,3216.694373,285.6626203,LLLG
-145.8205476,-250.8085108,396.6376226,-3553.820819,3146.410149,407.3731232,LLLG
-134.0066968,-260.5210749,394.5363359,-3601.739895,3073.02077,528.6815787,LLLG
-122.0606449,-269.9764952,392.0457044,-3646.10448,2996.59866,649.4682732,LLLG
-109.9941811,-279.1654405,389.1681858,-3686.870789,2917.219241,769.6140016,LLLG
-97.8192136,-288.0788423,385.9066201,-3723.998593,2834.960848,889.0001978,LLLG
-85.54775762,-296.7079042,382.2642261,-3757.451248,2749.904663,1007.509039,LLLG
-73.19192357,-305.0441104,378.2445981,-3787.195744,2662.134624,1125.023574,LLLG
-60.7639052,-313.079234,373.8517033,-3813.202724,2571.73735,1241.427827,LLLG
-48.27596744,-320.8053452,369.0898769,-3835.446524,2478.802053,1356.606925,LLLG
-35.74043441,-328.2148195,363.9638181,-3853.905191,2383.420448,1470.447196,LLLG
-23.16967712,-335.3003445,358.4785858,-3868.56051,2285.686665,1582.836298,LLLG
-10.57610144,-342.0549276,352.6395932,-3879.398015,2185.697157,1693.663312,LLLG
2.027864336,-348.471903,346.4526028,-3886.407014,2083.5506,1802.818868,LLLG
14.62978158,-354.5449378,339.9237204,-3889.580587,1979.347801,1910.19524,LLLG
27.21721375,-360.2680386,333.059389,-3888.915605,1873.191594,2015.686465,LLLG
39.77773854,-365.6355576,325.8663832,-3884.412722,1765.186745,2119.188431,LLLG
52.29896026,-370.6421975,318.3518013,-3876.076384,1655.43984,2220.598997,LLLG
64.76852195,-375.2830174,310.5230596,-3863.914815,1544.059187,2319.818081,LLLG
77.17411768,-379.5534374,302.3878839,-3847.940019,1431.154704,2416.747769,LLLG
89.5035046,-383.4492432,293.9543027,-3828.167761,1316.837816,2511.292399,LLLG
101.7445151,-386.9665899,285.2306389,-3804.617554,1201.221337,2603.358671,LLLG
113.8850688,-390.1020065,276.2255018,-3777.312638,1084.419369,2692.855722,LLLG
125.9131845,-392.8523986,266.9477782,-3746.279961,966.5471808,2779.695234,LLLG
137.8169917,-395.2150519,257.4066243,-3711.550147,847.7210982,2863.791503,LLLG
149.584743,-397.1876349,247.6114559,-3673.157473,728.0583873,2945.06154,LLLG
161.2048249,-398.7682007,237.5719398,-3631.139825,607.6771419,3023.425137,LLLG
172.6657699,-399.9551895,227.2979837,-3585.53867,486.6961626,3098.804962,LLLG
183.9562673,-400.74743,216.7997268,-3536.399012,365.2348443,3171.126622,LLLG
195.0651749,-401.1441403,206.0875295,-3483.769345,243.4130533,3240.318746,LLLG
205.9815294,-401.1449289,195.1719636,-3427.701608,121.3510143,3306.313048,LLLG
216.6945577,-400.749795,184.0638013,-3368.251134,-0.830813435,3369.044401,LLLG
227.1936874,-399.9591286,172.7740052,-3305.476592,-123.0118499,3428.450896,LLLG
237.4685572,-398.7737099,161.3137167,-3239.439934,-245.0715185,3484.473907,LLLG
247.5090268,-397.1947088,149.694246,-3170.20633,-366.8893598,3537.058144,LLLG
257.3051877,-395.2236836,137.9270599,-3097.844105,-488.3451556,3586.151715,LLLG
266.8473722,-392.8625795,126.0237713,-3022.424672,-609.3190423,3631.706168,LLLG
276.1261633,-390.1137266,113.9961273,-2944.022461,-729.6916347,3673.67655,LLLG
285.1324039,-386.9798377,101.8559978,-2862.714844,-849.3441381,3712.021437,LLLG
293.857206,-383.4640055,89.61536346,-2778.582065,-968.1584715,3746.702991,LLLG
302.2919593,-379.5696998,77.28630446,-2691.707149,-1086.017378,3777.686982,LLLG
310.4283396,-375.3007637,64.88098802,-2602.175835,-1202.804546,3804.942836,LLLG
318.2583174,-370.6614102,52.41165673,-2510.076476,-1318.404721,3828.443652,LLLG
325.7741654,-365.6562177,39.89061628,-2415.499966,-1432.703818,3848.166239,LLLG
332.9684663,-360.2901259,27.33022347,-2318.539638,-1545.589039,3864.091132,LLLG
339.8341204,-354.5684303,14.74287384,-2219.291182,-1656.94898,3876.202618,LLLG
346.3643519,-348.4967776,2.140989626,-2117.852543,-1766.673741,3884.48874,LLLG
352.5527163,-342.0811598,-10.46299267,-2014.323831,-1874.655039,3888.941324,LLLG
358.3931066,-335.3279083,-23.05663439,-1908.807212,-1980.786307,3889.555974,LLLG
363.8797588,-328.2436877,-35.62750719,-1801.406823,-2084.962808,3886.332085,LLLG
369.0072584,-320.8354894,-48.16320508,-1692.228651,-2187.081731,3879.272837,LLLG
373.7705451,-313.1106244,-60.65135688,-1581.380445,-2287.042298,3868.385198,LLLG
378.1649182,-305.076716,-73.07963826,-1468.971597,-2384.745859,3853.679912,LLLG
382.1860409,-296.7416929,-85.43578405,-1355.113042,-2480.095995,3835.171492,LLLG
385.8299448,-288.1137808,-97.70760018,-1239.917143,-2572.998603,3812.878201,LLLG
389.0930339,-279.2014942,-109.8829759,-1123.497587,-2663.362003,3786.822044,LLLG
391.9720879,-270.0136286,-121.9498955,-1005.969263,-2751.097014,3757.028732,LLLG
394.4642655,-260.5592512,-133.8964505,-887.4481595,-2836.117055,3723.527669,LLLG
396.5671073,-250.8476925,-145.710851,-768.0512412,-2918.338219,3686.351915,LLLG
398.2785379,-240.8885365,-157.3814376,-647.8963401,-2997.679366,3645.538161,LLLG
399.5968685,-230.6916117,-168.896693,-527.1020326,-3074.062194,3601.126682,LLLG
400.5207979,-220.2669813,-180.2452528,-405.7875299,-3147.411323,3553.161308,LLLG
401.0494144,-209.624933,-191.4159175,-284.0725531,-3217.654366,3501.689375,LLLG
401.1821963,-198.7759694,-202.397663,-162.0772219,-3284.722003,3446.761681,LLLG
400.9190125,-187.7307971,-213.1796516,-39.92192913,-3348.548045,3388.432429,LLLG
400.2601228,-176.5003162,-223.7512428,82.27277084,-3409.069503,3326.759188,LLLG
399.2061774,-165.09561,-234.1020036,204.3862884,-3466.226651,3261.802818,LLLG
397.7582165,-153.5279334,-244.2217193,326.2981104,-3519.963081,3193.627426,LLLG
395.9176689,-141.8087025,-254.1004027,447.8879265,-3570.225761,3122.30029,LLLG
393.6863512,-129.9494826,-263.7283049,569.0357403,-3616.96509,3047.891805,LLLG
391.0664653,-117.9619774,-273.0959242,689.6219954,-3660.134939,2970.475399,LLLG
388.0605968,-105.858017,-282.194016,809.527686,-3699.692707,2890.127477,LLLG
384.671712,-93.64954674,-291.0136015,928.6344814,-3735.599353,2806.927328,LLLG
380.9031555,-81.34861477,-299.545977,1046.824836,-3767.819444,2720.957065,LLLG
376.7586462,-68.96736068,-307.7827218,1163.982111,-3796.321181,2632.301526,LLLG
372.2422744,-56.51800325,-315.7157075,1279.990686,-3821.076437,2541.048207,LLLG
367.3584972,-44.0128285,-323.337105,1394.736075,-3842.060781,2447.287161,LLLG
362.1121342,-31.46417753,-330.639393,1508.105038,-3859.253504,2351.110923,LLLG
356.508363,-18.88443434,-337.615365,1619.985693,-3872.637639,2252.614402,LLLG
350.5527139,-6.286013615,-344.2581365,1730.267628,-3882.199978,2151.894807,LLLG
344.2510642,6.318651515,-350.561152,1838.842007,-3887.931083,2049.051532,LLLG
337.6096331,18.91712178,-356.5181912,1945.601682,-3889.825299,1944.186074,LLLG
330.6349747,31.496964,-362.1233751,2050.441292,-3887.880757,1837.40192,LLLG
323.3339723,44.0457634,-367.3711721,2153.257374,-3882.099375,1728.804456,LLLG
315.7138311,56.55113581,-372.2564032,2253.948462,-3872.486858,1618.500852,LLLG
307.7820711,69.00073997,-376.7742475,2352.415184,-3859.052695,1506.599967,LLLG
299.5465202,81.38228959,-380.9202461,2448.560367,-3841.810141,1393.21223,LLLG
291.0153057,93.6835656,-384.6903077,2542.289126,-3820.776214,1278.449544,LLLG
282.196847,105.8924281,-388.0807115,2633.508963,-3795.971671,1162.425164,LLLG
273.0998469,117.9968285,-391.0881117,2722.129854,-3767.420992,1045.253595,LLLG
263.7332828,129.984821,-393.7095403,2808.064342,-3735.152352,927.0504668,LLLG
254.1063987,141.8445752,-395.9424103,2891.227618,-3699.197598,807.9324359,LLLG
244.2286949,153.5643867,-397.784518,2971.537613,-3659.592211,688.017054,LLLG
234.1099196,165.1326897,-399.2340457,3048.915069,-3616.375278,567.4226661,LLLG
223.7600589,176.5380674,-400.2895627,3123.283624,-3569.589448,446.2682813,LLLG
213.1893267,187.7692643,-400.9500274,3194.569884,-3519.280895,324.6734675,LLLG
202.4081551,198.8151964,-401.214788,3262.7035,-3465.499264,202.7582209,LLLG
191.4271839,209.6649629,-401.0835832,3327.617231,-3408.297635,80.64286016,LLLG
180.2572499,220.3078562,-400.5565425,3389.247016,-3347.732455,-41.55210451,LLLG
168.9093765,230.7333731,-399.634186,3447.532033,-3283.863498,-163.7060785,LLLG
157.3947626,240.9312249,-398.317424,3502.414763,-3216.753793,-285.6985135,LLLG
145.7247719,250.8913476,-396.607556,3553.841041,-3146.46957,-407.4090149,LLLG
133.9109212,260.6039116,-394.5062693,3601.760119,-3073.08019,-528.7174719,LLLG
121.9648693,270.059332,-392.0156377,3646.124703,-2996.658081,-649.5041648,LLLG
109.8984055,279.2482772,-389.1381192,3686.891012,-2917.278661,-769.6498947,LLLG
97.72343801,288.161679,-385.8765535,3724.018815,-2835.020269,-889.0360894,LLLG
85.45198202,296.7907409,-382.2341594,3757.471472,-2749.964083,-1007.544932,LLLG
73.096148,305.1269471,-378.2145316,3787.215967,-2662.194044,-1125.059465,LLLG
60.66812963,313.1620706,-373.8216367,3813.222947,-2571.79677,-1241.46372,LLLG
48.18019189,320.8881819,-369.0598103,3835.466747,-2478.861473,-1356.642817,LLLG
35.64465885,328.2976561,-363.9337515,3853.925414,-2383.479868,-1470.483089,LLLG
23.07390159,335.3831811,-358.4485192,3868.580732,-2285.746086,-1582.872189,LLLG
10.48032591,342.1377642,-352.6095267,3879.418238,-2185.756577,-1693.699204,LLLG
-2.123639845,348.5547396,-346.4225363,3886.427236,-2083.61002,-1802.854759,LLLG
-14.72555709,354.6277743,-339.8936538,3889.600811,-1979.40722,-1910.231133,LLLG
-27.31298924,360.3508752,-333.0293225,3888.935828,-1873.251014,-2015.722356,LLLG
-39.87351403,365.7183941,-325.8363166,3884.432945,-1765.246165,-2119.224323,LLLG
-52.39473573,370.725034,-318.3217348,3876.096606,-1655.49926,-2220.634888,LLLG
-64.86429742,375.3658539,-310.4929931,3863.935038,-1544.118607,-2319.853974,LLLG
-77.26989312,379.6362739,-302.3578174,3847.960242,-1431.214124,-2416.78366,LLLG
-89.59928005,383.5320796,-293.9242362,3828.187984,-1316.897235,-2511.328292,LLLG
-101.8402905,387.0494264,-285.2005724,3804.637776,-1201.280757,-2603.394562,LLLG
-113.9808442,390.1848429,-276.1954353,3777.332861,-1084.478789,-2692.891615,LLLG
-126.0089599,392.935235,-266.9177118,3746.300184,-966.6066009,-2779.731125,LLLG
-137.9127671,395.2978883,-257.3765578,3711.570371,-847.7805176,-2863.827396,LLLG
-149.6805184,397.2704712,-247.5813895,3673.177696,-728.1178072,-2945.097431,LLLG
-161.3006003,398.851037,-237.5418734,3631.160048,-607.7365612,-3023.461029,LLLG
-172.7615452,400.0380259,-227.2679173,3585.558893,-486.7555825,-3098.840853,LLLG
-184.0520427,400.8302664,-216.7696604,3536.419235,-365.2942635,-3171.162514,LLLG
-195.1609502,401.2269766,-206.0574631,3483.789568,-243.4724731,-3240.354637,LLLG
-206.0773047,401.2277652,-195.1418972,3427.721831,-121.4104335,-3306.34894,LLLG
-216.790333,400.8326313,-184.0337349,3368.271356,0.771393653,-3369.080292,LLLG
-227.2894628,400.0419648,-172.7439388,3305.496815,122.9524308,-3428.486788,LLLG
-237.5643325,398.8565461,-161.2836504,3239.460157,245.0120988,-3484.509798,LLLG
-247.6048021,397.277545,-149.6641796,3170.226553,366.8299408,-3537.094036,LLLG
-257.400963,395.3065199,-137.8969936,3097.864328,488.2857359,-3586.187606,LLLG
-266.9431475,392.9454157,-125.993705,3022.444895,609.2596233,-3631.742061,LLLG
-276.2219385,390.1965628,-113.966061,2944.042684,729.6322151,-3673.712441,LLLG
-285.2281791,387.0626739,-101.8259314,2862.735068,849.2847192,-3712.057329,LLLG
-293.9529812,383.5468416,-89.58529714,2778.602288,968.0990519,-3746.738882,LLLG
-302.3877345,379.6525359,-77.25623812,2691.727373,1085.957959,-3777.722874,LLLG
-310.5241148,375.3835998,-64.85092171,2602.196058,1202.745127,-3804.978727,LLLG
-318.3540926,370.7442463,-52.38159041,2510.0967,1318.345302,-3828.479544,LLLG
-325.8699406,365.7390538,-39.86054999,2415.520189,1432.644399,-3848.20213,LLLG
-333.0642415,360.3729619,-27.30015717,2318.559862,1545.529621,-3864.127024,LLLG
-339.9298955,354.6512663,-14.71280756,2219.311405,1656.889561,-3876.238508,LLLG
-346.460127,348.5796136,-2.110923343,2117.872767,1766.614323,-3884.524632,LLLG
-352.6484915,342.1639958,10.49305892,2014.344054,1874.59562,-3888.977215,LLLG
-358.4888817,335.4107443,23.08670066,1908.827436,1980.726888,-3889.591866,LLLG
-363.9755339,328.3265237,35.65757343,1801.427046,2084.903388,-3886.367976,LLLG
-369.1030335,320.9183254,48.19327133,1692.248875,2187.022312,-3879.308729,LLLG
-373.8663202,313.1934603,60.68142311,1581.400668,2286.982879,-3868.421089,LLLG
-378.2606933,305.159552,73.1097045,1468.991821,2384.686441,-3853.715803,LLLG
-382.281816,296.8245289,85.46585026,1355.133265,2480.036576,-3835.207382,LLLG
-385.9257199,288.1966167,97.73766639,1239.937367,2572.939185,-3812.914093,LLLG
-389.188809,279.2843301,109.9130421,1123.51781,2663.302584,-3786.857935,LLLG
-392.067863,270.0964644,121.9799617,1005.989487,2751.037596,-3757.064624,LLLG
-394.5600406,260.6420871,133.9265167,887.4683826,2836.057636,-3723.56356,LLLG
-396.6628823,250.9305283,145.7409172,768.0714653,2918.278801,-3686.387807,LLLG
-398.3743129,240.9713723,157.4115038,647.9165633,2997.619947,-3645.574051,LLLG
-399.6926435,230.7744475,168.9267591,527.1222566,3074.002775,-3601.162573,LLLG
-400.6165729,220.349817,180.275319,405.8077532,3147.351904,-3553.197199,LLLG
-401.1451894,209.7077688,191.4459837,284.0927772,3217.594948,-3501.725267,LLLG
-401.2779712,198.8588052,202.4277291,162.0974451,3284.662584,-3446.797571,LLLG
-401.0147874,187.8136328,213.2097177,39.94215322,3348.488627,-3388.468321,LLLG
-400.3558977,176.5831519,223.7813089,-82.25254755,3409.010085,-3326.795078,LLLG
-399.3019523,165.1784457,234.1320697,-204.3660642,3466.167233,-3261.83871,LLLG
-397.8539914,153.6107691,244.2517853,-326.2778871,3519.903662,-3193.663316,LLLG
-396.0134439,141.8915382,254.1304688,-447.8677023,3570.166343,-3122.336182,LLLG
-393.7821261,130.0323182,263.7583709,-569.015517,3616.905671,-3047.927695,LLLG
-391.1622402,118.044813,273.1259903,-689.6017713,3660.075521,-2970.511291,LLLG
-388.1563717,105.9408526,282.2240821,-809.5074626,3699.633288,-2890.163367,LLLG
-384.7674869,93.73238234,291.0436676,-928.6142572,3735.539936,-2806.963219,LLLG
-380.9989303,81.43145037,299.576043,-1046.804612,3767.760026,-2720.992954,LLLG
-376.8544211,69.05019625,307.8127879,-1163.961887,3796.261763,-2632.337417,LLLG
-372.3380493,56.60083881,315.7457735,-1279.970462,3821.017019,-2541.084097,LLLG
-367.454272,44.09566404,323.367171,-1394.715851,3842.001363,-2447.323053,LLLG
-362.207909,31.54701306,330.669459,-1508.084814,3859.194086,-2351.146812,LLLG
-356.6041378,18.96726985,337.645431,-1619.965469,3872.578221,-2252.650293,LLLG
-350.6484887,6.368849113,344.2882025,-1730.247404,3882.14056,-2151.930696,LLLG
-344.346839,-6.23581604,350.591218,-1838.821783,3887.871665,-2049.087423,LLLG
-337.7054079,-18.83428632,356.5482572,-1945.581458,3889.765881,-1944.221964,LLLG
-330.7307495,-31.41412856,362.153441,-2050.421068,3887.821339,-1837.437811,LLLG
-323.4297471,-43.96292797,367.401238,-2153.237151,3882.039956,-1728.840346,LLLG
-315.8096058,-56.4683004,372.2864692,-2253.928238,3872.427441,-1618.536743,LLLG
-307.8778459,-68.91790457,376.8043134,-2352.394961,3858.993276,-1506.635856,LLLG
-299.6422949,-81.29945421,380.9503121,-2448.540143,3841.750723,-1393.248121,LLLG
-291.1110804,-93.60073023,384.7203736,-2542.268902,3820.716796,-1278.485434,LLLG
-282.2926217,-105.8095928,388.1107774,-2633.488738,3795.912253,-1162.461055,LLLG
-273.1956215,-117.9139931,391.1181776,-2722.10963,3767.361574,-1045.289484,LLLG
-263.8290575,-129.9019857,393.7396062,-2808.044117,3735.092935,-927.0863576,LLLG
-254.2021733,-141.7617399,395.9724761,-2891.207395,3699.13818,-807.9683253,LLLG
-244.3244696,-153.4815515,397.8145839,-2971.517389,3659.532794,-688.0529448,LLLG
-234.2056943,-165.0498544,399.2641116,-3048.894845,3616.31586,-567.4585555,LLLG
-223.8558335,-176.4552322,400.3196286,-3123.263399,3569.530031,-446.3041721,LLLG
-213.2851013,-187.6864291,400.9800933,-3194.54966,3519.221477,-324.7093568,LLLG
-202.5039298,-198.7323612,401.2448539,-3262.683276,3465.439847,-202.7941116,LLLG
-191.5229585,-209.5821277,401.1136491,-3327.597007,3408.238217,-80.67874944,LLLG
-180.3530245,-220.225021,400.5866083,-3389.226792,3347.673038,41.51621387,LLLG
-169.0051511,-230.6505379,399.6642518,-3447.511809,3283.80408,163.6701893,LLLG
-157.4905372,-240.8483898,398.3474898,-3502.394538,3216.694376,285.6626229,LLLG
-145.8205465,-250.8085124,396.6376218,-3553.820818,3146.410152,407.3731257,LLLG
-134.0066957,-260.5210765,394.5363351,-3601.739894,3073.020773,528.6815813,LLLG
-122.0606438,-269.9764969,392.0457035,-3646.104479,2996.598663,649.4682757,LLLG
-109.99418,-279.1654422,389.168185,-3686.870788,2917.219244,769.6140042,LLLG
-97.81921253,-288.078844,385.9066193,-3723.998591,2834.960851,889.0002003,LLLG
-85.54775654,-296.7079059,382.2642252,-3757.451247,2749.904666,1007.509041,LLLG
-73.1919225,-305.044112,378.2445973,-3787.195743,2662.134627,1125.023576,LLLG
-60.76390413,-313.0792356,373.8517025,-3813.202723,2571.737353,1241.42783,LLLG
-48.27596637,-320.8053469,369.089876,-3835.446523,2478.802056,1356.606928,LLLG
-35.74043333,-328.2148211,363.9638172,-3853.90519,2383.420451,1470.447199,LLLG
-23.16967605,-335.3003461,358.4785849,-3868.560508,2285.686668,1582.8363,LLLG
-10.57610036,-342.0549293,352.6395924,-3879.398013,2185.69716,1693.663314,LLLG
2.027865409,-348.4719046,346.452602,-3886.407012,2083.550603,1802.81887,LLLG
14.62978265,-354.5449394,339.9237195,-3889.580586,1979.347803,1910.195243,LLLG
27.21721482,-360.2680403,333.0593882,-3888.915604,1873.191597,2015.686467,LLLG
39.77773962,-365.6355592,325.8663823,-3884.412721,1765.186748,2119.188433,LLLG
52.29896133,-370.6421991,318.3518005,-3876.076382,1655.439843,2220.599,LLLG
64.76852302,-375.2830191,310.5230587,-3863.914813,1544.05919,2319.818084,LLLG
77.17411875,-379.5534391,302.387883,-3847.940018,1431.154707,2416.747771,LLLG
89.50350567,-383.4492448,293.9543018,-3828.167759,1316.837818,2511.292402,LLLG
101.7445162,-386.9665916,285.230638,-3804.617552,1201.22134,2603.358673,LLLG
113.8850699,-390.1020081,276.2255009,-3777.312636,1084.419372,2692.855725,LLLG
125.9131855,-392.8524002,266.9477774,-3746.279959,966.5471838,2779.695237,LLLG
137.8169928,-395.2150536,257.4066235,-3711.550146,847.7211011,2863.791506,LLLG
149.584744,-397.1876365,247.6114551,-3673.157471,728.0583902,2945.061542,LLLG
161.204826,-398.7682023,237.571939,-3631.139823,607.6771448,3023.425139,LLLG
172.6657709,-399.9551912,227.2979829,-3585.538669,486.6961656,3098.804964,LLLG
183.9562684,-400.7474317,216.7997259,-3536.39901,365.2348472,3171.126624,LLLG
195.0651759,-401.144142,206.0875287,-3483.769343,243.4130563,3240.318748,LLLG
205.9815304,-401.1449306,195.1719628,-3427.701606,121.3510172,3306.31305,LLLG
216.6945588,-400.7497967,184.0638005,-3368.251132,-0.830810443,3369.044404,LLLG
227.1936885,-399.9591302,172.7740043,-3305.47659,-123.011847,3428.450898,LLLG
237.4685582,-398.7737115,161.3137159,-3239.439932,-245.0715156,3484.473909,LLLG
247.5090279,-397.1947105,149.6942451,-3170.206328,-366.8893569,3537.058146,LLLG
257.3051888,-395.2236853,137.9270591,-3097.844103,-488.3451526,3586.151717,LLLG
266.8473733,-392.8625812,126.0237705,-3022.42467,-609.3190394,3631.706171,LLLG
276.1261643,-390.1137283,113.9961265,-2944.022459,-729.6916317,3673.676552,LLLG
285.132405,-386.9798393,101.8559969,-2862.714843,-849.3441352,3712.02144,LLLG
293.8572071,-383.4640071,89.61536262,-2778.582063,-968.1584685,3746.702993,LLLG
302.2919603,-379.5697014,77.28630361,-2691.707148,-1086.017375,3777.686985,LLLG
310.4283407,-375.3007653,64.88098717,-2602.175833,-1202.804543,3804.942838,LLLG
318.2583185,-370.6614118,52.41165588,-2510.076475,-1318.404718,3828.443654,LLLG
325.7741664,-365.6562194,39.89061544,-2415.499965,-1432.703815,3848.166242,LLLG
332.9684674,-360.2901275,27.33022262,-2318.539637,-1545.589036,3864.091135,LLLG
339.8341214,-354.5684319,14.74287299,-2219.291181,-1656.948977,3876.20262,LLLG
346.3643529,-348.4967792,2.140988782,-2117.852542,-1766.673739,3884.488742,LLLG
352.5527174,-342.0811614,-10.46299351,-2014.323829,-1874.655036,3888.941327,LLLG
358.3931076,-335.3279099,-23.05663524,-1908.807211,-1980.786304,3889.555977,LLLG
363.8797599,-328.2436894,-35.62750803,-1801.406821,-2084.962805,3886.332088,LLLG
369.0072595,-320.8354911,-48.16320592,-1692.22865,-2187.081728,3879.27284,LLLG
373.7705462,-313.110626,-60.65135772,-1581.380444,-2287.042295,3868.385201,LLLG
378.1649193,-305.0767177,-73.07963911,-1468.971596,-2384.745857,3853.679914,LLLG
382.1860419,-296.7416946,-85.43578489,-1355.11304,-2480.095992,3835.171494,LLLG
385.8299459,-288.1137824,-97.70760102,-1239.917142,-2572.9986,3812.878204,LLLG
389.093035,-279.2014958,-109.8829767,-1123.497585,-2663.362,3786.822047,LLLG
391.972089,-270.0136302,-121.9498963,-1005.969261,-2751.097011,3757.028734,LLLG
394.4642666,-260.5592529,-133.8964513,-887.4481579,-2836.117052,3723.527672,LLLG
396.5671084,-250.8476941,-145.7108518,-768.0512398,-2918.338216,3686.351918,LLLG
398.278539,-240.8885381,-157.3814385,-647.8963385,-2997.679363,3645.538164,LLLG
399.5968695,-230.6916133,-168.8966938,-527.1020311,-3074.062191,3601.126684,LLLG
400.520799,-220.2669829,-180.2452537,-405.7875284,-3147.41132,3553.161311,LLLG
401.0494154,-209.6249347,-191.4159184,-284.0725517,-3217.654364,3501.689378,LLLG
401.1821973,-198.7759711,-202.3976639,-162.0772203,-3284.722,3446.761683,LLLG
400.9190135,-187.7307987,-213.1796524,-39.92192768,-3348.548042,3388.432432,LLLG
400.2601238,-176.5003179,-223.7512436,82.2727724,-3409.069501,3326.759191,LLLG
399.2061785,-165.0956116,-234.1020045,204.3862898,-3466.226648,3261.802821,LLLG
397.7582175,-153.5279351,-244.2217201,326.298112,-3519.963078,3193.627429,LLLG
395.91767,-141.8087041,-254.1004035,447.8879279,-3570.225758,3122.300293,LLLG
393.6863523,-129.9494842,-263.7283057,569.0357419,-3616.965087,3047.891807,LLLG
391.0664664,-117.961979,-273.095925,689.6219969,-3660.134936,2970.475402,LLLG
388.0605978,-105.8580187,-282.1940168,809.5276876,-3699.692704,2890.127479,LLLG
384.6717131,-93.64954838,-291.0136024,928.6344828,-3735.599351,2806.92733,LLLG
380.9031565,-81.34861642,-299.5459778,1046.824837,-3767.819441,2720.957067,LLLG
376.7586473,-68.96736233,-307.7827227,1163.982113,-3796.321178,2632.301528,LLLG
372.2422755,-56.5180049,-315.7157083,1279.990687,-3821.076434,2541.04821,LLLG
367.3584983,-44.01283015,-323.3371058,1394.736077,-3842.060778,2447.287164,LLLG
362.1121353,-31.46417918,-330.6393938,1508.105039,-3859.253501,2351.110925,LLLG
356.5083641,-18.88443599,-337.6153658,1619.985695,-3872.637636,2252.614405,LLLG
350.5527149,-6.286015264,-344.2581374,1730.267629,-3882.199975,2151.894809,LLLG
344.2510653,6.318649867,-350.5611529,1838.842009,-3887.93108,2049.051534,LLLG
337.6096342,18.91712013,-356.518192,1945.601683,-3889.825296,1944.186076,LLLG
330.6349758,31.49696235,-362.1233759,2050.441294,-3887.880754,1837.401923,LLLG
323.3339734,44.04576175,-367.3711729,2153.257376,-3882.099372,1728.804459,LLLG
315.7138322,56.55113416,-372.2564041,2253.948464,-3872.486855,1618.500855,LLLG
307.7820722,69.00073832,-376.7742483,2352.415186,-3859.052692,1506.599969,LLLG
299.5465212,81.38228794,-380.920247,2448.560369,-3841.810138,1393.212232,LLLG
291.0153068,93.68356395,-384.6903085,2542.289127,-3820.776211,1278.449547,LLLG
282.1968481,105.8924265,-388.0807123,2633.508964,-3795.971668,1162.425167,LLLG
273.0998479,117.9968268,-391.0881125,2722.129855,-3767.420989,1045.253597,LLLG
263.7332839,129.9848194,-393.7095411,2808.064343,-3735.152349,927.0504694,LLLG
254.1063997,141.8445735,-395.9424111,2891.22762,-3699.197595,807.9324383,LLLG
244.228696,153.5643851,-397.7845189,2971.537615,-3659.592208,688.0170566,LLLG
234.1099207,165.132688,-399.2340465,3048.91507,-3616.375275,567.4226685,LLLG
223.7600599,176.5380658,-400.2895635,3123.283625,-3569.589446,446.2682839,LLLG
213.1893278,187.7692626,-400.9500283,3194.569885,-3519.280892,324.6734699,LLLG
202.4081562,198.8151948,-401.2147888,3262.703502,-3465.499261,202.7582235,LLLG
191.427185,209.6649612,-401.0835841,3327.617233,-3408.297632,80.64286257,LLLG
180.2572509,220.3078545,-400.5565434,3389.247018,-3347.732452,-41.55210192,LLLG
168.9093775,230.7333715,-399.6341869,3447.532035,-3283.863495,-163.7060761,LLLG
157.3947637,240.9312233,-398.3174249,3502.414764,-3216.75379,-285.6985109,LLLG
145.724773,250.8913459,-396.6075568,3553.841043,-3146.469567,-407.4090125,LLLG
133.9109222,260.60391,-394.5062701,3601.76012,-3073.080187,-528.7174693,LLLG
121.9648703,270.0593303,-392.0156386,3646.124704,-2996.658078,-649.5041624,LLLG
109.8984066,279.2482756,-389.1381201,3686.891014,-2917.278658,-769.6498921,LLLG
97.72343907,288.1616774,-385.8765544,3724.018817,-2835.020266,-889.0360869,LLLG
85.45198309,296.7907393,-382.2341603,3757.471473,-2749.96408,-1007.544929,LLLG
73.09614906,305.1269454,-378.2145324,3787.215968,-2662.194041,-1125.059463,LLLG
60.66813069,313.162069,-373.8216376,3813.222949,-2571.796767,-1241.463718,LLLG
48.18019295,320.8881802,-369.0598111,3835.466748,-2478.86147,-1356.642814,LLLG
35.64465992,328.2976545,-363.9337523,3853.925416,-2383.479865,-1470.483087,LLLG
23.07390265,335.3831794,-358.4485201,3868.580734,-2285.746083,-1582.872187,LLLG
10.48032697,342.1377626,-352.6095275,3879.41824,-2185.756574,-1693.699202,LLLG
-2.123638783,348.5547379,-346.4225371,3886.427238,-2083.610017,-1802.854757,LLLG
-14.72555603,354.6277727,-339.8936547,3889.600812,-1979.407217,-1910.231131,LLLG
-27.31298818,360.3508735,-333.0293234,3888.935829,-1873.251011,-2015.722354,LLLG
-39.87351297,365.7183925,-325.8363175,3884.432947,-1765.246162,-2119.224321,LLLG
-52.39473467,370.7250323,-318.3217357,3876.096608,-1655.499257,-2220.634886,LLLG
-64.86429635,375.3658523,-310.4929939,3863.935039,-1544.118604,-2319.853971,LLLG
-77.26989206,379.6362723,-302.3578182,3847.960243,-1431.214121,-2416.783658,LLLG
-89.59927898,383.532078,-293.924237,3828.187986,-1316.897232,-2511.328289,LLLG
-101.8402895,387.0494247,-285.2005733,3804.637778,-1201.280754,-2603.394559,LLLG
-113.9808432,390.1848413,-276.1954361,3777.332863,-1084.478786,-2692.891612,LLLG
-126.0089588,392.9352333,-266.9177126,3746.300185,-966.6065979,-2779.731123,LLLG
-137.912766,395.2978867,-257.3765587,3711.570372,-847.7805147,-2863.827393,LLLG
-149.6805173,397.2704696,-247.5813904,3673.177697,-728.1178043,-2945.097428,LLLG
-161.3005992,398.8510354,-237.5418742,3631.16005,-607.7365583,-3023.461027,LLLG
-172.7615442,400.0380242,-227.2679181,3585.558895,-486.7555795,-3098.840851,LLLG
-184.0520416,400.8302647,-216.7696612,3536.419237,-365.2942606,-3171.162512,LLLG
-195.1609491,401.226975,-206.057464,3483.789569,-243.4724702,-3240.354635,LLLG
-206.0773036,401.2277636,-195.141898,3427.721833,-121.4104306,-3306.348938,LLLG
-216.790332,400.8326296,-184.0337358,3368.271358,0.771396599,-3369.08029,LLLG
-227.2894617,400.0419632,-172.7439396,3305.496817,122.9524337,-3428.486786,LLLG
-237.5643314,398.8565445,-161.2836512,3239.460158,245.0121018,-3484.509795,LLLG
-247.6048011,397.2775434,-149.6641805,3170.226555,366.8299436,-3537.094033,LLLG
-257.4009619,395.3065182,-137.8969944,3097.864329,488.2857389,-3586.187603,LLLG
-266.9431464,392.9454141,-125.9937058,3022.444897,609.2596262,-3631.742058,LLLG
-276.2219375,390.1965612,-113.9660619,2944.042685,729.632218,-3673.712438,LLLG
-285.2281781,387.0626722,-101.8259323,2862.735069,849.2847221,-3712.057327,LLLG
-293.9529802,383.54684,-89.58529799,2778.602289,968.0990549,-3746.738879,LLLG
-302.3877334,379.6525342,-77.25623898,2691.727375,1085.957962,-3777.722872,LLLG
-310.5241138,375.3835981,-64.85092256,2602.196059,1202.74513,-3804.978724,LLLG
-318.3540915,370.7442446,-52.38159126,2510.096702,1318.345305,-3828.479541,LLLG
-325.8699395,365.7390521,-39.86055084,2415.520191,1432.644402,-3848.202127,LLLG
-333.0642405,360.3729603,-27.30015802,2318.559863,1545.529623,-3864.127022,LLLG
-339.9298945,354.6512647,-14.71280841,2219.311407,1656.889564,-3876.238506,LLLG
-346.460126,348.579612,-2.110924196,2117.872769,1766.614326,-3884.524629,LLLG
-352.6484904,342.1639941,10.49305807,2014.344055,1874.595623,-3888.977212,LLLG
-358.4888806,335.4107426,23.0866998,1908.827438,1980.726891,-3889.591863,LLLG
-363.9755329,328.3265221,35.65757257,1801.427047,2084.903391,-3886.367973,LLLG
-369.1030325,320.9183237,48.19327047,1692.248877,2187.022315,-3879.308726,LLLG
-373.8663192,313.1934587,60.68142225,1581.40067,2286.982882,-3868.421086,LLLG
-378.2606922,305.1595503,73.10970364,1468.991822,2384.686444,-3853.715801,LLLG
-382.2818149,296.8245272,85.46584941,1355.133267,2480.036578,-3835.20738,LLLG
-385.9257188,288.196615,97.73766554,1239.937368,2572.939188,-3812.91409,LLLG
-389.1888079,279.2843284,109.9130412,1123.517811,2663.302586,-3786.857932,LLLG
-392.0678619,270.0964628,121.9799608,1005.989488,2751.037598,-3757.064621,LLLG
-394.5600395,260.6420854,133.9265158,887.4683842,2836.057639,-3723.563557,LLLG
-396.6628813,250.9305267,145.7409163,768.0714667,2918.278804,-3686.387805,LLLG
-398.3743119,240.9713706,157.4115029,647.9165648,2997.61995,-3645.574049,LLLG
-399.6926424,230.7744458,168.9267583,527.122258,3074.002778,-3601.162571,LLLG
-400.6165718,220.3498154,180.2753181,405.8077547,3147.351907,-3553.197196,LLLG
-401.1451883,209.7077672,191.4459828,284.0927786,3217.594951,-3501.725264,LLLG
-401.2779702,198.8588035,202.4277283,162.0974466,3284.662587,-3446.797568,LLLG
-401.0147864,187.8136312,213.2097169,39.94215464,3348.488629,-3388.468318,LLLG
-400.3558967,176.5831503,223.781308,-82.25254603,3409.010088,-3326.795076,LLLG
-399.3019513,165.178444,234.1320689,-204.3660628,3466.167236,-3261.838707,LLLG
-397.8539903,153.6107675,244.2517845,-326.2778856,3519.903665,-3193.663314,LLLG
-396.0134428,141.8915365,254.1304679,-447.8677009,3570.166346,-3122.336179,LLLG
-393.7821251,130.0323166,263.7583701,-569.0155154,3616.905674,-3047.927693,LLLG
-391.1622392,118.0448113,273.1259894,-689.6017698,3660.075524,-2970.511288,LLLG
-388.1563706,105.940851,282.2240812,-809.5074611,3699.633291,-2890.163364,LLLG
-384.7674858,93.73238069,291.0436667,-928.6142557,3735.539938,-2806.963217,LLLG
-380.9989293,81.43144871,299.5760421,-1046.804611,3767.760029,-2720.992952,LLLG
-376.85442,69.0501946,307.812787,-1163.961886,3796.261766,-2632.337415,LLLG
-372.3380482,56.60083716,315.7457726,-1279.970461,3821.017022,-2541.084095,LLLG
-367.454271,44.09566239,323.3671702,-1394.71585,3842.001366,-2447.32305,LLLG
-362.207908,31.5470114,330.6694581,-1508.084813,3859.194089,-2351.14681,LLLG
-356.6041368,18.96726819,337.6454301,-1619.965467,3872.578224,-2252.650291,LLLG
-350.6484876,6.368847458,344.2882017,-1730.247402,3882.140563,-2151.930694,LLLG
-344.346838,-6.235817695,350.5912172,-1838.821782,3887.871668,-2049.08742,LLLG
-337.7054068,-18.83428797,356.5482563,-1945.581456,3889.765884,-1944.221961,LLLG
-330.7307485,-31.41413021,362.1534402,-2050.421067,3887.821342,-1837.437809,LLLG
-323.429746,-43.96292962,367.4012372,-2153.237149,3882.039959,-1728.840344,LLLG
-315.8096048,-56.46830206,372.2864683,-2253.928236,3872.427443,-1618.53674,LLLG
-307.8778448,-68.91790622,376.8043125,-2352.394959,3858.993279,-1506.635854,LLLG
-299.6422939,-81.29945587,380.9503112,-2448.540141,3841.750726,-1393.248118,LLLG
-291.1110794,-93.60073189,384.7203727,-2542.268901,3820.716799,-1278.485431,LLLG
-282.2926207,-105.8095944,388.1107766,-2633.488737,3795.912256,-1162.461052,LLLG
-273.1956205,-117.9139948,391.1181767,-2722.109628,3767.361577,-1045.289482,LLLG
-263.8290565,-129.9019874,393.7396053,-2808.044116,3735.092938,-927.0863551,LLLG
-254.2021723,-141.7617415,395.9724753,-2891.207393,3699.138183,-807.9683229,LLLG
-244.3244685,-153.4815531,397.8145831,-2971.517387,3659.532796,-688.0529422,LLLG
-234.2056932,-165.049856,399.2641107,-3048.894843,3616.315863,-567.4585531,LLLG
-223.8558325,-176.4552338,400.3196277,-3123.263398,3569.530034,-446.3041695,LLLG
-213.2851003,-187.6864307,400.9800924,-3194.549659,3519.22148,-324.7093544,LLLG
-202.5039287,-198.7323629,401.244853,-3262.683274,3465.43985,-202.794109,LLLG
-191.5229575,-209.5821293,401.1136482,-3327.597006,3408.23822,-80.67874705,LLLG
-180.3530234,-220.2250227,400.5866075,-3389.22679,3347.673041,41.51621642,LLLG
-169.00515,-230.6505396,399.664251,-3447.511808,3283.804083,163.6701917,LLLG
-157.4905362,-240.8483914,398.347489,-3502.394537,3216.694378,285.6626255,LLLG
-145.8205454,-250.8085141,396.6376209,-3553.820816,3146.410155,407.3731281,LLLG
-134.0066947,-260.5210782,394.5363342,-3601.739893,3073.020776,528.6815839,LLLG
-122.0606428,-269.9764985,392.0457027,-3646.104477,2996.598666,649.4682781,LLLG
-109.994179,-279.1654438,389.1681842,-3686.870786,2917.219247,769.6140068,LLLG
-97.81921147,-288.0788456,385.9066185,-3723.99859,2834.960854,889.0002027,LLLG
-85.54775548,-296.7079075,382.2642244,-3757.451245,2749.904669,1007.509044,LLLG
-73.19192144,-305.0441137,378.2445965,-3787.195741,2662.13463,1125.023579,LLLG
-60.76390307,-313.0792372,373.8517016,-3813.202721,2571.737356,1241.427832,LLLG
-48.27596532,-320.8053485,369.0898752,-3835.446521,2478.802059,1356.60693,LLLG
-35.74043227,-328.2148228,363.9638164,-3853.905188,2383.420454,1470.447202,LLLG
-23.16967499,-335.3003478,358.4785841,-3868.560506,2285.686671,1582.836303,LLLG
-10.57609931,-342.0549309,352.6395915,-3879.398012,2185.697163,1693.663317,LLLG
2.027866465,-348.4719063,346.4526011,-3886.407011,2083.550605,1802.818873,LLLG
14.62978371,-354.5449411,339.9237187,-3889.580584,1979.347806,1910.195246,LLLG
27.21721588,-360.2680419,333.0593873,-3888.915602,1873.1916,2015.68647,LLLG
39.77774067,-365.6355609,325.8663815,-3884.412719,1765.186751,2119.188436,LLLG
52.29896239,-370.6422008,318.3517997,-3876.07638,1655.439846,2220.599002,LLLG
64.76852408,-375.2830207,310.5230579,-3863.914812,1544.059193,2319.818086,LLLG
77.17411981,-379.5534407,302.3878822,-3847.940016,1431.15471,2416.747774,LLLG
89.50350673,-383.4492465,293.954301,-3828.167758,1316.837821,2511.292404,LLLG
101.7445172,-386.9665932,285.2306372,-3804.617551,1201.221343,2603.358675,LLLG
113.8850709,-390.1020098,276.2255001,-3777.312635,1084.419375,2692.855727,LLLG
125.9131866,-392.8524019,266.9477765,-3746.279958,966.5471867,2779.695239,LLLG
137.8169938,-395.2150552,257.4066226,-3711.550145,847.721104,2863.791508,LLLG
149.5847451,-397.1876382,247.6114543,-3673.15747,728.0583932,2945.061545,LLLG
161.204827,-398.768204,237.5719381,-3631.139822,607.6771477,3023.425142,LLLG
172.665772,-399.9551928,227.297982,-3585.538667,486.6961685,3098.804967,LLLG
183.9562694,-400.7474333,216.7997251,-3536.399009,365.23485,3171.126627,LLLG
195.065177,-401.1441436,206.0875278,-3483.769342,243.4130592,3240.318751,LLLG
205.9815315,-401.1449322,195.1719619,-3427.701605,121.3510201,3306.313053,LLLG
216.6945598,-400.7497983,184.0637996,-3368.251131,-0.830807524,3369.044406,LLLG
227.1936896,-399.9591319,172.7740035,-3305.476589,-123.0118441,3428.450901,LLLG
237.4685593,-398.7737132,161.313715,-3239.439931,-245.0715126,3484.473912,LLLG
247.509029,-397.1947121,149.6942443,-3170.206327,-366.8893541,3537.058149,LLLG
257.3051899,-395.2236869,137.9270582,-3097.844102,-488.3451497,3586.15172,LLLG
266.8473743,-392.8625828,126.0237696,-3022.424669,-609.3190365,3631.706173,LLLG
276.1261654,-390.1137299,113.9961256,-2944.022458,-729.6916287,3673.676555,LLLG
285.132406,-386.979841,101.8559961,-2862.714841,-849.3441324,3712.021442,LLLG
293.8572081,-383.4640088,89.61536177,-2778.582062,-968.1584656,3746.702996,LLLG
302.2919614,-379.5697031,77.28630276,-2691.707147,-1086.017372,3777.686987,LLLG
310.4283417,-375.300767,64.88098632,-2602.175832,-1202.80454,3804.942841,LLLG
318.2583195,-370.6614135,52.41165503,-2510.076473,-1318.404715,3828.443657,LLLG
325.7741675,-365.656221,39.89061458,-2415.499963,-1432.703813,3848.166244,LLLG
332.9684685,-360.2901292,27.33022176,-2318.539635,-1545.589034,3864.091137,LLLG
339.8341225,-354.5684336,14.74287214,-2219.291179,-1656.948974,3876.202622,LLLG
346.364354,-348.4967809,2.140987925,-2117.852541,-1766.673736,3884.488745,LLLG
352.5527185,-342.0811631,-10.46299436,-2014.323827,-1874.655033,3888.941329,LLLG
358.3931087,-335.3279116,-23.05663609,-1908.807209,-1980.786301,3889.555979,LLLG
363.8797609,-328.243691,-35.62750888,-1801.40682,-2084.962802,3886.33209,LLLG
369.0072605,-320.8354927,-48.16320678,-1692.228648,-2187.081725,3879.272842,LLLG
373.7705473,-313.1106277,-60.65135858,-1581.380442,-2287.042292,3868.385203,LLLG
378.1649203,-305.0767193,-73.07963997,-1468.971594,-2384.745854,3853.679917,LLLG
382.186043,-296.7416963,-85.43578575,-1355.113039,-2480.095989,3835.171496,LLLG
385.8299469,-288.1137841,-97.70760188,-1239.91714,-2572.998597,3812.878206,LLLG
389.0930361,-279.2014975,-109.8829776,-1123.497583,-2663.361997,3786.822049,LLLG
391.9720901,-270.0136319,-121.9498972,-1005.96926,-2751.097008,3757.028737,LLLG
394.4642677,-260.5592545,-133.8964522,-887.4481564,-2836.117049,3723.527674,LLLG
396.5671094,-250.8476958,-145.7108527,-768.0512384,-2918.338213,3686.351921,LLLG
398.2785401,-240.8885398,-157.3814393,-647.896337,-2997.67936,3645.538166,LLLG
399.5968706,-230.691615,-168.8966947,-527.1020297,-3074.062188,3601.126687,LLLG
400.5208,-220.2669846,-180.2452545,-405.7875269,-3147.411317,3553.161313,LLLG
401.0494165,-209.6249363,-191.4159192,-284.0725502,-3217.654361,3501.68938,LLLG
401.1821984,-198.7759727,-202.3976647,-162.0772188,-3284.721997,3446.761685,LLLG
400.9190146,-187.7308004,-213.1796533,-39.92192627,-3348.548039,3388.432434,LLLG
400.2601249,-176.5003195,-223.7512445,82.27277389,-3409.069498,3326.759193,LLLG
399.2061795,-165.0956133,-234.1020053,204.3862912,-3466.226645,3261.802823,LLLG
397.7582186,-153.5279367,-244.2217209,326.2981135,-3519.963075,3193.627431,LLLG
395.9176711,-141.8087058,-254.1004044,447.8879293,-3570.225756,3122.300296,LLLG
393.6863533,-129.9494859,-263.7283066,569.0357434,-3616.965084,3047.89181,LLLG
391.0664674,-117.9619807,-273.0959259,689.6219983,-3660.134933,2970.475404,LLLG
388.0605989,-105.8580203,-282.1940177,809.5276891,-3699.692701,2890.127481,LLLG
384.6717141,-93.64955004,-291.0136032,928.6344842,-3735.599348,2806.927333,LLLG
380.9031576,-81.34861808,-299.5459787,1046.824839,-3767.819439,2720.957069,LLLG
376.7586484,-68.96736399,-307.7827235,1163.982114,-3796.321175,2632.301531,LLLG
372.2422766,-56.51800656,-315.7157092,1279.990689,-3821.076431,2541.048212,LLLG
367.3584993,-44.01283181,-323.3371067,1394.736078,-3842.060775,2447.287167,LLLG
362.1121363,-31.46418084,-330.6393947,1508.105041,-3859.253498,2351.110927,LLLG
356.5083651,-18.88443765,-337.6153667,1619.985696,-3872.637633,2252.614407,LLLG
350.552716,-6.286016923,-344.2581382,1730.267631,-3882.199972,2151.894811,LLLG
344.2510663,6.318648209,-350.5611537,1838.84201,-3887.931077,2049.051537,LLLG
337.6096352,18.91711847,-356.5181929,1945.601685,-3889.825294,1944.186079,LLLG
330.6349769,31.49696069,-362.1233768,2050.441295,-3887.880751,1837.401925,LLLG
323.3339745,44.04576009,-367.3711738,2153.257378,-3882.099369,1728.804461,LLLG
315.7138332,56.55113251,-372.2564049,2253.948465,-3872.486852,1618.500857,LLLG
307.7820733,69.00073666,-376.7742492,2352.415187,-3859.052689,1506.599971,LLLG
299.5465223,81.38228628,-380.9202478,2448.56037,-3841.810135,1393.212235,LLLG
291.0153078,93.68356229,-384.6903094,2542.289129,-3820.776208,1278.449549,LLLG
282.1968491,105.8924248,-388.0807132,2633.508966,-3795.971665,1162.425169,LLLG
273.099849,117.9968251,-391.0881134,2722.129857,-3767.420986,1045.253599,LLLG
263.733285,129.9848177,-393.709542,2808.064345,-3735.152346,927.0504719,LLLG
254.1064008,141.8445719,-395.942412,2891.227621,-3699.197592,807.9324407,LLLG
244.228697,153.5643834,-397.7845197,2971.537616,-3659.592205,688.0170591,LLLG
234.1099217,165.1326863,-399.2340474,3048.915072,-3616.375272,567.4226709,LLLG
223.760061,176.5380641,-400.2895644,3123.283626,-3569.589443,446.2682865,LLLG
213.1893288,187.769261,-400.9500291,3194.569887,-3519.280889,324.6734723,LLLG
202.4081572,198.8151931,-401.2147897,3262.703503,-3465.499259,202.758226,LLLG
191.427186,209.6649596,-401.0835849,3327.617234,-3408.297629,80.64286495,LLLG
180.257252,220.3078529,-400.5565442,3389.247019,-3347.732449,-41.55209939,LLLG
168.9093786,230.7333698,-399.6341877,3447.532036,-3283.863492,-163.7060737,LLLG
157.3947648,240.9312216,-398.3174257,3502.414766,-3216.753787,-285.6985084,LLLG
145.724774,250.8913443,-396.6075577,3553.841044,-3146.469564,-407.4090101,LLLG
133.9109233,260.6039083,-394.506271,3601.760121,-3073.080184,-528.7174668,LLLG
121.9648714,270.0593287,-392.0156394,3646.124706,-2996.658075,-649.50416,LLLG
109.8984076,279.2482739,-389.1381209,3686.891015,-2917.278655,-769.6498896,LLLG
97.72344013,288.1616757,-385.8765552,3724.018818,-2835.020263,-889.0360846,LLLG
85.45198414,296.7907376,-382.2341612,3757.471474,-2749.964077,-1007.544927,LLLG
73.09615011,305.1269438,-378.2145333,3787.21597,-2662.194038,-1125.059461,LLLG
60.66813175,313.1620673,-373.8216385,3813.22295,-2571.796764,-1241.463715,LLLG
48.18019401,320.8881786,-369.059812,3835.46675,-2478.861467,-1356.642812,LLLG
35.64466097,328.2976528,-363.9337532,3853.925417,-2383.479862,-1470.483084,LLLG
23.07390371,335.3831778,-358.4485209,3868.580735,-2285.74608,-1582.872184,LLLG
10.48032803,342.1377609,-352.6095284,3879.418241,-2185.756571,-1693.699199,LLLG
-2.123637729,348.5547363,-346.422538,3886.427239,-2083.610014,-1802.854754,LLLG
-14.72555497,354.627771,-339.8936555,3889.600813,-1979.407214,-1910.231128,LLLG
-27.31298712,360.3508719,-333.0293242,3888.935831,-1873.251009,-2015.722351,LLLG
-39.87351191,365.7183908,-325.8363183,3884.432948,-1765.246159,-2119.224318,LLLG
-52.39473361,370.7250307,-318.3217365,3876.096609,-1655.499254,-2220.634884,LLLG
-64.8642953,375.3658506,-310.4929948,3863.935041,-1544.118601,-2319.853969,LLLG
-77.26989101,379.6362706,-302.3578191,3847.960245,-1431.214118,-2416.783655,LLLG
-89.59927793,383.5320763,-293.9242379,3828.187987,-1316.897229,-2511.328287,LLLG
-101.8402884,387.049423,-285.2005741,3804.637779,-1201.280751,-2603.394557,LLLG
-113.9808421,390.1848396,-276.195437,3777.332864,-1084.478783,-2692.89161,LLLG
-126.0089577,392.9352317,-266.9177135,3746.300187,-966.606595,-2779.731121,LLLG
-137.912765,395.297885,-257.3765595,3711.570374,-847.7805119,-2863.827391,LLLG
-149.6805162,397.2704679,-247.5813912,3673.177699,-728.1178014,-2945.097426,LLLG
-161.3005982,398.8510337,-237.5418751,3631.160051,-607.7365555,-3023.461024,LLLG
-172.7615431,400.0380226,-227.267919,3585.558896,-486.7555766,-3098.840848,LLLG
-184.0520405,400.8302631,-216.7696621,3536.419238,-365.2942578,-3171.162509,LLLG
-195.1609481,401.2269733,-206.0574648,3483.789571,-243.4724673,-3240.354632,LLLG
-206.0773026,401.2277619,-195.1418989,3427.721834,-121.4104278,-3306.348935,LLLG
-216.7903309,400.832628,-184.0337366,3368.271359,0.771399502,-3369.080288,LLLG
-227.2894606,400.0419615,-172.7439405,3305.496818,122.9524365,-3428.486783,LLLG
-237.5643304,398.8565428,-161.2836521,3239.46016,245.0121047,-3484.509793,LLLG
-247.6048,397.2775417,-149.6641813,3170.226556,366.8299465,-3537.094031,LLLG
-257.4009609,395.3065166,-137.8969953,3097.864331,488.2857418,-3586.187601,LLLG
-266.9431454,392.9454124,-125.9937067,3022.444898,609.259629,-3631.742055,LLLG
-276.2219364,390.1965595,-113.9660627,2944.042687,729.6322209,-3673.712436,LLLG
-285.228177,387.0626705,-101.8259331,2862.735071,849.2847249,-3712.057324,LLLG
-293.9529791,383.5468383,-89.58529885,2778.602291,968.0990578,-3746.738877,LLLG
-302.3877324,379.6525326,-77.25623983,2691.727376,1085.957965,-3777.722869,LLLG
-310.5241127,375.3835965,-64.85092342,2602.196061,1202.745133,-3804.978722,LLLG
-318.3540905,370.7442429,-52.38159212,2510.096703,1318.345307,-3828.479539,LLLG
-325.8699385,365.7390505,-39.8605517,2415.520192,1432.644405,-3848.202125,LLLG
-333.0642394,360.3729586,-27.30015888,2318.559865,1545.529626,-3864.127019,LLLG
-339.9298934,354.651263,-14.71280927,2219.311408,1656.889567,-3876.238503,LLLG
-346.4601249,348.5796103,-2.110925054,2117.87277,1766.614329,-3884.524627,LLLG
-352.6484894,342.1639925,10.49305721,2014.344057,1874.595625,-3888.97721,LLLG
-358.4888796,335.4107409,23.08669895,1908.827439,1980.726894,-3889.591861,LLLG
-363.9755318,328.3265204,35.65757172,1801.427049,2084.903394,-3886.367971,LLLG
-369.1030314,320.9183221,48.19326961,1692.248878,2187.022318,-3879.308724,LLLG
-373.8663181,313.193457,60.6814214,1581.400671,2286.982885,-3868.421084,LLLG
-378.2606912,305.1595487,73.10970279,1468.991824,2384.686447,-3853.715798,LLLG
-382.2818138,296.8245256,85.46584855,1355.133268,2480.036581,-3835.207377,LLLG
-385.9257178,288.1966134,97.73766468,1239.93737,2572.93919,-3812.914088,LLLG
-389.1888069,279.2843268,109.9130404,1123.517813,2663.302589,-3786.85793,LLLG
-392.0678609,270.0964611,121.97996,1005.989489,2751.037601,-3757.064618,LLLG
-394.5600385,260.6420838,133.9265149,887.4683856,2836.057642,-3723.563555,LLLG
-396.6628802,250.930525,145.7409154,768.0714681,2918.278806,-3686.387802,LLLG
-398.3743108,240.971369,157.4115021,647.9165663,2997.619953,-3645.574047,LLLG
-399.6926414,230.7744442,168.9267574,527.1222594,3074.002781,-3601.162568,LLLG
-400.6165708,220.3498137,180.2753172,405.8077561,3147.35191,-3553.197194,LLLG
-401.1451873,209.7077655,191.445982,284.09278,3217.594954,-3501.725261,LLLG
-401.2779691,198.8588019,202.4277274,162.0974481,3284.66259,-3446.797566,LLLG
-401.0147853,187.8136295,213.209716,39.94215605,3348.488632,-3388.468316,LLLG
-400.3558956,176.5831486,223.7813072,-82.25254455,3409.010091,-3326.795073,LLLG
-399.3019502,165.1784424,234.132068,-204.3660614,3466.167239,-3261.838704,LLLG
-397.8539893,153.6107658,244.2517836,-326.2778841,3519.903668,-3193.663311,LLLG
-396.0134417,141.8915348,254.1304671,-447.8676995,3570.166349,-3122.336177,LLLG
-393.782124,130.0323149,263.7583692,-569.015514,3616.905677,-3047.92769,LLLG
-391.1622381,118.0448097,273.1259886,-689.6017684,3660.075527,-2970.511286,LLLG
-388.1563696,105.9408493,282.2240804,-809.5074597,3699.633294,-2890.163362,LLLG
-384.7674848,93.73237903,291.0436659,-928.6142543,3735.539941,-2806.963214,LLLG
-380.9989282,81.43144705,299.5760413,-1046.804609,3767.760032,-2720.99295,LLLG
-376.854419,69.05019294,307.8127862,-1163.961884,3796.261769,-2632.337412,LLLG
-372.3380472,56.6008355,315.7457718,-1279.970459,3821.017025,-2541.084092,LLLG
-367.4542699,44.09566073,323.3671693,-1394.715848,3842.001369,-2447.323048,LLLG
-362.2079069,31.54700974,330.6694573,-1508.084811,3859.194092,-2351.146808,LLLG
-356.6041357,18.96726653,337.6454293,-1619.965466,3872.578227,-2252.650288,LLLG
-350.6484865,6.368845798,344.2882008,-1730.247401,3882.140566,-2151.930692,LLLG
-344.3468369,-6.235819354,350.5912163,-1838.82178,3887.871671,-2049.087418,LLLG
-337.7054058,-18.83428963,356.5482554,-1945.581455,3889.765887,-1944.221959,LLLG
-330.7307474,-31.41413187,362.1534393,-2050.421065,3887.821345,-1837.437806,LLLG
-323.429745,-43.96293128,367.4012363,-2153.237148,3882.039962,-1728.840341,LLLG
-315.8096037,-56.46830372,372.2864675,-2253.928235,3872.427446,-1618.536738,LLLG
-307.8778438,-68.91790788,376.8043117,-2352.394958,3858.993282,-1506.635851,LLLG
-299.6422928,-81.29945753,380.9503104,-2448.54014,3841.750729,-1393.248115,LLLG
-291.1110783,-93.60073355,384.7203719,-2542.268899,3820.716801,-1278.485429,LLLG
-282.2926196,-105.8095961,388.1107757,-2633.488736,3795.912259,-1162.46105,LLLG
-273.1956194,-117.9139964,391.1181759,-2722.109627,3767.36158,-1045.289479,LLLG
-263.8290554,-129.901989,393.7396045,-2808.044114,3735.09294,-927.0863526,LLLG
-254.2021712,-141.7617432,395.9724744,-2891.207392,3699.138186,-807.9683205,LLLG
-244.3244674,-153.4815548,397.8145822,-2971.517386,3659.532799,-688.0529397,LLLG
-234.2056922,-165.0498577,399.2641098,-3048.894842,3616.315866,-567.4585507,LLLG
-223.8558314,-176.4552355,400.3196269,-3123.263396,3569.530037,-446.304167,LLLG
-213.2850992,-187.6864324,400.9800915,-3194.549657,3519.221483,-324.709352,LLLG
-202.5039276,-198.7323645,401.2448521,-3262.683273,3465.439853,-202.7941065,LLLG
-191.5229564,-209.582131,401.1136473,-3327.597004,3408.238223,-80.67874466,LLLG
-180.3530224,-220.2250243,400.5866066,-3389.226789,3347.673044,41.51621893,LLLG
-169.0051489,-230.6505413,399.6642501,-3447.511806,3283.804086,163.670194,LLLG
-157.4905351,-240.8483931,398.3474881,-3502.394536,3216.694381,285.662628,LLLG
-145.8205444,-250.8085158,396.63762,-3553.820815,3146.410158,407.3731305,LLLG
-134.0066936,-260.5210798,394.5363334,-3601.739891,3073.020779,528.6815864,LLLG
-122.0606417,-269.9765002,392.0457018,-3646.104476,2996.598669,649.4682804,LLLG
-109.9941779,-279.1654455,389.1681833,-3686.870785,2917.219249,769.6140093,LLLG
-97.81921042,-288.0788473,385.9066176,-3723.998588,2834.960857,889.000205,LLLG
-85.54775443,-296.7079092,382.2642235,-3757.451244,2749.904672,1007.509047,LLLG
-73.19192039,-305.0441153,378.2445956,-3787.19574,2662.134633,1125.023581,LLLG
-60.76390202,-313.0792389,373.8517008,-3813.20272,2571.737359,1241.427835,LLLG
-48.27596426,-320.8053502,369.0898743,-3835.44652,2478.802062,1356.606932,LLLG
-35.74043122,-328.2148245,363.9638155,-3853.905187,2383.420457,1470.447204,LLLG
-23.16967394,-335.3003494,358.4785832,-3868.560505,2285.686674,1582.836305,LLLG
-10.57609825,-342.0549326,352.6395907,-3879.398011,2185.697166,1693.663319,LLLG
2.027867518,-348.471908,346.4526003,-3886.407009,2083.550608,1802.818875,LLLG
14.62978477,-354.5449427,339.9237178,-3889.580583,1979.347809,1910.195248,LLLG
27.21721693,-360.2680436,333.0593865,-3888.915601,1873.191603,2015.686472,LLLG
39.77774173,-365.6355625,325.8663806,-3884.412718,1765.186754,2119.188438,LLLG
52.29896344,-370.6422024,318.3517988,-3876.076379,1655.439849,2220.599004,LLLG
64.76852514,-375.2830224,310.523057,-3863.91481,1544.059196,2319.818089,LLLG
77.17412086,-379.5534424,302.3878813,-3847.940015,1431.154713,2416.747776,LLLG
89.50350779,-383.4492481,293.9543001,-3828.167756,1316.837824,2511.292407,LLLG
101.7445183,-386.9665949,285.2306363,-3804.617549,1201.221346,2603.358678,LLLG
113.885072,-390.1020114,276.2254992,-3777.312633,1084.419378,2692.85573,LLLG
125.9131876,-392.8524035,266.9477757,-3746.279956,966.5471896,2779.695241,LLLG
137.8169949,-395.2150569,257.4066217,-3711.550143,847.7211068,2863.791511,LLLG
149.5847462,-397.1876398,247.6114534,-3673.157468,728.0583961,2945.061547,LLLG
161.2048281,-398.7682056,237.5719373,-3631.13982,607.6771505,3023.425144,LLLG
172.665773,-399.9551945,227.2979812,-3585.538666,486.6961714,3098.804969,LLLG
183.9562705,-400.747435,216.7997242,-3536.399007,365.2348529,3171.126629,LLLG
195.065178,-401.1441453,206.087527,-3483.769341,243.4130621,3240.318753,LLLG
205.9815325,-401.1449339,195.171961,-3427.701603,121.3510229,3306.313055,LLLG
216.6945609,-400.7498,184.0637988,-3368.251129,-0.83080463,3369.044409,LLLG
227.1936906,-399.9591335,172.7740026,-3305.476587,-123.0118413,3428.450903,LLLG
237.4685604,-398.7737148,161.3137142,-3239.43993,-245.0715097,3484.473914,LLLG
247.50903,-397.1947138,149.6942434,-3170.206325,-366.8893512,3537.058151,LLLG
257.3051909,-395.2236886,137.9270574,-3097.844101,-488.3451468,3586.151722,LLLG
266.8473754,-392.8625845,126.0237688,-3022.424667,-609.3190337,3631.706176,LLLG
276.1261665,-390.1137316,113.9961248,-2944.022456,-729.6916259,3673.676557,LLLG
285.1324071,-386.9798427,101.8559952,-2862.71484,-849.3441295,3712.021445,LLLG
293.8572092,-383.4640105,89.61536091,-2778.58206,-968.1584627,3746.702998,LLLG
302.2919624,-379.5697047,77.2863019,-2691.707145,-1086.017369,3777.68699,LLLG
310.4283428,-375.3007686,64.88098546,-2602.17583,-1202.804538,3804.942843,LLLG
318.2583206,-370.6614151,52.41165417,-2510.076472,-1318.404712,3828.443659,LLLG
325.7741686,-365.6562227,39.89061373,-2415.499962,-1432.70381,3848.166246,LLLG
332.9684695,-360.2901308,27.33022091,-2318.539634,-1545.589031,3864.09114,LLLG
339.8341235,-354.5684352,14.74287128,-2219.291178,-1656.948972,3876.202625,LLLG
346.3643551,-348.4967825,2.140987066,-2117.852539,-1766.673733,3884.488747,LLLG
352.5527195,-342.0811647,-10.46299522,-2014.323826,-1874.65503,3888.941331,LLLG
358.3931097,-335.3279132,-23.05663695,-1908.807208,-1980.786298,3889.555982,LLLG
363.879762,-328.2436927,-35.62750974,-1801.406818,-2084.962799,3886.332093,LLLG
369.0072616,-320.8354944,-48.16320764,-1692.228647,-2187.081722,3879.272845,LLLG
373.7705483,-313.1106293,-60.65135944,-1581.380441,-2287.042289,3868.385206,LLLG
378.1649214,-305.076721,-73.07964083,-1468.971593,-2384.745851,3853.679919,LLLG
382.1860441,-296.7416979,-85.43578661,-1355.113037,-2480.095986,3835.171499,LLLG
385.829948,-288.1137857,-97.70760274,-1239.917139,-2572.998595,3812.878209,LLLG
389.0930371,-279.2014991,-109.8829784,-1123.497582,-2663.361994,3786.822051,LLLG
391.9720911,-270.0136335,-121.9498981,-1005.969258,-2751.097005,3757.028739,LLLG
394.4642687,-260.5592562,-133.896453,-887.4481549,-2836.117046,3723.527677,LLLG
396.5671105,-250.8476974,-145.7108535,-768.051237,-2918.33821,3686.351923,LLLG
398.2785411,-240.8885414,-157.3814402,-647.8963356,-2997.679357,3645.538168,LLLG
399.5968716,-230.6916166,-168.8966955,-527.1020283,-3074.062185,3601.126689,LLLG
400.5208011,-220.2669862,-180.2452554,-405.7875254,-3147.411314,3553.161316,LLLG
401.0494176,-209.624938,-191.4159201,-284.0725488,-3217.654358,3501.689383,LLLG
401.1821994,-198.7759744,-202.3976656,-162.0772173,-3284.721994,3446.761688,LLLG
400.9190156,-187.7308021,-213.1796541,-39.92192486,-3348.548036,3388.432437,LLLG
400.260126,-176.5003212,-223.7512453,82.27277536,-3409.069495,3326.759195,LLLG
399.2061806,-165.095615,-234.1020062,204.3862926,-3466.226642,3261.802826,LLLG
397.7582196,-153.5279384,-244.2217218,326.2981149,-3519.963072,3193.627433,LLLG
395.9176721,-141.8087074,-254.1004052,447.8879307,-3570.225753,3122.300298,LLLG
393.6863544,-129.9494875,-263.7283074,569.0357448,-3616.965081,3047.891812,LLLG
391.0664685,-117.9619823,-273.0959268,689.6219997,-3660.13493,2970.475407,LLLG
388.0606,-105.858022,-282.1940186,809.5276905,-3699.692698,2890.127484,LLLG
384.6717152,-93.6495517,-291.0136041,928.6344856,-3735.599345,2806.927335,LLLG
380.9031586,-81.34861974,-299.5459795,1046.82484,-3767.819436,2720.957072,LLLG
376.7586494,-68.96736565,-307.7827244,1163.982115,-3796.321173,2632.301533,LLLG
372.2422776,-56.51800822,-315.71571,1279.99069,-3821.076428,2541.048214,LLLG
367.3585004,-44.01283347,-323.3371075,1394.736079,-3842.060772,2447.287169,LLLG
362.1121374,-31.4641825,-330.6393955,1508.105042,-3859.253496,2351.11093,LLLG
356.5083662,-18.88443931,-337.6153675,1619.985697,-3872.637631,2252.61441,LLLG
350.552717,-6.286018584,-344.2581391,1730.267632,-3882.199969,2151.894814,LLLG
344.2510674,6.318646548,-350.5611546,1838.842012,-3887.931075,2049.051539,LLLG
337.6096363,18.91711681,-356.5181937,1945.601686,-3889.825291,1944.186081,LLLG
330.6349779,31.49695903,-362.1233776,2050.441297,-3887.880748,1837.401928,LLLG
323.3339755,44.04575843,-367.3711746,2153.257379,-3882.099366,1728.804464,LLLG
315.7138343,56.55113085,-372.2564058,2253.948467,-3872.48685,1618.50086,LLLG
307.7820743,69.000735,-376.77425,2352.415189,-3859.052686,1506.599974,LLLG
299.5465234,81.38228462,-380.9202487,2448.560371,-3841.810132,1393.212237,LLLG
291.0153089,93.68356063,-384.6903102,2542.28913,-3820.776205,1278.449551,LLLG
282.1968502,105.8924231,-388.0807141,2633.508967,-3795.971662,1162.425172,LLLG
273.09985,117.9968235,-391.0881142,2722.129858,-3767.420983,1045.253602,LLLG
263.733286,129.9848161,-393.7095428,2808.064346,-3735.152344,927.0504744,LLLG
254.1064018,141.8445702,-395.9424128,2891.227623,-3699.197589,807.9324431,LLLG
244.2286981,153.5643818,-397.7845206,2971.537618,-3659.592202,688.0170616,LLLG
234.1099228,165.1326847,-399.2340482,3048.915073,-3616.375269,567.4226733,LLLG
223.760062,176.5380624,-400.2895653,3123.283628,-3569.58944,446.268289,LLLG
213.1893299,187.7692593,-400.95003,3194.569888,-3519.280886,324.6734746,LLLG
202.4081583,198.8151915,-401.2147906,3262.703504,-3465.499256,202.7582285,LLLG
191.4271871,209.6649579,-401.0835858,3327.617236,-3408.297626,80.64286734,LLLG
180.2572531,220.3078512,-400.5565451,3389.247021,-3347.732447,-41.5520969,LLLG
168.9093796,230.7333681,-399.6341886,3447.532038,-3283.863489,-163.7060713,LLLG
157.3947658,240.93122,-398.3174266,3502.414767,-3216.753784,-285.6985059,LLLG
145.7247751,250.8913426,-396.6075585,3553.841046,-3146.469561,-407.4090077,LLLG
133.9109243,260.6039067,-394.5062718,3601.760123,-3073.080181,-528.7174643,LLLG
121.9648724,270.059327,-392.0156403,3646.124707,-2996.658072,-649.5041576,LLLG
109.8984087,279.2482723,-389.1381218,3686.891017,-2917.278652,-769.6498871,LLLG
97.72344118,288.1616741,-385.8765561,3724.01882,-2835.02026,-889.0360822,LLLG
85.45198519,296.790736,-382.234162,3757.471476,-2749.964074,-1007.544924,LLLG
73.09615117,305.1269421,-378.2145341,3787.215971,-2662.194035,-1125.059458,LLLG
60.6681328,313.1620656,-373.8216393,3813.222952,-2571.796762,-1241.463713,LLLG
48.18019506,320.8881769,-369.0598128,3835.466751,-2478.861464,-1356.642809,LLLG
35.64466203,328.2976512,-363.9337541,3853.925419,-2383.479859,-1470.483082,LLLG
23.07390476,335.3831761,-358.4485218,3868.580736,-2285.746077,-1582.872182,LLLG
10.48032908,342.1377593,-352.6095292,3879.418243,-2185.756568,-1693.699197,LLLG
-2.123636677,348.5547346,-346.4225388,3886.427241,-2083.610011,-1802.854752,LLLG
-14.72555392,354.6277694,-339.8936564,3889.600815,-1979.407212,-1910.231126,LLLG
-27.31298607,360.3508702,-333.0293251,3888.935832,-1873.251006,-2015.722349,LLLG
-39.87351086,365.7183891,-325.8363192,3884.43295,-1765.246156,-2119.224316,LLLG
-52.39473256,370.725029,-318.3217374,3876.096611,-1655.499252,-2220.634881,LLLG
-64.86429425,375.3658489,-310.4929956,3863.935042,-1544.118598,-2319.853966,LLLG
-77.26988996,379.6362689,-302.3578199,3847.960246,-1431.214115,-2416.783653,LLLG
-89.59927688,383.5320747,-293.9242387,3828.187988,-1316.897226,-2511.328284,LLLG
-101.8402874,387.0494214,-285.200575,3804.637781,-1201.280748,-2603.394555,LLLG
-113.9808411,390.1848379,-276.1954378,3777.332865,-1084.47878,-2692.891607,LLLG
-126.0089567,392.93523,-266.9177143,3746.300188,-966.6065921,-2779.731118,LLLG
-137.9127639,395.2978833,-257.3765604,3711.570375,-847.780509,-2863.827388,LLLG
-149.6805152,397.2704663,-247.5813921,3673.1777,-728.1177985,-2945.097424,LLLG
-161.3005971,398.8510321,-237.541876,3631.160052,-607.7365526,-3023.461022,LLLG
-172.7615421,400.0380209,-227.2679199,3585.558898,-486.7555737,-3098.840846,LLLG
-184.0520395,400.8302614,-216.7696629,3536.41924,-365.2942549,-3171.162507,LLLG
-195.160947,401.2269717,-206.0574657,3483.789572,-243.4724644,-3240.35463,LLLG
-206.0773015,401.2277602,-195.1418997,3427.721836,-121.4104249,-3306.348933,LLLG
-216.7903299,400.8326263,-184.0337375,3368.271361,0.771402389,-3369.080285,LLLG
-227.2894596,400.0419599,-172.7439413,3305.496819,122.9524394,-3428.486781,LLLG
-237.5643293,398.8565412,-161.2836529,3239.460161,245.0121076,-3484.509791,LLLG
-247.604799,397.2775401,-149.6641822,3170.226557,366.8299493,-3537.094028,LLLG
-257.4009598,395.3065149,-137.8969961,3097.864332,488.2857447,-3586.187599,LLLG
-266.9431443,392.9454108,-125.9937075,3022.444899,609.2596319,-3631.742053,LLLG
-276.2219354,390.1965578,-113.9660636,2944.042688,729.6322238,-3673.712433,LLLG
-285.228176,387.0626689,-101.825934,2862.735072,849.2847277,-3712.057322,LLLG
-293.9529781,383.5468367,-89.5852997,2778.602292,968.0990607,-3746.738874,LLLG
-302.3877313,379.6525309,-77.25624069,2691.727377,1085.957968,-3777.722867,LLLG
-310.5241116,375.3835948,-64.85092427,2602.196062,1202.745136,-3804.978719,LLLG
-318.3540894,370.7442413,-52.38159298,2510.096704,1318.34531,-3828.479536,LLLG
-325.8699374,365.7390488,-39.86055256,2415.520194,1432.644408,-3848.202123,LLLG
-333.0642384,360.372957,-27.30015974,2318.559866,1545.529629,-3864.127017,LLLG
-339.9298924,354.6512613,-14.71281013,2219.31141,1656.88957,-3876.238501,LLLG
-346.4601239,348.5796086,-2.110925914,2117.872772,1766.614331,-3884.524624,LLLG
-352.6484883,342.1639908,10.49305636,2014.344058,1874.595628,-3888.977208,LLLG
-358.4888785,335.4107393,23.08669809,1908.82744,1980.726897,-3889.591858,LLLG
-363.9755308,328.3265187,35.65757086,1801.42705,2084.903397,-3886.367969,LLLG
-369.1030304,320.9183204,48.19326875,1692.248879,2187.022321,-3879.308721,LLLG
-373.8663171,313.1934553,60.68142054,1581.400673,2286.982888,-3868.421082,LLLG
-378.2606901,305.159547,73.10970193,1468.991825,2384.68645,-3853.715796,LLLG
-382.2818128,296.8245239,85.46584769,1355.13327,2480.036584,-3835.207375,LLLG
-385.9257167,288.1966117,97.73766382,1239.937371,2572.939193,-3812.914085,LLLG
-389.1888058,279.2843251,109.9130395,1123.517814,2663.302592,-3786.857927,LLLG
-392.0678598,270.0964595,121.9799591,1005.989491,2751.037604,-3757.064616,LLLG
-394.5600374,260.6420821,133.9265141,887.4683871,2836.057644,-3723.563552,LLLG
-396.6628792,250.9305233,145.7409146,768.0714695,2918.278809,-3686.3878,LLLG
-398.3743098,240.9713673,157.4115012,647.9165677,2997.619956,-3645.574044,LLLG
-399.6926403,230.7744425,168.9267565,527.1222609,3074.002784,-3601.162566,LLLG
-400.6165697,220.3498121,180.2753164,405.8077576,3147.351913,-3553.197191,LLLG
-401.1451862,209.7077638,191.4459811,284.0927814,3217.594957,-3501.725259,LLLG
-401.2779681,198.8588002,202.4277266,162.0974496,3284.662593,-3446.797563,LLLG
-401.0147843,187.8136278,213.2097151,39.94215746,3348.488635,-3388.468313,LLLG
-400.3558946,176.583147,223.7813063,-82.25254309,3409.010093,-3326.795071,LLLG
-399.3019492,165.1784407,234.1320672,-204.36606,3466.167241,-3261.838702,LLLG
-397.8539882,153.6107642,244.2517828,-326.2778826,3519.903671,-3193.663309,LLLG
-396.0134407,141.8915332,254.1304662,-447.8676981,3570.166352,-3122.336174,LLLG
-393.7821229,130.0323133,263.7583684,-569.0155125,3616.90568,-3047.927688,LLLG
-391.162237,118.044808,273.1259877,-689.601767,3660.07553,-2970.511283,LLLG
-388.1563685,105.9408477,282.2240795,-809.5074582,3699.633297,-2890.163359,LLLG
-384.7674837,93.73237737,291.043665,-928.6142529,3735.539944,-2806.963212,LLLG
-380.9989272,81.43144539,299.5760404,-1046.804608,3767.760035,-2720.992947,LLLG
-376.8544179,69.05019128,307.8127853,-1163.961883,3796.261772,-2632.33741,LLLG
-372.3380461,56.60083384,315.7457709,-1279.970458,3821.017028,-2541.08409,LLLG
-367.4542689,44.09565907,323.3671684,-1394.715847,3842.001372,-2447.323045,LLLG
-362.2079059,31.54700808,330.6694564,-1508.08481,3859.194095,-2351.146805,LLLG
-356.6041347,18.96726487,337.6454284,-1619.965465,3872.57823,-2252.650286,LLLG
-350.6484855,6.368844136,344.2882,-1730.2474,3882.140568,-2151.930689,LLLG
-344.3468358,-6.235821015,350.5912155,-1838.821779,3887.871674,-2049.087415,LLLG
-337.7054047,-18.83429129,356.5482546,-1945.581454,3889.76589,-1944.221956,LLLG
-330.7307464,-31.41413353,362.1534385,-2050.421064,3887.821347,-1837.437804,LLLG
-323.4297439,-43.96293294,367.4012355,-2153.237146,3882.039965,-1728.840339,LLLG
-315.8096027,-56.46830538,372.2864666,-2253.928234,3872.427449,-1618.536735,LLLG
-307.8778427,-68.91790955,376.8043108,-2352.394956,3858.993285,-1506.635849,LLLG
-299.6422918,-81.29945919,380.9503095,-2448.540139,3841.750732,-1393.248113,LLLG
-291.1110773,-93.60073521,384.720371,-2542.268898,3820.716804,-1278.485426,LLLG
-282.2926186,-105.8095977,388.1107749,-2633.488734,3795.912262,-1162.461047,LLLG
-273.1956184,-117.9139981,391.118175,-2722.109626,3767.361583,-1045.289477,LLLG
-263.8290544,-129.9019907,393.7396036,-2808.044113,3735.092943,-927.0863501,LLLG
-254.2021702,-141.7617449,395.9724736,-2891.20739,3699.138189,-807.9683181,LLLG
-244.3244664,-153.4815564,397.8145813,-2971.517385,3659.532802,-688.0529372,LLLG
-234.2056911,-165.0498594,399.264109,-3048.89484,3616.315869,-567.4585483,LLLG
-223.8558304,-176.4552371,400.319626,-3123.263395,3569.53004,-446.3041645,LLLG
-213.2850982,-187.686434,400.9800907,-3194.549656,3519.221486,-324.7093496,LLLG
-202.5039266,-198.7323662,401.2448513,-3262.683271,3465.439856,-202.794104,LLLG
-191.5229553,-209.5821327,401.1136465,-3327.597003,3408.238225,-80.67874226,LLLG
-180.3530213,-220.225026,400.5866058,-3389.226788,3347.673047,41.51622141,LLLG
-169.0051479,-230.6505429,399.6642493,-3447.511805,3283.804089,163.6701964,LLLG
-157.4905341,-240.8483948,398.3474873,-3502.394534,3216.694384,285.6626305,LLLG
-145.8205433,-250.8085174,396.6376192,-3553.820813,3146.410161,407.3731329,LLLG
-134.0066926,-260.5210815,394.5363325,-3601.73989,3073.020781,528.6815889,LLLG
-122.0606406,-269.9765019,392.0457009,-3646.104474,2996.598672,649.4682828,LLLG
-109.9941769,-279.1654471,389.1681824,-3686.870783,2917.219252,769.6140118,LLLG
-97.81920937,-288.078849,385.9066167,-3723.998587,2834.96086,889.0002074,LLLG
-85.54775338,-296.7079109,382.2642226,-3757.451243,2749.904674,1007.509049,LLLG
-73.19191934,-305.044117,378.2445947,-3787.195738,2662.134635,1125.023584,LLLG
-60.76390096,-313.0792406,373.8516999,-3813.202719,2571.737362,1241.427837,LLLG
-48.27596321,-320.8053519,369.0898734,-3835.446518,2478.802064,1356.606935,LLLG
-35.74043017,-328.2148261,363.9638147,-3853.905185,2383.42046,1470.447207,LLLG
-23.16967289,-335.3003511,358.4785824,-3868.560504,2285.686677,1582.836307,LLLG
-10.5760972,-342.0549343,352.6395898,-3879.398009,2185.697168,1693.663322,LLLG
2.02786857,-348.4719096,346.4525994,-3886.407008,2083.550611,1802.818878,LLLG
14.62978582,-354.5449444,339.9237169,-3889.580582,1979.347812,1910.195251,LLLG
27.21721798,-360.2680453,333.0593856,-3888.915599,1873.191606,2015.686474,LLLG
39.77774278,-365.6355642,325.8663798,-3884.412716,1765.186757,2119.188441,LLLG
52.2989645,-370.6422041,318.3517979,-3876.076378,1655.439852,2220.599007,LLLG
64.76852619,-375.283024,310.5230562,-3863.914809,1544.059199,2319.818091,LLLG
77.17412191,-379.5534441,302.3878805,-3847.940013,1431.154716,2416.747779,LLLG
89.50350884,-383.4492498,293.9542993,-3828.167755,1316.837827,2511.292409,LLLG
101.7445194,-386.9665965,285.2306355,-3804.617548,1201.221349,2603.35868,LLLG
113.8850731,-390.1020131,276.2254983,-3777.312632,1084.419381,2692.855732,LLLG
125.9131887,-392.8524052,266.9477748,-3746.279955,966.5471925,2779.695244,LLLG
137.8169959,-395.2150585,257.4066209,-3711.550142,847.7211097,2863.791513,LLLG
149.5847472,-397.1876415,247.6114525,-3673.157467,728.0583989,2945.061549,LLLG
161.2048291,-398.7682073,237.5719364,-3631.139819,607.6771534,3023.425147,LLLG
172.6657741,-399.9551961,227.2979803,-3585.538664,486.6961743,3098.804972,LLLG
183.9562715,-400.7474367,216.7997234,-3536.399006,365.2348557,3171.126632,LLLG
195.0651791,-401.144147,206.0875261,-3483.769339,243.4130649,3240.318756,LLLG
205.9815336,-401.1449355,195.1719602,-3427.701602,121.3510258,3306.313058,LLLG
216.694562,-400.7498016,184.0637979,-3368.251128,-0.830801748,3369.044411,LLLG
227.1936917,-399.9591352,172.7740017,-3305.476586,-123.0118385,3428.450906,LLLG
237.4685614,-398.7737165,161.3137133,-3239.439928,-245.0715069,3484.473917,LLLG
247.5090311,-397.1947154,149.6942426,-3170.206324,-366.8893484,3537.058154,LLLG
257.305192,-395.2236903,137.9270565,-3097.844099,-488.3451439,3586.151725,LLLG
266.8473764,-392.8625862,126.0237679,-3022.424666,-609.3190308,3631.706178,LLLG
276.1261675,-390.1137333,113.9961239,-2944.022455,-729.691623,3673.676559,LLLG
285.1324081,-386.9798443,101.8559944,-2862.714839,-849.3441267,3712.021447,LLLG
293.8572102,-383.4640121,89.61536005,-2778.582059,-968.1584598,3746.703,LLLG
302.2919635,-379.5697064,77.28630104,-2691.707144,-1086.017366,3777.686992,LLLG
310.4283438,-375.3007703,64.8809846,-2602.175829,-1202.804535,3804.942846,LLLG
318.2583216,-370.6614168,52.41165331,-2510.076471,-1318.404709,3828.443662,LLLG
325.7741696,-365.6562243,39.89061287,-2415.49996,-1432.703807,3848.166249,LLLG
332.9684706,-360.2901325,27.33022004,-2318.539633,-1545.589028,3864.091142,LLLG
339.8341246,-354.5684369,14.74287042,-2219.291176,-1656.948969,3876.202627,LLLG
346.3643561,-348.4967842,2.140986205,-2117.852538,-1766.67373,3884.48875,LLLG
352.5527206,-342.0811664,-10.46299608,-2014.323825,-1874.655027,3888.941334,LLLG
358.3931108,-335.3279149,-23.05663781,-1908.807207,-1980.786295,3889.555984,LLLG
363.879763,-328.2436943,-35.6275106,-1801.406817,-2084.962796,3886.332095,LLLG
369.0072626,-320.8354961,-48.1632085,-1692.228646,-2187.081719,3879.272847,LLLG
373.7705494,-313.110631,-60.6513603,-1581.380439,-2287.042286,3868.385208,LLLG
378.1649224,-305.0767227,-73.07964169,-1468.971591,-2384.745848,3853.679922,LLLG
382.1860451,-296.7416996,-85.43578747,-1355.113036,-2480.095983,3835.171501,LLLG
385.829949,-288.1137874,-97.7076036,-1239.917137,-2572.998592,3812.878211,LLLG
389.0930382,-279.2015008,-109.8829793,-1123.497581,-2663.361991,3786.822054,LLLG
391.9720922,-270.0136352,-121.9498989,-1005.969257,-2751.097003,3757.028742,LLLG
394.4642698,-260.5592578,-133.8964539,-887.4481535,-2836.117043,3723.527679,LLLG
396.5671115,-250.8476991,-145.7108544,-768.0512356,-2918.338208,3686.351926,LLLG
398.2785422,-240.8885431,-157.381441,-647.8963341,-2997.679354,3645.538171,LLLG
399.5968727,-230.6916183,-168.8966964,-527.1020269,-3074.062182,3601.126692,LLLG
400.5208021,-220.2669879,-180.2452562,-405.7875239,-3147.411312,3553.161318,LLLG
401.0494186,-209.6249397,-191.4159209,-284.0725474,-3217.654355,3501.689385,LLLG
401.1822005,-198.7759761,-202.3976664,-162.0772159,-3284.721992,3446.76169,LLLG
400.9190167,-187.7308037,-213.179655,-39.92192345,-3348.548033,3388.432439,LLLG
400.260127,-176.5003229,-223.7512462,82.27277682,-3409.069492,3326.759198,LLLG
399.2061816,-165.0956166,-234.102007,204.386294,-3466.226639,3261.802828,LLLG
397.7582207,-153.5279401,-244.2217227,326.2981164,-3519.963069,3193.627436,LLLG
395.9176732,-141.8087091,-254.1004061,447.8879321,-3570.22575,3122.300301,LLLG
393.6863554,-129.9494892,-263.7283083,569.0357463,-3616.965078,3047.891815,LLLG
391.0664695,-117.961984,-273.0959276,689.6220011,-3660.134928,2970.475409,LLLG
388.060601,-105.8580236,-282.1940194,809.527692,-3699.692695,2890.127486,LLLG
384.6717162,-93.64955336,-291.013605,928.634487,-3735.599342,2806.927338,LLLG
380.9031597,-81.3486214,-299.5459804,1046.824842,-3767.819433,2720.957074,LLLG
376.7586505,-68.96736731,-307.7827252,1163.982117,-3796.32117,2632.301536,LLLG
372.2422787,-56.51800988,-315.7157109,1279.990692,-3821.076426,2541.048217,LLLG
367.3585014,-44.01283513,-323.3371084,1394.736081,-3842.060769,2447.287172,LLLG
362.1121384,-31.46418416,-330.6393964,1508.105044,-3859.253493,2351.110932,LLLG
356.5083672,-18.88444097,-337.6153684,1619.985699,-3872.637628,2252.614412,LLLG
350.5527181,-6.286020245,-344.25814,1730.267633,-3882.199966,2151.894816,LLLG
344.2510684,6.318644887,-350.5611555,1838.842013,-3887.931072,2049.051542,LLLG
337.6096373,18.91711515,-356.5181946,1945.601687,-3889.825288,1944.186084,LLLG
330.634979,31.49695737,-362.1233785,2050.441298,-3887.880745,1837.40193,LLLG
323.3339766,44.04575677,-367.3711755,2153.25738,-3882.099363,1728.804466,LLLG
315.7138353,56.55112918,-372.2564067,2253.948468,-3872.486847,1618.500862,LLLG
307.7820754,69.00073334,-376.7742509,2352.41519,-3859.052683,1506.599976,LLLG
299.5465244,81.38228296,-380.9202495,2448.560373,-3841.810129,1393.21224,LLLG
291.0153099,93.68355897,-384.6903111,2542.289132,-3820.776202,1278.449554,LLLG
282.1968512,105.8924215,-388.0807149,2633.508969,-3795.971659,1162.425174,LLLG
273.0998511,117.9968218,-391.0881151,2722.12986,-3767.42098,1045.253604,LLLG
263.7332871,129.9848144,-393.7095437,2808.064347,-3735.152341,927.0504769,LLLG
254.1064029,141.8445686,-395.9424137,2891.227624,-3699.197586,807.9324455,LLLG
244.2286991,153.5643801,-397.7845214,2971.537619,-3659.592199,688.0170641,LLLG
234.1099239,165.132683,-399.2340491,3048.915075,-3616.375267,567.4226757,LLLG
223.7600631,176.5380608,-400.2895661,3123.283629,-3569.589437,446.2682914,LLLG
213.1893309,187.7692577,-400.9500308,3194.56989,-3519.280883,324.673477,LLLG
202.4081594,198.8151898,-401.2147914,3262.703506,-3465.499253,202.758231,LLLG
191.4271881,209.6649563,-401.0835866,3327.617237,-3408.297623,80.64286975,LLLG
180.2572541,220.3078496,-400.5565459,3389.247022,-3347.732444,-41.55209442,LLLG
168.9093807,230.7333665,-399.6341894,3447.532039,-3283.863486,-163.7060689,LLLG
157.3947669,240.9312183,-398.3174274,3502.414769,-3216.753781,-285.6985034,LLLG
145.7247761,250.891341,-396.6075594,3553.841047,-3146.469558,-407.4090053,LLLG
133.9109254,260.603905,-394.5062727,3601.760124,-3073.080179,-528.7174618,LLLG
121.9648735,270.0593254,-392.0156411,3646.124708,-2996.658069,-649.5041552,LLLG
109.8984097,279.2482706,-389.1381226,3686.891018,-2917.278649,-769.6498846,LLLG
97.72344223,288.1616724,-385.876557,3724.018821,-2835.020257,-889.0360798,LLLG
85.45198625,296.7907343,-382.2341629,3757.471477,-2749.964071,-1007.544922,LLLG
73.09615222,305.1269404,-378.214535,3787.215973,-2662.194033,-1125.059456,LLLG
60.66813385,313.162064,-373.8216402,3813.222953,-2571.796759,-1241.46371,LLLG
48.18019611,320.8881752,-369.0598137,3835.466753,-2478.861462,-1356.642807,LLLG
35.64466308,328.2976495,-363.9337549,3853.92542,-2383.479856,-1470.483079,LLLG
23.07390581,335.3831745,-358.4485226,3868.580738,-2285.746074,-1582.87218,LLLG
10.48033013,342.1377576,-352.6095301,3879.418244,-2185.756565,-1693.699194,LLLG
-2.123635625,348.5547329,-346.4225397,3886.427242,-2083.610008,-1802.85475,LLLG
-14.72555287,354.6277677,-339.8936572,3889.600816,-1979.407209,-1910.231123,LLLG
-27.31298502,360.3508686,-333.0293259,3888.935834,-1873.251003,-2015.722346,LLLG
-39.87350981,365.7183875,-325.8363201,3884.432951,-1765.246153,-2119.224313,LLLG
-52.39473151,370.7250274,-318.3217383,3876.096612,-1655.499249,-2220.634879,LLLG
-64.86429319,375.3658473,-310.4929965,3863.935044,-1544.118595,-2319.853964,LLLG
-77.26988891,379.6362673,-302.3578208,3847.960248,-1431.214113,-2416.783651,LLLG
-89.59927582,383.532073,-293.9242396,3828.18799,-1316.897224,-2511.328282,LLLG
-101.8402863,387.0494197,-285.2005758,3804.637782,-1201.280745,-2603.394552,LLLG
-113.98084,390.1848363,-276.1954387,3777.332867,-1084.478777,-2692.891605,LLLG
-126.0089556,392.9352284,-266.9177152,3746.30019,-966.6065892,-2779.731116,LLLG
-137.9127629,395.2978817,-257.3765613,3711.570377,-847.7805062,-2863.827386,LLLG
-149.6805141,397.2704646,-247.5813929,3673.177702,-728.1177956,-2945.097421,LLLG
-161.3005961,398.8510304,-237.5418768,3631.160054,-607.7365498,-3023.461019,LLLG
-172.761541,400.0380192,-227.2679207,3585.558899,-486.7555709,-3098.840843,LLLG
-184.0520384,400.8302597,-216.7696638,3536.419241,-365.2942521,-3171.162504,LLLG
-195.160946,401.22697,-206.0574665,3483.789574,-243.4724615,-3240.354627,LLLG
-206.0773005,401.2277586,-195.1419006,3427.721837,-121.4104221,-3306.34893,LLLG
-216.7903288,400.8326247,-184.0337384,3368.271362,0.771405267,-3369.080283,LLLG
-227.2894585,400.0419582,-172.7439422,3305.496821,122.9524422,-3428.486778,LLLG
-237.5643283,398.8565395,-161.2836538,3239.460163,245.0121104,-3484.509788,LLLG
-247.6047979,397.2775384,-149.664183,3170.226559,366.8299522,-3537.094026,LLLG
-257.4009588,395.3065132,-137.896997,3097.864334,488.2857475,-3586.187596,LLLG
-266.9431432,392.9454091,-125.9937084,3022.444901,609.2596347,-3631.74205,LLLG
-276.2219343,390.1965562,-113.9660644,2944.042689,729.6322267,-3673.712431,LLLG
-285.2281749,387.0626672,-101.8259349,2862.735074,849.2847306,-3712.057319,LLLG
-293.952977,383.546835,-89.58530056,2778.602294,968.0990635,-3746.738872,LLLG
-302.3877303,379.6525293,-77.25624155,2691.727379,1085.95797,-3777.722864,LLLG
-310.5241106,375.3835931,-64.85092513,2602.196064,1202.745138,-3804.978717,LLLG
-318.3540884,370.7442396,-52.38159384,2510.096706,1318.345313,-3828.479534,LLLG
-325.8699363,365.7390472,-39.86055342,2415.520195,1432.644411,-3848.20212,LLLG
-333.0642373,360.3729553,-27.3001606,2318.559868,1545.529632,-3864.127014,LLLG
-339.9298913,354.6512597,-14.71281099,2219.311411,1656.889573,-3876.238499,LLLG
-346.4601228,348.579607,-2.110926775,2117.872773,1766.614334,-3884.524622,LLLG
-352.6484873,342.1639891,10.4930555,2014.344059,1874.595631,-3888.977205,LLLG
-358.4888775,335.4107376,23.08669723,1908.827442,1980.7269,-3889.591856,LLLG
-363.9755297,328.3265171,35.65757,1801.427052,2084.9034,-3886.367966,LLLG
-369.1030293,320.9183188,48.19326789,1692.248881,2187.022324,-3879.308719,LLLG
-373.866316,313.1934537,60.68141968,1581.400674,2286.982891,-3868.421079,LLLG
-378.2606891,305.1595453,73.10970107,1468.991827,2384.686452,-3853.715793,LLLG
-382.2818117,296.8245222,85.46584683,1355.133271,2480.036587,-3835.207372,LLLG
-385.9257157,288.19661,97.73766296,1239.937373,2572.939196,-3812.914083,LLLG
-389.1888048,279.2843234,109.9130386,1123.517816,2663.302595,-3786.857925,LLLG
-392.0678588,270.0964578,121.9799583,1005.989492,2751.037607,-3757.064613,LLLG
-394.5600364,260.6420804,133.9265132,887.4683886,2836.057647,-3723.56355,LLLG
-396.6628781,250.9305217,145.7409137,768.0714709,2918.278812,-3686.387797,LLLG
-398.3743087,240.9713657,157.4115004,647.9165692,2997.619958,-3645.574042,LLLG
-399.6926393,230.7744409,168.9267557,527.1222623,3074.002787,-3601.162563,LLLG
-400.6165687,220.3498104,180.2753155,405.8077591,3147.351916,-3553.197189,LLLG
-401.1451851,209.7077622,191.4459802,284.0927828,3217.59496,-3501.725256,LLLG
-401.277967,198.8587986,202.4277257,162.097451,3284.662596,-3446.797561,LLLG
-401.0147832,187.8136262,213.2097143,39.94215887,3348.488638,-3388.468311,LLLG
-400.3558935,176.5831453,223.7813054,-82.25254164,3409.010096,-3326.795069,LLLG
-399.3019481,165.1784391,234.1320663,-204.3660586,3466.167244,-3261.838699,LLLG
-397.8539872,153.6107625,244.2517819,-326.2778812,3519.903674,-3193.663307,LLLG
-396.0134396,141.8915315,254.1304653,-447.8676967,3570.166355,-3122.336172,LLLG
-393.7821219,130.0323116,263.7583675,-569.0155111,3616.905683,-3047.927685,LLLG
-391.162236,118.0448064,273.1259868,-689.6017656,3660.075532,-2970.511281,LLLG
-388.1563674,105.940846,282.2240786,-809.5074567,3699.6333,-2890.163357,LLLG
-384.7674827,93.73237571,291.0436642,-928.6142515,3735.539947,-2806.963209,LLLG
-380.9989261,81.43144373,299.5760396,-1046.804606,3767.760038,-2720.992945,LLLG
-376.8544169,69.05018962,307.8127844,-1163.961881,3796.261775,-2632.337407,LLLG
-372.3380451,56.60083217,315.7457701,-1279.970457,3821.01703,-2541.084087,LLLG
-367.4542678,44.09565741,323.3671676,-1394.715845,3842.001374,-2447.323043,LLLG
-362.2079048,31.54700642,330.6694556,-1508.084808,3859.194097,-2351.146803,LLLG
-356.6041336,18.96726321,337.6454276,-1619.965463,3872.578233,-2252.650283,LLLG
-350.6484844,6.368842474,344.2881991,-1730.247398,3882.140571,-2151.930687,LLLG
-344.3468348,-6.235822677,350.5912146,-1838.821778,3887.871677,-2049.087413,LLLG
-337.7054037,-18.83429295,356.5482537,-1945.581452,3889.765893,-1944.221954,LLLG
-330.7307453,-31.41413519,362.1534376,-2050.421062,3887.82135,-1837.437801,LLLG
-323.4297429,-43.9629346,367.4012346,-2153.237145,3882.039968,-1728.840336,LLLG
-315.8096016,-56.46830704,372.2864658,-2253.928232,3872.427452,-1618.536733,LLLG
-307.8778417,-68.91791121,376.80431,-2352.394955,3858.993288,-1506.635847,LLLG
-299.6422907,-81.29946085,380.9503086,-2448.540137,3841.750734,-1393.24811,LLLG
-291.1110762,-93.60073687,384.7203702,-2542.268896,3820.716807,-1278.485424,LLLG
-282.2926175,-105.8095994,388.110774,-2633.488733,3795.912265,-1162.461045,LLLG
-273.1956173,-117.9139998,391.1181742,-2722.109624,3767.361585,-1045.289475,LLLG
-263.8290533,-129.9019924,393.7396027,-2808.044112,3735.092946,-927.0863476,LLLG
-254.2021691,-141.7617465,395.9724727,-2891.207389,3699.138191,-807.9683157,LLLG
-244.3244653,-153.4815581,397.8145805,-2971.517383,3659.532805,-688.0529348,LLLG
-234.2056901,-165.049861,399.2641081,-3048.894839,3616.315872,-567.4585459,LLLG
-223.8558293,-176.4552388,400.3196251,-3123.263393,3569.530042,-446.3041621,LLLG
-213.2850971,-187.6864357,400.9800898,-3194.549654,3519.221488,-324.7093472,LLLG
-202.5039255,-198.7323679,401.2448504,-3262.68327,3465.439859,-202.7941015,LLLG
-191.5229543,-209.5821343,401.1136456,-3327.597001,3408.238228,-80.67873986,LLLG
-180.3530203,-220.2250276,400.5866049,-3389.226786,3347.673049,41.51622389,LLLG
-169.0051468,-230.6505446,399.6642484,-3447.511804,3283.804092,163.6701988,LLLG
-157.490533,-240.8483964,398.3474864,-3502.394533,3216.694387,285.662633,LLLG
-145.8205423,-250.8085191,396.6376183,-3553.820812,3146.410164,407.3731353,LLLG
-134.0066915,-260.5210832,394.5363317,-3601.739888,3073.020784,528.6815914,LLLG
-122.0606396,-269.9765035,392.0457001,-3646.104473,2996.598675,649.4682852,LLLG
-109.9941758,-279.1654488,389.1681816,-3686.870782,2917.219255,769.6140143,LLLG
-97.81920832,-288.0788506,385.9066159,-3723.998585,2834.960863,889.0002098,LLLG
-85.54775233,-296.7079125,382.2642218,-3757.451241,2749.904677,1007.509051,LLLG
-73.19191828,-305.0441187,378.2445939,-3787.195737,2662.134638,1125.023586,LLLG
-60.76389991,-313.0792422,373.8516991,-3813.202717,2571.737365,1241.42784,LLLG
-48.27596216,-320.8053535,369.0898726,-3835.446517,2478.802067,1356.606937,LLLG
-35.74042912,-328.2148278,363.9638138,-3853.905184,2383.420462,1470.447209,LLLG
-23.16967184,-335.3003528,358.4785815,-3868.560502,2285.68668,1582.83631,LLLG
-10.57609615,-342.0549359,352.639589,-3879.398008,2185.697171,1693.663324,LLLG
2.027869622,-348.4719113,346.4525985,-3886.407006,2083.550614,1802.81888,LLLG
14.62978687,-354.5449461,339.9237161,-3889.58058,1979.347815,1910.195253,LLLG
27.21721903,-360.2680469,333.0593848,-3888.915598,1873.191609,2015.686477,LLLG
39.77774383,-365.6355659,325.8663789,-3884.412715,1765.18676,2119.188443,LLLG
52.29896555,-370.6422058,318.3517971,-3876.076376,1655.439855,2220.599009,LLLG
64.76852724,-375.2830257,310.5230553,-3863.914808,1544.059201,2319.818094,LLLG
77.17412296,-379.5534457,302.3878796,-3847.940012,1431.154719,2416.747781,LLLG
89.50350989,-383.4492514,293.9542984,-3828.167754,1316.83783,2511.292412,LLLG
101.7445204,-386.9665982,285.2306346,-3804.617546,1201.221352,2603.358683,LLLG
113.8850741,-390.1020148,276.2254975,-3777.312631,1084.419384,2692.855735,LLLG
125.9131897,-392.8524069,266.9477739,-3746.279954,966.5471954,2779.695246,LLLG
137.816997,-395.2150602,257.40662,-3711.55014,847.7211125,2863.791516,LLLG
149.5847483,-397.1876431,247.6114517,-3673.157465,728.0584018,2945.061552,LLLG
161.2048302,-398.7682089,237.5719356,-3631.139817,607.6771562,3023.425149,LLLG
172.6657751,-399.9551978,227.2979794,-3585.538663,486.6961772,3098.804974,LLLG
183.9562726,-400.7474383,216.7997225,-3536.399005,365.2348586,3171.126634,LLLG
195.0651801,-401.1441486,206.0875252,-3483.769338,243.4130678,3240.318758,LLLG
205.9815346,-401.1449372,195.1719593,-3427.701601,121.3510286,3306.31306,LLLG
216.694563,-400.7498033,184.0637971,-3368.251126,-0.830798872,3369.044413,LLLG
227.1936927,-399.9591369,172.7740009,-3305.476584,-123.0118356,3428.450908,LLLG
237.4685625,-398.7737182,161.3137125,-3239.439927,-245.071504,3484.473919,LLLG
247.5090321,-397.1947171,149.6942417,-3170.206322,-366.8893455,3537.058156,LLLG
257.305193,-395.2236919,137.9270556,-3097.844098,-488.345141,3586.151727,LLLG
266.8473775,-392.8625878,126.0237671,-3022.424664,-609.319028,3631.706181,LLLG
276.1261686,-390.1137349,113.9961231,-2944.022453,-729.6916201,3673.676562,LLLG
285.1324092,-386.979846,101.8559935,-2862.714837,-849.3441238,3712.02145,LLLG
293.8572113,-383.4640138,89.61535919,-2778.582057,-968.1584569,3746.703003,LLLG
302.2919646,-379.569708,77.28630018,-2691.707142,-1086.017364,3777.686995,LLLG
310.4283449,-375.3007719,64.88098374,-2602.175828,-1202.804532,3804.942848,LLLG
318.2583227,-370.6614184,52.41165245,-2510.076469,-1318.404706,3828.443664,LLLG
325.7741707,-365.656226,39.89061201,-2415.499959,-1432.703804,3848.166251,LLLG
332.9684716,-360.2901341,27.33021918,-2318.539631,-1545.589025,3864.091145,LLLG
339.8341256,-354.5684386,14.74286956,-2219.291175,-1656.948966,3876.20263,LLLG
346.3643572,-348.4967859,2.140985345,-2117.852536,-1766.673727,3884.488752,LLLG
352.5527216,-342.081168,-10.46299694,-2014.323823,-1874.655024,3888.941336,LLLG
358.3931118,-335.3279165,-23.05663867,-1908.807205,-1980.786292,3889.555987,LLLG
363.8797641,-328.243696,-35.62751146,-1801.406815,-2084.962793,3886.332097,LLLG
369.0072637,-320.8354977,-48.16320936,-1692.228644,-2187.081716,3879.27285,LLLG
373.7705504,-313.1106326,-60.65136116,-1581.380438,-2287.042284,3868.38521,LLLG
378.1649235,-305.0767243,-73.07964255,-1468.97159,-2384.745845,3853.679924,LLLG
382.1860462,-296.7417012,-85.43578833,-1355.113035,-2480.09598,3835.171504,LLLG
385.8299501,-288.1137891,-97.70760446,-1239.917136,-2572.998589,3812.878214,LLLG
389.0930392,-279.2015025,-109.8829802,-1123.497579,-2663.361988,3786.822056,LLLG
391.9720932,-270.0136369,-121.9498998,-1005.969256,-2751.097,3757.028744,LLLG
394.4642708,-260.5592595,-133.8964548,-887.448152,-2836.11704,3723.527681,LLLG
396.5671126,-250.8477008,-145.7108553,-768.0512342,-2918.338205,3686.351928,LLLG
398.2785432,-240.8885448,-157.3814419,-647.8963327,-2997.679351,3645.538173,LLLG
399.5968738,-230.69162,-168.8966972,-527.1020255,-3074.062179,3601.126694,LLLG
400.5208032,-220.2669895,-180.2452571,-405.7875225,-3147.411309,3553.16132,LLLG
401.0494197,-209.6249413,-191.4159218,-284.072546,-3217.654352,3501.689388,LLLG
401.1822015,-198.7759777,-202.3976673,-162.0772144,-3284.721989,3446.761693,LLLG
400.9190178,-187.7308054,-213.1796559,-39.92192204,-3348.54803,3388.432442,LLLG
400.2601281,-176.5003245,-223.751247,82.27277826,-3409.069489,3326.7592,LLLG
399.2061827,-165.0956183,-234.1020079,204.3862955,-3466.226637,3261.802831,LLLG
397.7582217,-153.5279417,-244.2217235,326.2981178,-3519.963067,3193.627438,LLLG
395.9176742,-141.8087108,-254.100407,447.8879336,-3570.225747,3122.300303,LLLG
393.6863565,-129.9494909,-263.7283091,569.0357477,-3616.965075,3047.891817,LLLG
391.0664706,-117.9619856,-273.0959285,689.6220025,-3660.134925,2970.475412,LLLG
388.0606021,-105.8580253,-282.1940203,809.5276935,-3699.692692,2890.127489,LLLG
384.6717173,-93.64955502,-291.0136058,928.6344885,-3735.599339,2806.92734,LLLG
380.9031608,-81.34862306,-299.5459812,1046.824843,-3767.81943,2720.957077,LLLG
376.7586515,-68.96736897,-307.7827261,1163.982118,-3796.321167,2632.301538,LLLG
372.2422797,-56.51801154,-315.7157117,1279.990693,-3821.076423,2541.048219,LLLG
367.3585025,-44.01283679,-323.3371093,1394.736082,-3842.060767,2447.287174,LLLG
362.1121395,-31.46418582,-330.6393973,1508.105045,-3859.25349,2351.110935,LLLG
356.5083683,-18.88444263,-337.6153693,1619.9857,-3872.637625,2252.614414,LLLG
350.5527191,-6.286021907,-344.2581408,1730.267635,-3882.199964,2151.894819,LLLG
344.2510695,6.318643225,-350.5611563,1838.842015,-3887.931069,2049.051544,LLLG
337.6096384,18.91711349,-356.5181955,1945.601689,-3889.825285,1944.186086,LLLG
330.63498,31.49695571,-362.1233793,2050.4413,-3887.880742,1837.401933,LLLG
323.3339776,44.04575511,-367.3711764,2153.257382,-3882.09936,1728.804468,LLLG
315.7138364,56.55112752,-372.2564075,2253.948469,-3872.486844,1618.500865,LLLG
307.7820764,69.00073167,-376.7742517,2352.415192,-3859.05268,1506.599979,LLLG
299.5465255,81.3822813,-380.9202504,2448.560374,-3841.810126,1393.212242,LLLG
291.015311,93.68355731,-384.690312,2542.289133,-3820.776199,1278.449556,LLLG
282.1968523,105.8924198,-388.0807158,2633.50897,-3795.971656,1162.425177,LLLG
273.0998521,117.9968202,-391.088116,2722.129861,-3767.420977,1045.253607,LLLG
263.7332881,129.9848128,-393.7095446,2808.064349,-3735.152338,927.0504794,LLLG
254.1064039,141.8445669,-395.9424145,2891.227626,-3699.197583,807.9324479,LLLG
244.2287002,153.5643784,-397.7845223,2971.53762,-3659.592197,688.0170665,LLLG
234.1099249,165.1326814,-399.23405,3048.915076,-3616.375264,567.4226781,LLLG
223.7600641,176.5380591,-400.289567,3123.283631,-3569.589434,446.2682939,LLLG
213.189332,187.769256,-400.9500317,3194.569891,-3519.28088,324.6734795,LLLG
202.4081604,198.8151882,-401.2147923,3262.703507,-3465.49925,202.7582334,LLLG
191.4271892,209.6649546,-401.0835875,3327.617238,-3408.29762,80.64287216,LLLG
180.2572552,220.3078479,-400.5565468,3389.247023,-3347.732441,-41.55209195,LLLG
168.9093817,230.7333648,-399.6341903,3447.532041,-3283.863484,-163.7060665,LLLG
157.3947679,240.9312166,-398.3174283,3502.41477,-3216.753778,-285.698501,LLLG
145.7247772,250.8913393,-396.6075602,3553.841049,-3146.469555,-407.4090029,LLLG
133.9109264,260.6039034,-394.5062736,3601.760126,-3073.080176,-528.7174593,LLLG
121.9648745,270.0593237,-392.015642,3646.12471,-2996.658066,-649.5041528,LLLG
109.8984108,279.248269,-389.1381235,3686.891019,-2917.278647,-769.6498822,LLLG
97.72344328,288.1616708,-385.8765578,3724.018822,-2835.020254,-889.0360774,LLLG
85.4519873,296.7907326,-382.2341637,3757.471479,-2749.964069,-1007.544919,LLLG
73.09615327,305.1269388,-378.2145358,3787.215974,-2662.19403,-1125.059453,LLLG
60.6681349,313.1620623,-373.821641,3813.222955,-2571.796756,-1241.463708,LLLG
48.18019716,320.8881736,-369.0598146,3835.466754,-2478.861459,-1356.642805,LLLG
35.64466413,328.2976478,-363.9337558,3853.925421,-2383.479854,-1470.483077,LLLG
23.07390686,335.3831728,-358.4485235,3868.580739,-2285.746071,-1582.872177,LLLG
10.48033118,342.1377559,-352.609531,3879.418245,-2185.756562,-1693.699192,LLLG
-2.123634574,348.5547313,-346.4225406,3886.427244,-2083.610005,-1802.854747,LLLG
-14.72555181,354.6277661,-339.8936581,3889.600818,-1979.407206,-1910.231121,LLLG
-27.31298397,360.3508669,-333.0293268,3888.935835,-1873.251,-2015.722344,LLLG
-39.87350876,365.7183858,-325.8363209,3884.432953,-1765.246151,-2119.224311,LLLG
-52.39473046,370.7250257,-318.3217391,3876.096613,-1655.499246,-2220.634876,LLLG
-64.86429214,375.3658456,-310.4929974,3863.935045,-1544.118592,-2319.853962,LLLG
-77.26988785,379.6362656,-302.3578217,3847.960249,-1431.21411,-2416.783648,LLLG
-89.59927477,383.5320713,-293.9242405,3828.187991,-1316.897221,-2511.328279,LLLG
-101.8402853,387.0494181,-285.2005767,3804.637784,-1201.280743,-2603.39455,LLLG
-113.980839,390.1848346,-276.1954396,3777.332868,-1084.478775,-2692.891602,LLLG
-126.0089546,392.9352267,-266.917716,3746.300191,-966.6065864,-2779.731113,LLLG
-137.9127618,395.29788,-257.3765621,3711.570378,-847.7805033,-2863.827383,LLLG
-149.6805131,397.2704629,-247.5813938,3673.177703,-728.1177927,-2945.097419,LLLG
-161.300595,398.8510287,-237.5418777,3631.160055,-607.7365469,-3023.461017,LLLG
-172.76154,400.0380176,-227.2679216,3585.558901,-486.755568,-3098.840841,LLLG
-184.0520374,400.8302581,-216.7696646,3536.419242,-365.2942492,-3171.162502,LLLG
-195.1609449,401.2269684,-206.0574674,3483.789575,-243.4724586,-3240.354625,LLLG
-206.0772994,401.2277569,-195.1419015,3427.721838,-121.4104192,-3306.348928,LLLG
-216.7903278,400.832623,-184.0337392,3368.271364,0.771408141,-3369.08028,LLLG
-227.2894575,400.0419565,-172.743943,3305.496822,122.9524451,-3428.486776,LLLG
-237.5643272,398.8565378,-161.2836546,3239.460164,245.0121133,-3484.509786,LLLG
-247.6047969,397.2775368,-149.6641839,3170.22656,366.829955,-3537.094024,LLLG
-257.4009577,395.3065116,-137.8969978,3097.864335,488.2857504,-3586.187594,LLLG
-266.9431422,392.9454074,-125.9937093,3022.444902,609.2596376,-3631.742048,LLLG
-276.2219333,390.1965545,-113.9660653,2944.042691,729.6322295,-3673.712429,LLLG
-285.2281739,387.0626656,-101.8259357,2862.735075,849.2847334,-3712.057317,LLLG
-293.952976,383.5468334,-89.58530142,2778.602295,968.0990664,-3746.73887,LLLG
-302.3877292,379.6525276,-77.25624241,2691.72738,1085.957973,-3777.722862,LLLG
-310.5241095,375.3835915,-64.85092599,2602.196065,1202.745141,-3804.978715,LLLG
-318.3540873,370.744238,-52.3815947,2510.096707,1318.345316,-3828.479531,LLLG
-325.8699353,365.7390455,-39.86055428,2415.520196,1432.644414,-3848.202118,LLLG
-333.0642362,360.3729536,-27.30016146,2318.559869,1545.529635,-3864.127012,LLLG
-339.9298903,354.651258,-14.71281185,2219.311413,1656.889575,-3876.238496,LLLG
-346.4601218,348.5796053,-2.110927635,2117.872774,1766.614337,-3884.524619,LLLG
-352.6484862,342.1639875,10.49305464,2014.344061,1874.595634,-3888.977203,LLLG
-358.4888764,335.410736,23.08669637,1908.827443,1980.726902,-3889.591853,LLLG
-363.9755287,328.3265154,35.65756914,1801.427053,2084.903403,-3886.367964,LLLG
-369.1030283,320.9183171,48.19326703,1692.248882,2187.022326,-3879.308716,LLLG
-373.866315,313.193452,60.68141882,1581.400676,2286.982893,-3868.421077,LLLG
-378.260688,305.1595437,73.10970021,1468.991828,2384.686455,-3853.715791,LLLG
-382.2818107,296.8245206,85.46584597,1355.133272,2480.03659,-3835.20737,LLLG
-385.9257146,288.1966084,97.7376621,1239.937374,2572.939199,-3812.914081,LLLG
-389.1888037,279.2843218,109.9130378,1123.517817,2663.302598,-3786.857923,LLLG
-392.0678577,270.0964561,121.9799574,1005.989494,2751.03761,-3757.064611,LLLG
-394.5600353,260.6420788,133.9265124,887.46839,2836.05765,-3723.563548,LLLG
-396.6628771,250.93052,145.7409129,768.0714723,2918.278815,-3686.387795,LLLG
-398.3743077,240.971364,157.4114995,647.9165706,2997.619961,-3645.574039,LLLG
-399.6926382,230.7744392,168.9267548,527.1222637,3074.00279,-3601.162561,LLLG
-400.6165676,220.3498087,180.2753147,405.8077605,3147.351919,-3553.197187,LLLG
-401.1451841,209.7077605,191.4459794,284.0927842,3217.594962,-3501.725254,LLLG
-401.277966,198.8587969,202.4277248,162.0974525,3284.662599,-3446.797559,LLLG
-401.0147822,187.8136245,213.2097134,39.94216028,3348.488641,-3388.468308,LLLG
-400.3558925,176.5831437,223.7813046,-82.25254019,3409.010099,-3326.795066,LLLG
-399.3019471,165.1784374,234.1320654,-204.3660572,3466.167247,-3261.838697,LLLG
-397.8539861,153.6107608,244.2517811,-326.2778797,3519.903677,-3193.663304,LLLG
-396.0134386,141.8915299,254.1304645,-447.8676953,3570.166358,-3122.336169,LLLG
-393.7821208,130.0323099,263.7583666,-569.0155096,3616.905686,-3047.927683,LLLG
-391.1622349,118.0448047,273.125986,-689.6017642,3660.075535,-2970.511278,LLLG
-388.1563664,105.9408443,282.2240778,-809.5074553,3699.633303,-2890.163355,LLLG
-384.7674816,93.73237404,291.0436633,-928.6142501,3735.53995,-2806.963207,LLLG
-380.9989251,81.43144207,299.5760387,-1046.804605,3767.76004,-2720.992942,LLLG
-376.8544158,69.05018796,307.8127836,-1163.96188,3796.261778,-2632.337405,LLLG
-372.338044,56.60083051,315.7457692,-1279.970455,3821.017033,-2541.084085,LLLG
-367.4542668,44.09565575,323.3671667,-1394.715844,3842.001377,-2447.32304,LLLG
-362.2079038,31.54700476,330.6694547,-1508.084807,3859.1941,-2351.1468,LLLG
-356.6041326,18.96726155,337.6454267,-1619.965462,3872.578236,-2252.650281,LLLG
-350.6484834,6.368840813,344.2881982,-1730.247397,3882.140574,-2151.930684,LLLG
-344.3468337,-6.235824338,350.5912137,-1838.821776,3887.87168,-2049.08741,LLLG
-337.7054026,-18.83429462,356.5482529,-1945.581451,3889.765896,-1944.221952,LLLG
-330.7307443,-31.41413685,362.1534368,-2050.421061,3887.821353,-1837.437799,LLLG
-323.4297418,-43.96293627,367.4012337,-2153.237144,3882.039971,-1728.840334,LLLG
-315.8096006,-56.4683087,372.2864649,-2253.928231,3872.427455,-1618.536731,LLLG
-307.8778406,-68.91791287,376.8043091,-2352.394953,3858.993291,-1506.635844,LLLG
-299.6422896,-81.29946251,380.9503078,-2448.540136,3841.750737,-1393.248108,LLLG
-291.1110752,-93.60073853,384.7203693,-2542.268895,3820.71681,-1278.485422,LLLG
-282.2926165,-105.8096011,388.1107731,-2633.488731,3795.912267,-1162.461043,LLLG
-273.1956163,-117.9140014,391.1181733,-2722.109623,3767.361588,-1045.289472,LLLG
-263.8290523,-129.901994,393.7396019,-2808.04411,3735.092949,-927.0863452,LLLG
-254.2021681,-141.7617482,395.9724718,-2891.207387,3699.138194,-807.9683133,LLLG
-244.3244643,-153.4815598,397.8145796,-2971.517382,3659.532808,-688.0529323,LLLG
-234.205689,-165.0498627,399.2641073,-3048.894838,3616.315875,-567.4585435,LLLG
-223.8558282,-176.4552405,400.3196243,-3123.263392,3569.530045,-446.3041596,LLLG
-213.2850961,-187.6864374,400.980089,-3194.549653,3519.221491,-324.7093448,LLLG
-202.5039245,-198.7323695,401.2448496,-3262.683268,3465.439861,-202.7940991,LLLG
-191.5229532,-209.582136,401.1136448,-3327.597,3408.238231,-80.67873744,LLLG
-180.3530192,-220.2250293,400.5866041,-3389.226785,3347.673052,41.51622635,LLLG
-169.0051458,-230.6505462,399.6642476,-3447.511802,3283.804095,163.6702013,LLLG
-157.4905319,-240.8483981,398.3474855,-3502.394531,3216.69439,285.6626354,LLLG
-145.8205412,-250.8085208,396.6376175,-3553.82081,3146.410167,407.3731377,LLLG
-134.0066905,-260.5210848,394.5363308,-3601.739887,3073.020787,528.6815938,LLLG
-122.0606385,-269.9765052,392.0456992,-3646.104471,2996.598678,649.4682877,LLLG
-109.9941748,-279.1654505,389.1681807,-3686.870781,2917.219258,769.6140167,LLLG
-97.81920727,-288.0788523,385.906615,-3723.998584,2834.960866,889.0002123,LLLG
-85.54775127,-296.7079142,382.2642209,-3757.45124,2749.90468,1007.509054,LLLG
-73.19191723,-305.0441203,378.244593,-3787.195735,2662.134641,1125.023588,LLLG
-60.76389886,-313.0792439,373.8516982,-3813.202716,2571.737368,1241.427842,LLLG
-48.27596111,-320.8053552,369.0898717,-3835.446516,2478.80207,1356.60694,LLLG
-35.74042806,-328.2148294,363.9638129,-3853.905183,2383.420465,1470.447212,LLLG
-23.16967079,-335.3003544,358.4785806,-3868.560501,2285.686683,1582.836312,LLLG
-10.5760951,-342.0549376,352.6395881,-3879.398006,2185.697174,1693.663327,LLLG
2.027870673,-348.4719129,346.4525977,-3886.407005,2083.550617,1802.818882,LLLG
14.62978792,-354.5449477,339.9237152,-3889.580579,1979.347818,1910.195256,LLLG
27.21722009,-360.2680486,333.0593839,-3888.915596,1873.191612,2015.686479,LLLG
39.77774488,-365.6355675,325.866378,-3884.412714,1765.186762,2119.188446,LLLG
52.2989666,-370.6422074,318.3517962,-3876.076375,1655.439858,2220.599012,LLLG
64.76852829,-375.2830274,310.5230544,-3863.914806,1544.059204,2319.818096,LLLG
77.17412402,-379.5534474,302.3878787,-3847.94001,1431.154722,2416.747783,LLLG
89.50351094,-383.4492531,293.9542975,-3828.167752,1316.837833,2511.292414,LLLG
101.7445215,-386.9665999,285.2306338,-3804.617545,1201.221354,2603.358685,LLLG
113.8850752,-390.1020164,276.2254966,-3777.312629,1084.419387,2692.855737,LLLG
125.9131908,-392.8524085,266.9477731,-3746.279952,966.5471983,2779.695249,LLLG
137.816998,-395.2150619,257.4066192,-3711.550139,847.7211154,2863.791518,LLLG
149.5847493,-397.1876448,247.6114508,-3673.157464,728.0584047,2945.061554,LLLG
161.2048312,-398.7682106,237.5719347,-3631.139816,607.6771591,3023.425152,LLLG
172.6657762,-399.9551995,227.2979786,-3585.538662,486.69618,3098.804976,LLLG
183.9562736,-400.74744,216.7997216,-3536.399003,365.2348614,3171.126637,LLLG
195.0651812,-401.1441503,206.0875244,-3483.769336,243.4130707,3240.31876,LLLG
205.9815357,-401.1449389,195.1719585,-3427.701599,121.3510315,3306.313063,LLLG
216.6945641,-400.749805,184.0637962,-3368.251125,-0.830796001,3369.044416,LLLG
227.1936938,-399.9591385,172.774,-3305.476583,-123.0118328,3428.450911,LLLG
237.4685635,-398.7737198,161.3137116,-3239.439925,-245.0715011,3484.473921,LLLG
247.5090332,-397.1947188,149.6942408,-3170.206321,-366.8893427,3537.058159,LLLG
257.3051941,-395.2236936,137.9270548,-3097.844096,-488.3451382,3586.151729,LLLG
266.8473785,-392.8625895,126.0237662,-3022.424663,-609.3190251,3631.706183,LLLG
276.1261696,-390.1137366,113.9961222,-2944.022452,-729.6916172,3673.676564,LLLG
285.1324102,-386.9798476,101.8559926,-2862.714836,-849.344121,3712.021452,LLLG
293.8572123,-383.4640154,89.61535833,-2778.582056,-968.158454,3746.703005,LLLG
302.2919656,-379.5697097,77.28629932,-2691.707141,-1086.017361,3777.686997,LLLG
310.4283459,-375.3007736,64.88098288,-2602.175826,-1202.804529,3804.94285,LLLG
318.2583237,-370.6614201,52.41165159,-2510.076468,-1318.404703,3828.443667,LLLG
325.7741717,-365.6562277,39.89061115,-2415.499957,-1432.703801,3848.166254,LLLG
332.9684727,-360.2901358,27.33021832,-2318.53963,-1545.589022,3864.091147,LLLG
339.8341267,-354.5684402,14.7428687,-2219.291174,-1656.948963,3876.202632,LLLG
346.3643582,-348.4967875,2.140984485,-2117.852535,-1766.673724,3884.488755,LLLG
352.5527227,-342.0811697,-10.4629978,-2014.323822,-1874.655021,3888.941339,LLLG
358.3931129,-335.3279182,-23.05663953,-1908.807204,-1980.78629,3889.555989,LLLG
363.8797651,-328.2436977,-35.62751232,-1801.406814,-2084.96279,3886.3321,LLLG
369.0072647,-320.8354994,-48.16321022,-1692.228643,-2187.081714,3879.272852,LLLG
373.7705515,-313.1106343,-60.65136202,-1581.380437,-2287.042281,3868.385213,LLLG
378.1649245,-305.076726,-73.07964341,-1468.971589,-2384.745842,3853.679927,LLLG
382.1860472,-296.7417029,-85.43578919,-1355.113033,-2480.095977,3835.171506,LLLG
385.8299512,-288.1137907,-97.70760532,-1239.917135,-2572.998586,3812.878216,LLLG
389.0930403,-279.2015041,-109.882981,-1123.497578,-2663.361985,3786.822059,LLLG
391.9720943,-270.0136385,-121.9499006,-1005.969254,-2751.096997,3757.028747,LLLG
394.4642719,-260.5592612,-133.8964556,-887.4481506,-2836.117037,3723.527684,LLLG
396.5671136,-250.8477024,-145.7108561,-768.0512327,-2918.338202,3686.351931,LLLG
398.2785443,-240.8885464,-157.3814428,-647.8963312,-2997.679348,3645.538176,LLLG
399.5968748,-230.6916216,-168.8966981,-527.1020241,-3074.062177,3601.126697,LLLG
400.5208042,-220.2669912,-180.245258,-405.7875211,-3147.411306,3553.161323,LLLG
401.0494207,-209.624943,-191.4159227,-284.0725446,-3217.654349,3501.68939,LLLG
401.1822026,-198.7759794,-202.3976681,-162.077213,-3284.721986,3446.761695,LLLG
400.9190188,-187.730807,-213.1796567,-39.92192062,-3348.548028,3388.432444,LLLG
400.2601291,-176.5003262,-223.7512479,82.27277971,-3409.069486,3326.759203,LLLG
399.2061837,-165.0956199,-234.1020088,204.3862969,-3466.226634,3261.802833,LLLG
397.7582228,-153.5279434,-244.2217244,326.2981193,-3519.963064,3193.627441,LLLG
395.9176753,-141.8087124,-254.1004078,447.887935,-3570.225744,3122.300306,LLLG
393.6863575,-129.9494925,-263.72831,569.0357492,-3616.965072,3047.891819,LLLG
391.0664716,-117.9619873,-273.0959293,689.622004,-3660.134922,2970.475414,LLLG
388.0606031,-105.858027,-282.1940211,809.5276949,-3699.69269,2890.127491,LLLG
384.6717184,-93.64955668,-291.0136067,928.6344899,-3735.599336,2806.927343,LLLG
380.9031618,-81.34862473,-299.5459821,1046.824845,-3767.819427,2720.957079,LLLG
376.7586526,-68.96737063,-307.782727,1163.98212,-3796.321164,2632.301541,LLLG
372.2422808,-56.5180132,-315.7157126,1279.990695,-3821.07642,2541.048222,LLLG
367.3585035,-44.01283845,-323.3371101,1394.736084,-3842.060764,2447.287177,LLLG
362.1121406,-31.46418748,-330.6393981,1508.105046,-3859.253487,2351.110937,LLLG
356.5083694,-18.88444429,-337.6153701,1619.985702,-3872.637622,2252.614417,LLLG
350.5527202,-6.286023569,-344.2581417,1730.267636,-3882.199961,2151.894821,LLLG
344.2510705,6.318641564,-350.5611572,1838.842016,-3887.931066,2049.051547,LLLG
337.6096394,18.91711183,-356.5181963,1945.60169,-3889.825282,1944.186088,LLLG
330.6349811,31.49695405,-362.1233802,2050.441301,-3887.880739,1837.401935,LLLG
323.3339787,44.04575344,-367.3711772,2153.257383,-3882.099357,1728.804471,LLLG
315.7138374,56.55112586,-372.2564084,2253.948471,-3872.486841,1618.500867,LLLG
307.7820775,69.00073001,-376.7742526,2352.415193,-3859.052677,1506.599981,LLLG
299.5465265,81.38227964,-380.9202513,2448.560376,-3841.810123,1393.212245,LLLG
291.0153121,93.68355564,-384.6903128,2542.289135,-3820.776196,1278.449559,LLLG
282.1968534,105.8924182,-388.0807166,2633.508971,-3795.971654,1162.425179,LLLG
273.0998532,117.9968185,-391.0881168,2722.129862,-3767.420975,1045.253609,LLLG
263.7332892,129.9848111,-393.7095454,2808.06435,-3735.152335,927.0504818,LLLG
254.106405,141.8445652,-395.9424154,2891.227627,-3699.19758,807.9324503,LLLG
244.2287012,153.5643768,-397.7845232,2971.537622,-3659.592194,688.017069,LLLG
234.109926,165.1326797,-399.2340508,3048.915077,-3616.375261,567.4226805,LLLG
223.7600652,176.5380575,-400.2895678,3123.283632,-3569.589431,446.2682964,LLLG
213.189333,187.7692543,-400.9500325,3194.569893,-3519.280877,324.6734819,LLLG
202.4081615,198.8151865,-401.2147931,3262.703509,-3465.499247,202.7582359,LLLG
191.4271902,209.6649529,-401.0835884,3327.61724,-3408.297617,80.64287457,LLLG
180.2572562,220.3078462,-400.5565477,3389.247025,-3347.732438,-41.55208949,LLLG
168.9093828,230.7333632,-399.6341912,3447.532042,-3283.863481,-163.7060641,LLLG
157.394769,240.931215,-398.3174292,3502.414772,-3216.753776,-285.6984985,LLLG
145.7247782,250.8913376,-396.6075611,3553.84105,-3146.469552,-407.4090005,LLLG
133.9109275,260.6039017,-394.5062744,3601.760127,-3073.080173,-528.7174569,LLLG
121.9648756,270.059322,-392.0156429,3646.124711,-2996.658064,-649.5041504,LLLG
109.8984118,279.2482673,-389.1381244,3686.891021,-2917.278644,-769.6498797,LLLG
97.72344433,288.1616691,-385.8765587,3724.018824,-2835.020251,-889.0360749,LLLG
85.45198835,296.790731,-382.2341646,3757.47148,-2749.964066,-1007.544917,LLLG
73.09615432,305.1269371,-378.2145367,3787.215975,-2662.194027,-1125.059451,LLLG
60.66813596,313.1620607,-373.8216419,3813.222956,-2571.796753,-1241.463705,LLLG
48.18019822,320.8881719,-369.0598154,3835.466756,-2478.861456,-1356.642802,LLLG
35.64466518,328.2976462,-363.9337566,3853.925423,-2383.479851,-1470.483074,LLLG
23.07390792,335.3831711,-358.4485244,3868.580741,-2285.746068,-1582.872175,LLLG
10.48033223,342.1377543,-352.6095318,3879.418247,-2185.75656,-1693.699189,LLLG
-2.123633522,348.5547296,-346.4225414,3886.427245,-2083.610002,-1802.854745,LLLG
-14.72555076,354.6277644,-339.893659,3889.600819,-1979.407203,-1910.231118,LLLG
-27.31298291,360.3508652,-333.0293277,3888.935837,-1873.250997,-2015.722342,LLLG
-39.8735077,365.7183842,-325.8363218,3884.432954,-1765.246148,-2119.224308,LLLG
-52.39472941,370.725024,-318.32174,3876.096615,-1655.499243,-2220.634874,LLLG
-64.86429109,375.365844,-310.4929982,3863.935047,-1544.11859,-2319.853959,LLLG
-77.2698868,379.636264,-302.3578225,3847.960251,-1431.214107,-2416.783646,LLLG
-89.59927372,383.5320697,-293.9242413,3828.187993,-1316.897218,-2511.328277,LLLG
-101.8402842,387.0494164,-285.2005776,3804.637785,-1201.28074,-2603.394547,LLLG
-113.9808379,390.1848329,-276.1954404,3777.33287,-1084.478772,-2692.8916,LLLG
-126.0089535,392.935225,-266.9177169,3746.300192,-966.6065835,-2779.731111,LLLG
-137.9127608,395.2978784,-257.376563,3711.570379,-847.7805005,-2863.827381,LLLG
-149.680512,397.2704613,-247.5813946,3673.177704,-728.1177899,-2945.097416,LLLG
-161.3005939,398.8510271,-237.5418785,3631.160057,-607.7365441,-3023.461014,LLLG
-172.7615389,400.0380159,-227.2679224,3585.558902,-486.7555651,-3098.840839,LLLG
-184.0520363,400.8302564,-216.7696655,3536.419244,-365.2942464,-3171.162499,LLLG
-195.1609439,401.2269667,-206.0574683,3483.789577,-243.4724557,-3240.354623,LLLG
-206.0772984,401.2277553,-195.1419023,3427.72184,-121.4104164,-3306.348925,LLLG
-216.7903267,400.8326213,-184.0337401,3368.271365,0.771411011,-3369.080278,LLLG
-227.2894564,400.0419549,-172.7439439,3305.496824,122.9524479,-3428.486773,LLLG
-237.5643261,398.8565362,-161.2836555,3239.460166,245.0121162,-3484.509783,LLLG
-247.6047958,397.2775351,-149.6641848,3170.226562,366.8299579,-3537.094021,LLLG
-257.4009567,395.3065099,-137.8969987,3097.864337,488.2857533,-3586.187591,LLLG
-266.9431411,392.9454058,-125.9937101,3022.444904,609.2596404,-3631.742046,LLLG
-276.2219322,390.1965529,-113.9660661,2944.042692,729.6322324,-3673.712426,LLLG
-285.2281728,387.0626639,-101.8259366,2862.735076,849.2847363,-3712.057314,LLLG
-293.9529749,383.5468317,-89.58530228,2778.602297,968.0990693,-3746.738867,LLLG
-302.3877282,379.6525259,-77.25624327,2691.727382,1085.957976,-3777.722859,LLLG
-310.5241085,375.3835898,-64.85092685,2602.196067,1202.745144,-3804.978712,LLLG
-318.3540863,370.7442363,-52.38159556,2510.096709,1318.345319,-3828.479529,LLLG
-325.8699342,365.7390438,-39.86055513,2415.520198,1432.644416,-3848.202115,LLLG
-333.0642352,360.372952,-27.30016232,2318.55987,1545.529638,-3864.127009,LLLG
-339.9298892,354.6512564,-14.71281271,2219.311414,1656.889578,-3876.238494,LLLG
-346.4601207,348.5796036,-2.110928495,2117.872776,1766.61434,-3884.524617,LLLG
-352.6484852,342.1639858,10.49305378,2014.344062,1874.595637,-3888.9772,LLLG
-358.4888754,335.4107343,23.08669551,1908.827445,1980.726905,-3889.591851,LLLG
-363.9755276,328.3265138,35.65756828,1801.427055,2084.903406,-3886.367961,LLLG
-369.1030272,320.9183154,48.19326617,1692.248884,2187.022329,-3879.308714,LLLG
-373.8663139,313.1934504,60.68141796,1581.400677,2286.982896,-3868.421074,LLLG
-378.260687,305.159542,73.10969935,1468.991829,2384.686458,-3853.715788,LLLG
-382.2818096,296.8245189,85.46584511,1355.133274,2480.036593,-3835.207368,LLLG
-385.9257136,288.1966067,97.73766124,1239.937375,2572.939202,-3812.914078,LLLG
-389.1888027,279.2843201,109.9130369,1123.517818,2663.302601,-3786.85792,LLLG
-392.0678567,270.0964545,121.9799566,1005.989495,2751.037613,-3757.064609,LLLG
-394.5600343,260.6420771,133.9265115,887.4683914,2836.057653,-3723.563545,LLLG
-396.662876,250.9305184,145.740912,768.0714737,2918.278818,-3686.387792,LLLG
-398.3743066,240.9713623,157.4114986,647.9165721,2997.619964,-3645.574037,LLLG
-399.6926372,230.7744375,168.926754,527.1222651,3074.002792,-3601.162558,LLLG
-400.6165666,220.3498071,180.2753138,405.8077619,3147.351922,-3553.197184,LLLG
-401.145183,209.7077588,191.4459785,284.0927857,3217.594965,-3501.725252,LLLG
-401.2779649,198.8587952,202.427724,162.0974539,3284.662602,-3446.797556,LLLG
-401.0147811,187.8136229,213.2097126,39.9421617,3348.488644,-3388.468306,LLLG
-400.3558914,176.583142,223.7813037,-82.25253875,3409.010102,-3326.795064,LLLG
-399.301946,165.1784357,234.1320646,-204.3660558,3466.16725,-3261.838695,LLLG
-397.8539851,153.6107592,244.2517802,-326.2778783,3519.90368,-3193.663302,LLLG
-396.0134375,141.8915282,254.1304636,-447.8676938,3570.16636,-3122.336167,LLLG
-393.7821198,130.0323083,263.7583658,-569.0155082,3616.905688,-3047.927681,LLLG
-391.1622339,118.044803,273.1259851,-689.6017628,3660.075538,-2970.511276,LLLG
-388.1563653,105.9408427,282.2240769,-809.5074539,3699.633306,-2890.163352,LLLG
-384.7674806,93.73237238,291.0436624,-928.6142487,3735.539953,-2806.963204,LLLG
-380.998924,81.43144041,299.5760379,-1046.804604,3767.760043,-2720.99294,LLLG
-376.8544148,69.0501863,307.8127827,-1163.961878,3796.26178,-2632.337402,LLLG
-372.338043,56.60082885,315.7457683,-1279.970454,3821.017036,-2541.084083,LLLG
-367.4542657,44.09565408,323.3671659,-1394.715842,3842.00138,-2447.323038,LLLG
-362.2079027,31.5470031,330.6694538,-1508.084805,3859.194103,-2351.146798,LLLG
-356.6041315,18.96725989,337.6454258,-1619.96546,3872.578238,-2252.650278,LLLG
-350.6484823,6.368839151,344.2881974,-1730.247395,3882.140577,-2151.930682,LLLG
-344.3468327,-6.235825999,350.5912129,-1838.821775,3887.871682,-2049.087408,LLLG
-337.7054015,-18.83429628,356.548252,-1945.581449,3889.765899,-1944.221949,LLLG
-330.7307432,-31.41413852,362.1534359,-2050.42106,3887.821356,-1837.437796,LLLG
-323.4297408,-43.96293793,367.4012329,-2153.237142,3882.039974,-1728.840332,LLLG
-315.8095995,-56.46831036,372.286464,-2253.928229,3872.427458,-1618.536728,LLLG
-307.8778396,-68.91791453,376.8043082,-2352.394952,3858.993294,-1506.635842,LLLG
-299.6422886,-81.29946417,380.9503069,-2448.540134,3841.75074,-1393.248106,LLLG
-291.1110741,-93.60074019,384.7203685,-2542.268893,3820.716813,-1278.485419,LLLG
-282.2926154,-105.8096027,388.1107723,-2633.48873,3795.91227,-1162.46104,LLLG
-273.1956152,-117.9140031,391.1181724,-2722.109621,3767.361591,-1045.28947,LLLG
-263.8290512,-129.9019957,393.739601,-2808.044109,3735.092952,-927.0863427,LLLG
-254.202167,-141.7617499,395.972471,-2891.207386,3699.138197,-807.9683109,LLLG
-244.3244632,-153.4815614,397.8145788,-2971.51738,3659.532811,-688.0529298,LLLG
-234.205688,-165.0498644,399.2641064,-3048.894836,3616.315878,-567.4585411,LLLG
-223.8558272,-176.4552421,400.3196234,-3123.263391,3569.530048,-446.3041571,LLLG
-213.285095,-187.686439,400.9800881,-3194.549651,3519.221494,-324.7093424,LLLG
-202.5039234,-198.7323712,401.2448487,-3262.683267,3465.439864,-202.7940966,LLLG
-191.5229522,-209.5821376,401.1136439,-3327.596998,3408.238234,-80.67873502,LLLG
-180.3530182,-220.225031,400.5866032,-3389.226783,3347.673055,41.51622881,LLLG
-169.0051447,-230.6505479,399.6642467,-3447.511801,3283.804098,163.6702037,LLLG
-157.4905309,-240.8483997,398.3474847,-3502.39453,3216.694393,285.6626379,LLLG
-145.8205402,-250.8085224,396.6376166,-3553.820809,3146.410169,407.3731401,LLLG
-134.0066894,-260.5210865,394.5363299,-3601.739885,3073.02079,528.6815963,LLLG
-122.0606375,-269.9765069,392.0456984,-3646.10447,2996.598681,649.4682901,LLLG
-109.9941737,-279.1654521,389.1681799,-3686.870779,2917.219261,769.6140192,LLLG
-97.81920621,-288.0788539,385.9066142,-3723.998582,2834.960869,889.0002147,LLLG
-85.54775022,-296.7079158,382.2642201,-3757.451238,2749.904683,1007.509056,LLLG
-73.19191618,-305.044122,378.2445922,-3787.195734,2662.134644,1125.023591,LLLG
-60.76389781,-313.0792456,373.8516973,-3813.202714,2571.73737,1241.427845,LLLG
-48.27596006,-320.8053568,369.0898709,-3835.446514,2478.802073,1356.606942,LLLG
-35.74042701,-328.2148311,363.9638121,-3853.905181,2383.420468,1470.447214,LLLG
-23.16966973,-335.3003561,358.4785798,-3868.560499,2285.686686,1582.836315,LLLG
-10.57609404,-342.0549392,352.6395872,-3879.398005,2185.697177,1693.663329,LLLG
2.027871725,-348.4719146,346.4525968,-3886.407003,2083.55062,1802.818885,LLLG
14.62978897,-354.5449494,339.9237144,-3889.580577,1979.347821,1910.195258,LLLG
27.21722114,-360.2680503,333.059383,-3888.915595,1873.191614,2015.686482,LLLG
39.77774594,-365.6355692,325.8663772,-3884.412712,1765.186765,2119.188448,LLLG
52.29896765,-370.6422091,318.3517954,-3876.076373,1655.43986,2220.599014,LLLG
64.76852934,-375.283029,310.5230536,-3863.914805,1544.059207,2319.818099,LLLG
77.17412507,-379.553449,302.3878779,-3847.940009,1431.154724,2416.747786,LLLG
89.50351199,-383.4492548,293.9542967,-3828.167751,1316.837836,2511.292417,LLLG
101.7445225,-386.9666015,285.2306329,-3804.617543,1201.221357,2603.358688,LLLG
113.8850762,-390.1020181,276.2254958,-3777.312628,1084.419389,2692.85574,LLLG
125.9131918,-392.8524102,266.9477722,-3746.279951,966.5472011,2779.695251,LLLG
137.8169991,-395.2150635,257.4066183,-3711.550138,847.7211182,2863.791521,LLLG
149.5847504,-397.1876465,247.61145,-3673.157463,728.0584076,2945.061557,LLLG
161.2048323,-398.7682123,237.5719338,-3631.139815,607.6771619,3023.425154,LLLG
172.6657773,-399.9552011,227.2979777,-3585.53866,486.6961829,3098.804979,LLLG
183.9562747,-400.7474416,216.7997208,-3536.399002,365.2348643,3171.126639,LLLG
195.0651822,-401.1441519,206.0875235,-3483.769335,243.4130736,3240.318763,LLLG
205.9815368,-401.1449405,195.1719576,-3427.701598,121.3510343,3306.313065,LLLG
216.6945651,-400.7498066,184.0637953,-3368.251123,-0.830793132,3369.044418,LLLG
227.1936948,-399.9591402,172.7739992,-3305.476582,-123.0118299,3428.450913,LLLG
237.4685646,-398.7737215,161.3137107,-3239.439924,-245.0714982,3484.473924,LLLG
247.5090342,-397.1947204,149.69424,-3170.20632,-366.8893398,3537.058161,LLLG
257.3051951,-395.2236953,137.9270539,-3097.844095,-488.3451353,3586.151732,LLLG
266.8473796,-392.8625912,126.0237653,-3022.424662,-609.3190223,3631.706186,LLLG
276.1261707,-390.1137382,113.9961213,-2944.02245,-729.6916144,3673.676567,LLLG
285.1324113,-386.9798493,101.8559918,-2862.714834,-849.3441181,3712.021454,LLLG
293.8572134,-383.4640171,89.61535747,-2778.582054,-968.1584512,3746.703008,LLLG
302.2919667,-379.5697114,77.28629846,-2691.70714,-1086.017358,3777.686999,LLLG
310.428347,-375.3007753,64.88098202,-2602.175825,-1202.804526,3804.942853,LLLG
318.2583248,-370.6614218,52.41165073,-2510.076466,-1318.404701,3828.443669,LLLG
325.7741728,-365.6562293,39.89061029,-2415.499956,-1432.703798,3848.166256,LLLG
332.9684737,-360.2901375,27.33021746,-2318.539628,-1545.589019,3864.09115,LLLG
339.8341277,-354.5684419,14.74286784,-2219.291172,-1656.94896,3876.202634,LLLG
346.3643593,-348.4967892,2.140983625,-2117.852534,-1766.673721,3884.488757,LLLG
352.5527237,-342.0811714,-10.46299866,-2014.32382,-1874.655019,3888.941341,LLLG
358.393114,-335.3279199,-23.05664039,-1908.807202,-1980.786287,3889.555992,LLLG
363.8797662,-328.2436993,-35.62751318,-1801.406812,-2084.962787,3886.332102,LLLG
369.0072658,-320.835501,-48.16321108,-1692.228641,-2187.081711,3879.272855,LLLG
373.7705525,-313.110636,-60.65136288,-1581.380435,-2287.042278,3868.385215,LLLG
378.1649256,-305.0767276,-73.07964427,-1468.971587,-2384.74584,3853.679929,LLLG
382.1860483,-296.7417046,-85.43579005,-1355.113032,-2480.095974,3835.171508,LLLG
385.8299522,-288.1137924,-97.70760618,-1239.917133,-2572.998583,3812.878219,LLLG
389.0930413,-279.2015058,-109.8829819,-1123.497576,-2663.361982,3786.822061,LLLG
391.9720953,-270.0136402,-121.9499015,-1005.969253,-2751.096994,3757.028749,LLLG
394.4642729,-260.5592628,-133.8964565,-887.4481492,-2836.117034,3723.527686,LLLG
396.5671147,-250.8477041,-145.710857,-768.0512313,-2918.338199,3686.351933,LLLG
398.2785453,-240.8885481,-157.3814436,-647.8963298,-2997.679346,3645.538178,LLLG
399.5968759,-230.6916233,-168.896699,-527.1020227,-3074.062174,3601.126699,LLLG
400.5208053,-220.2669929,-180.2452588,-405.7875196,-3147.411303,3553.161325,LLLG
401.0494218,-209.6249446,-191.4159235,-284.0725432,-3217.654346,3501.689392,LLLG
401.1822036,-198.775981,-202.397669,-162.0772116,-3284.721983,3446.761697,LLLG
400.9190199,-187.7308087,-213.1796576,-39.9219192,-3348.548025,3388.432447,LLLG
400.2601302,-176.5003278,-223.7512488,82.27278115,-3409.069483,3326.759205,LLLG
399.2061848,-165.0956216,-234.1020096,204.3862983,-3466.226631,3261.802836,LLLG
397.7582238,-153.527945,-244.2217252,326.2981207,-3519.963061,3193.627443,LLLG
395.9176763,-141.8087141,-254.1004087,447.8879364,-3570.225741,3122.300308,LLLG
393.6863586,-129.9494942,-263.7283109,569.0357506,-3616.96507,3047.891822,LLLG
391.0664727,-117.961989,-273.0959302,689.6220054,-3660.134919,2970.475417,LLLG
388.0606042,-105.8580286,-282.194022,809.5276963,-3699.692687,2890.127493,LLLG
384.6717194,-93.64955835,-291.0136075,928.6344913,-3735.599334,2806.927345,LLLG
380.9031629,-81.34862639,-299.545983,1046.824846,-3767.819424,2720.957081,LLLG
376.7586536,-68.96737229,-307.7827278,1163.982121,-3796.321161,2632.301543,LLLG
372.2422818,-56.51801486,-315.7157135,1279.990696,-3821.076417,2541.048224,LLLG
367.3585046,-44.01284012,-323.337111,1394.736085,-3842.060761,2447.287179,LLLG
362.1121416,-31.46418914,-330.639399,1508.105048,-3859.253484,2351.110939,LLLG
356.5083704,-18.88444595,-337.615371,1619.985703,-3872.637619,2252.614419,LLLG
350.5527212,-6.28602523,-344.2581425,1730.267638,-3882.199958,2151.894823,LLLG
344.2510716,6.318639903,-350.561158,1838.842017,-3887.931063,2049.051549,LLLG
337.6096405,18.91711017,-356.5181972,1945.601692,-3889.825279,1944.186091,LLLG
330.6349821,31.49695239,-362.1233811,2050.441302,-3887.880737,1837.401938,LLLG
323.3339797,44.04575178,-367.3711781,2153.257385,-3882.099354,1728.804473,LLLG
315.7138385,56.5511242,-372.2564092,2253.948472,-3872.486838,1618.50087,LLLG
307.7820785,69.00072835,-376.7742535,2352.415194,-3859.052674,1506.599983,LLLG
299.5465276,81.38227798,-380.9202521,2448.560377,-3841.810121,1393.212247,LLLG
291.0153131,93.68355398,-384.6903137,2542.289136,-3820.776193,1278.449561,LLLG
282.1968544,105.8924165,-388.0807175,2633.508973,-3795.971651,1162.425182,LLLG
273.0998542,117.9968168,-391.0881177,2722.129864,-3767.420972,1045.253611,LLLG
263.7332902,129.9848094,-393.7095463,2808.064352,-3735.152332,927.0504843,LLLG
254.106406,141.8445636,-395.9424162,2891.227629,-3699.197578,807.9324527,LLLG
244.2287023,153.5643751,-397.784524,2971.537623,-3659.592191,688.0170715,LLLG
234.109927,165.132678,-399.2340517,3048.915079,-3616.375258,567.4226829,LLLG
223.7600663,176.5380558,-400.2895687,3123.283633,-3569.589428,446.2682988,LLLG
213.1893341,187.7692527,-400.9500334,3194.569894,-3519.280874,324.6734843,LLLG
202.4081625,198.8151848,-401.214794,3262.70351,-3465.499244,202.7582383,LLLG
191.4271913,209.6649513,-401.0835892,3327.617241,-3408.297614,80.64287699,LLLG
180.2572573,220.3078446,-400.5565485,3389.247026,-3347.732435,-41.55208703,LLLG
168.9093839,230.7333615,-399.634192,3447.532044,-3283.863478,-163.7060617,LLLG
157.39477,240.9312133,-398.31743,3502.414773,-3216.753773,-285.6984961,LLLG
145.7247793,250.891336,-396.607562,3553.841052,-3146.46955,-407.408998,LLLG
133.9109286,260.6039,-394.5062753,3601.760129,-3073.08017,-528.7174544,LLLG
121.9648766,270.0593204,-392.0156437,3646.124713,-2996.658061,-649.504148,LLLG
109.8984129,279.2482656,-389.1381252,3686.891022,-2917.278641,-769.6498772,LLLG
97.72344538,288.1616674,-385.8765595,3724.018825,-2835.020249,-889.0360725,LLLG
85.4519894,296.7907293,-382.2341655,3757.471482,-2749.964063,-1007.544914,LLLG
73.09615537,305.1269354,-378.2145376,3787.215977,-2662.194024,-1125.059449,LLLG
60.66813701,313.162059,-373.8216428,3813.222957,-2571.79675,-1241.463703,LLLG
48.18019927,320.8881703,-369.0598163,3835.466757,-2478.861453,-1356.6428,LLLG
35.64466623,328.2976445,-363.9337575,3853.925424,-2383.479848,-1470.483072,LLLG
23.07390897,335.3831695,-358.4485252,3868.580742,-2285.746065,-1582.872172,LLLG
10.48033329,342.1377526,-352.6095327,3879.418248,-2185.756557,-1693.699187,LLLG
-2.12363247,348.554728,-346.4225423,3886.427247,-2083.61,-1802.854742,LLLG
-14.72554971,354.6277627,-339.8936598,3889.600821,-1979.4072,-1910.231116,LLLG
-27.31298186,360.3508636,-333.0293285,3888.935838,-1873.250994,-2015.722339,LLLG
-39.87350665,365.7183825,-325.8363226,3884.432955,-1765.246145,-2119.224306,LLLG
-52.39472835,370.7250224,-318.3217408,3876.096616,-1655.49924,-2220.634872,LLLG
-64.86429004,375.3658423,-310.4929991,3863.935048,-1544.118587,-2319.853957,LLLG
-77.26988575,379.6362623,-302.3578234,3847.960252,-1431.214104,-2416.783643,LLLG
-89.59927267,383.532068,-293.9242422,3828.187994,-1316.897215,-2511.328274,LLLG
-101.8402832,387.0494147,-285.2005784,3804.637787,-1201.280737,-2603.394545,LLLG
-113.9808369,390.1848313,-276.1954413,3777.332871,-1084.478769,-2692.891597,LLLG
-126.0089525,392.9352234,-266.9177178,3746.300194,-966.6065806,-2779.731108,LLLG
-137.9127597,395.2978767,-257.3765638,3711.570381,-847.7804976,-2863.827378,LLLG
-149.680511,397.2704596,-247.5813955,3673.177706,-728.117787,-2945.097414,LLLG
-161.3005929,398.8510254,-237.5418794,3631.160058,-607.7365412,-3023.461012,LLLG
-172.7615378,400.0380143,-227.2679233,3585.558903,-486.7555623,-3098.840836,LLLG
-184.0520353,400.8302547,-216.7696664,3536.419245,-365.2942435,-3171.162497,LLLG
-195.1609428,401.226965,-206.0574691,3483.789578,-243.4724529,-3240.35462,LLLG
-206.0772973,401.2277536,-195.1419032,3427.721841,-121.4104135,-3306.348923,LLLG
-216.7903257,400.8326197,-184.0337409,3368.271367,0.771413878,-3369.080275,LLLG
-227.2894554,400.0419532,-172.7439448,3305.496825,122.9524508,-3428.486771,LLLG
-237.5643251,398.8565345,-161.2836564,3239.460167,245.012119,-3484.509781,LLLG
-247.6047948,397.2775334,-149.6641856,3170.226563,366.8299607,-3537.094019,LLLG
-257.4009556,395.3065082,-137.8969996,3097.864338,488.2857561,-3586.187589,LLLG
-266.9431401,392.9454041,-125.993711,3022.444905,609.2596433,-3631.742043,LLLG
-276.2219312,390.1965512,-113.966067,2944.042694,729.6322353,-3673.712424,LLLG
-285.2281718,387.0626622,-101.8259374,2862.735078,849.2847391,-3712.057312,LLLG
-293.9529739,383.54683,-89.58530314,2778.602298,968.0990721,-3746.738865,LLLG
-302.3877271,379.6525243,-77.25624413,2691.727383,1085.957979,-3777.722857,LLLG
-310.5241074,375.3835882,-64.85092771,2602.196068,1202.745147,-3804.97871,LLLG
-318.3540852,370.7442346,-52.38159642,2510.09671,1318.345322,-3828.479526,LLLG
-325.8699332,365.7390422,-39.86055599,2415.520199,1432.644419,-3848.202113,LLLG
-333.0642341,360.3729503,-27.30016318,2318.559872,1545.529641,-3864.127007,LLLG
-339.9298882,354.6512547,-14.71281357,2219.311416,1656.889581,-3876.238491,LLLG
-346.4601197,348.579602,-2.110929355,2117.872777,1766.614343,-3884.524614,LLLG
-352.6484841,342.1639842,10.49305292,2014.344064,1874.59564,-3888.977198,LLLG
-358.4888743,335.4107326,23.08669465,1908.827446,1980.726908,-3889.591849,LLLG
-363.9755266,328.3265121,35.65756742,1801.427056,2084.903409,-3886.367959,LLLG
-369.1030261,320.9183138,48.19326531,1692.248885,2187.022332,-3879.308711,LLLG
-373.8663129,313.1934487,60.6814171,1581.400679,2286.982899,-3868.421072,LLLG
-378.2606859,305.1595404,73.10969849,1468.991831,2384.686461,-3853.715786,LLLG
-382.2818086,296.8245173,85.46584425,1355.133275,2480.036596,-3835.207365,LLLG
-385.9257125,288.196605,97.73766038,1239.937377,2572.939205,-3812.914076,LLLG
-389.1888016,279.2843185,109.9130361,1123.51782,2663.302604,-3786.857918,LLLG
-392.0678556,270.0964528,121.9799557,1005.989497,2751.037616,-3757.064606,LLLG
-394.5600332,260.6420755,133.9265106,887.4683929,2836.057656,-3723.563543,LLLG
-396.662875,250.9305167,145.7409111,768.0714752,2918.278821,-3686.38779,LLLG
-398.3743056,240.9713607,157.4114978,647.9165735,2997.619967,-3645.574035,LLLG
-399.6926361,230.7744359,168.9267531,527.1222665,3074.002795,-3601.162556,LLLG
-400.6165655,220.3498054,180.275313,405.8077634,3147.351925,-3553.197182,LLLG
-401.145182,209.7077572,191.4459777,284.0927871,3217.594968,-3501.725249,LLLG
-401.2779639,198.8587936,202.4277231,162.0974554,3284.662605,-3446.797554,LLLG
-401.0147801,187.8136212,213.2097117,39.94216313,3348.488647,-3388.468303,LLLG
-400.3558904,176.5831403,223.7813029,-82.25253731,3409.010105,-3326.795061,LLLG
-399.301945,165.1784341,234.1320637,-204.3660543,3466.167253,-3261.838692,LLLG
-397.853984,153.6107575,244.2517793,-326.2778769,3519.903683,-3193.663299,LLLG
-396.0134365,141.8915265,254.1304628,-447.8676924,3570.166363,-3122.336164,LLLG
-393.7821187,130.0323066,263.7583649,-569.0155067,3616.905691,-3047.927678,LLLG
-391.1622328,118.0448014,273.1259843,-689.6017614,3660.075541,-2970.511273,LLLG
-388.1563643,105.940841,282.2240761,-809.5074524,3699.633309,-2890.16335,LLLG
-384.7674795,93.73237072,291.0436616,-928.6142473,3735.539956,-2806.963202,LLLG
-380.998923,81.43143875,299.576037,-1046.804602,3767.760046,-2720.992938,LLLG
-376.8544137,69.05018463,307.8127819,-1163.961877,3796.261783,-2632.3374,LLLG
-372.3380419,56.60082719,315.7457675,-1279.970452,3821.017039,-2541.08408,LLLG
-367.4542647,44.09565242,323.367165,-1394.715841,3842.001383,-2447.323035,LLLG
-362.2079017,31.54700144,330.669453,-1508.084804,3859.194106,-2351.146796,LLLG
-356.6041305,18.96725823,337.645425,-1619.965459,3872.578241,-2252.650276,LLLG
-350.6484813,6.36883749,344.2881965,-1730.247394,3882.14058,-2151.930679,LLLG
-344.3468316,-6.235827661,350.591212,-1838.821773,3887.871685,-2049.087405,LLLG
-337.7054005,-18.83429794,356.5482511,-1945.581448,3889.765901,-1944.221947,LLLG
-330.7307421,-31.41414018,362.153435,-2050.421058,3887.821359,-1837.437794,LLLG
-323.4297397,-43.96293959,367.401232,-2153.237141,3882.039977,-1728.840329,LLLG
-315.8095985,-56.46831203,372.2864632,-2253.928228,3872.427461,-1618.536726,LLLG
-307.8778385,-68.91791619,376.8043074,-2352.39495,3858.993297,-1506.635839,LLLG
-299.6422875,-81.29946583,380.9503061,-2448.540133,3841.750743,-1393.248103,LLLG
-291.1110731,-93.60074186,384.7203676,-2542.268892,3820.716816,-1278.485417,LLLG
-282.2926144,-105.8096044,388.1107714,-2633.488729,3795.912273,-1162.461038,LLLG
-273.1956142,-117.9140047,391.1181716,-2722.10962,3767.361594,-1045.289467,LLLG
-263.8290502,-129.9019974,393.7396002,-2808.044107,3735.092955,-927.0863402,LLLG
-254.202166,-141.7617515,395.9724701,-2891.207384,3699.1382,-807.9683085,LLLG
-244.3244622,-153.4815631,397.8145779,-2971.517379,3659.532814,-688.0529274,LLLG
-234.2056869,-165.049866,399.2641055,-3048.894835,3616.31588,-567.4585386,LLLG
-223.8558261,-176.4552438,400.3196226,-3123.263389,3569.530051,-446.3041547,LLLG
-213.285094,-187.6864407,400.9800872,-3194.54965,3519.221497,-324.70934,LLLG
-202.5039224,-198.7323729,401.2448478,-3262.683266,3465.439867,-202.7940942,LLLG
-191.5229511,-209.5821393,401.113643,-3327.596997,3408.238237,-80.6787326,LLLG
-180.3530171,-220.2250326,400.5866023,-3389.226782,3347.673058,41.51623126,LLLG
-169.0051437,-230.6505496,399.6642458,-3447.511799,3283.8041,163.6702061,LLLG
-157.4905298,-240.8484014,398.3474838,-3502.394528,3216.694396,285.6626403,LLLG
-145.8205391,-250.8085241,396.6376158,-3553.820807,3146.410172,407.3731425,LLLG
-134.0066884,-260.5210882,394.5363291,-3601.739884,3073.020793,528.6815987,LLLG
-122.0606364,-269.9765085,392.0456975,-3646.104468,2996.598683,649.4682925,LLLG
-109.9941727,-279.1654538,389.168179,-3686.870778,2917.219264,769.6140216,LLLG
-97.81920516,-288.0788556,385.9066133,-3723.998581,2834.960871,889.0002171,LLLG
-85.54774917,-296.7079175,382.2642192,-3757.451237,2749.904686,1007.509059,LLLG
-73.19191513,-305.0441237,378.2445913,-3787.195732,2662.134647,1125.023593,LLLG
-60.76389676,-313.0792472,373.8516965,-3813.202713,2571.737373,1241.427847,LLLG
-48.275959,-320.8053585,369.08987,-3835.446513,2478.802076,1356.606944,LLLG
-35.74042596,-328.2148328,363.9638112,-3853.90518,2383.420471,1470.447217,LLLG
-23.16966868,-335.3003577,358.4785789,-3868.560498,2285.686688,1582.836317,LLLG
-10.57609299,-342.0549409,352.6395864,-3879.398004,2185.69718,1693.663332,LLLG
2.027872777,-348.4719163,346.452596,-3886.407002,2083.550623,1802.818887,LLLG
14.62979003,-354.5449511,339.9237135,-3889.580576,1979.347823,1910.19526,LLLG
27.21722219,-360.2680519,333.0593822,-3888.915593,1873.191617,2015.686484,LLLG
39.77774699,-365.6355708,325.8663763,-3884.412711,1765.186768,2119.188451,LLLG
52.2989687,-370.6422107,318.3517945,-3876.076372,1655.439863,2220.599016,LLLG
64.7685304,-375.2830307,310.5230527,-3863.914803,1544.05921,2319.818101,LLLG
77.17412612,-379.5534507,302.387877,-3847.940007,1431.154727,2416.747788,LLLG
89.50351305,-383.4492564,293.9542958,-3828.167749,1316.837838,2511.292419,LLLG
101.7445236,-386.9666032,285.230632,-3804.617542,1201.22136,2603.35869,LLLG
113.8850773,-390.1020197,276.2254949,-3777.312626,1084.419392,2692.855742,LLLG
125.9131929,-392.8524118,266.9477714,-3746.279949,966.547204,2779.695253,LLLG
137.8170001,-395.2150652,257.4066174,-3711.550136,847.7211211,2863.791523,LLLG
149.5847514,-397.1876481,247.6114491,-3673.157461,728.0584104,2945.061559,LLLG
161.2048333,-398.7682139,237.571933,-3631.139813,607.6771648,3023.425157,LLLG
172.6657783,-399.9552028,227.2979769,-3585.538659,486.6961858,3098.804981,LLLG
183.9562757,-400.7474433,216.7997199,-3536.399,365.2348671,3171.126642,LLLG
195.0651833,-401.1441536,206.0875227,-3483.769333,243.4130764,3240.318765,LLLG
205.9815378,-401.1449422,195.1719567,-3427.701596,121.3510372,3306.313068,LLLG
216.6945662,-400.7498083,184.0637945,-3368.251122,-0.830790266,3369.044421,LLLG
227.1936959,-399.9591418,172.7739983,-3305.47658,-123.011827,3428.450916,LLLG
237.4685656,-398.7737232,161.3137099,-3239.439922,-245.0714954,3484.473926,LLLG
247.5090353,-397.1947221,149.6942391,-3170.206318,-366.889337,3537.058164,LLLG
257.3051962,-395.2236969,137.9270531,-3097.844093,-488.3451324,3586.151734,LLLG
266.8473806,-392.8625928,126.0237645,-3022.42466,-609.3190194,3631.706188,LLLG
276.1261717,-390.1137399,113.9961205,-2944.022449,-729.6916115,3673.676569,LLLG
285.1324123,-386.979851,101.8559909,-2862.714833,-849.3441153,3712.021457,LLLG
293.8572144,-383.4640188,89.61535661,-2778.582053,-968.1584483,3746.70301,LLLG
302.2919677,-379.569713,77.2862976,-2691.707138,-1086.017355,3777.687002,LLLG
310.428348,-375.3007769,64.88098116,-2602.175823,-1202.804523,3804.942855,LLLG
318.2583258,-370.6614234,52.41164987,-2510.076465,-1318.404698,3828.443672,LLLG
325.7741738,-365.656231,39.89060943,-2415.499954,-1432.703795,3848.166259,LLLG
332.9684748,-360.2901391,27.3302166,-2318.539627,-1545.589016,3864.091152,LLLG
339.8341288,-354.5684435,14.74286698,-2219.291171,-1656.948957,3876.202637,LLLG
346.3643603,-348.4967908,2.140982765,-2117.852532,-1766.673719,3884.48876,LLLG
352.5527248,-342.081173,-10.46299952,-2014.323819,-1874.655016,3888.941344,LLLG
358.393115,-335.3279215,-23.05664125,-1908.807201,-1980.786284,3889.555994,LLLG
363.8797672,-328.243701,-35.62751404,-1801.406811,-2084.962785,3886.332105,LLLG
369.0072668,-320.8355027,-48.16321194,-1692.22864,-2187.081708,3879.272857,LLLG
373.7705536,-313.1106376,-60.65136373,-1581.380434,-2287.042275,3868.385218,LLLG
378.1649266,-305.0767293,-73.07964513,-1468.971586,-2384.745837,3853.679932,LLLG
382.1860493,-296.7417062,-85.43579091,-1355.11303,-2480.095971,3835.171511,LLLG
385.8299533,-288.113794,-97.70760704,-1239.917132,-2572.99858,3812.878221,LLLG
389.0930424,-279.2015075,-109.8829827,-1123.497575,-2663.361979,3786.822063,LLLG
391.9720964,-270.0136418,-121.9499024,-1005.969251,-2751.096991,3757.028752,LLLG
394.464274,-260.5592645,-133.8964573,-887.4481477,-2836.117032,3723.527689,LLLG
396.5671157,-250.8477057,-145.7108578,-768.0512299,-2918.338196,3686.351935,LLLG
398.2785464,-240.8885497,-157.3814445,-647.8963283,-2997.679343,3645.53818,LLLG
399.5968769,-230.691625,-168.8966998,-527.1020212,-3074.062171,3601.126701,LLLG
400.5208063,-220.2669945,-180.2452597,-405.7875182,-3147.4113,3553.161328,LLLG
401.0494228,-209.6249463,-191.4159244,-284.0725417,-3217.654344,3501.689395,LLLG
401.1822047,-198.7759827,-202.3976699,-162.0772101,-3284.72198,3446.7617,LLLG
400.9190209,-187.7308104,-213.1796584,-39.92191777,-3348.548022,3388.432449,LLLG
400.2601312,-176.5003295,-223.7512496,82.27278259,-3409.06948,3326.759207,LLLG
399.2061858,-165.0956233,-234.1020105,204.3862997,-3466.226628,3261.802838,LLLG
397.7582249,-153.5279467,-244.2217261,326.2981222,-3519.963058,3193.627445,LLLG
395.9176774,-141.8087158,-254.1004095,447.8879378,-3570.225738,3122.30031,LLLG
393.6863596,-129.9494959,-263.7283117,569.0357521,-3616.965067,3047.891824,LLLG
391.0664737,-117.9619906,-273.0959311,689.6220068,-3660.134916,2970.475419,LLLG
388.0606052,-105.8580303,-282.1940229,809.5276978,-3699.692684,2890.127496,LLLG
384.6717205,-93.64956001,-291.0136084,928.6344927,-3735.599331,2806.927348,LLLG
380.9031639,-81.34862805,-299.5459838,1046.824847,-3767.819421,2720.957084,LLLG
376.7586547,-68.96737395,-307.7827287,1163.982123,-3796.321158,2632.301546,LLLG
372.2422829,-56.51801652,-315.7157143,1279.990698,-3821.076414,2541.048226,LLLG
367.3585056,-44.01284178,-323.3371118,1394.736087,-3842.060758,2447.287181,LLLG
362.1121427,-31.4641908,-330.6393998,1508.105049,-3859.253481,2351.110942,LLLG
356.5083715,-18.88444761,-337.6153718,1619.985704,-3872.637616,2252.614422,LLLG
350.5527223,-6.286026892,-344.2581434,1730.267639,-3882.199955,2151.894826,LLLG
344.2510727,6.318638242,-350.5611589,1838.842019,-3887.93106,2049.051552,LLLG
337.6096415,18.9171085,-356.518198,1945.601693,-3889.825276,1944.186093,LLLG
330.6349832,31.49695072,-362.1233819,2050.441304,-3887.880734,1837.40194,LLLG
323.3339808,44.04575012,-367.3711789,2153.257386,-3882.099352,1728.804476,LLLG
315.7138395,56.55112254,-372.2564101,2253.948474,-3872.486835,1618.500872,LLLG
307.7820796,69.00072669,-376.7742543,2352.415196,-3859.052671,1506.599986,LLLG
299.5465286,81.38227632,-380.920253,2448.560379,-3841.810118,1393.21225,LLLG
291.0153142,93.68355232,-384.6903145,2542.289138,-3820.776191,1278.449563,LLLG
282.1968555,105.8924148,-388.0807184,2633.508974,-3795.971648,1162.425184,LLLG
273.0998553,117.9968152,-391.0881185,2722.129865,-3767.420969,1045.253614,LLLG
263.7332913,129.9848078,-393.7095471,2808.064353,-3735.152329,927.0504867,LLLG
254.1064071,141.8445619,-395.9424171,2891.22763,-3699.197575,807.9324551,LLLG
244.2287033,153.5643735,-397.7845249,2971.537625,-3659.592188,688.0170739,LLLG
234.1099281,165.1326764,-399.2340525,3048.91508,-3616.375255,567.4226854,LLLG
223.7600673,176.5380541,-400.2895696,3123.283635,-3569.589426,446.2683013,LLLG
213.1893351,187.769251,-400.9500343,3194.569896,-3519.280872,324.6734867,LLLG
202.4081636,198.8151832,-401.2147949,3262.703511,-3465.499242,202.7582408,LLLG
191.4271923,209.6649496,-401.0835901,3327.617243,-3408.297611,80.64287942,LLLG
180.2572583,220.3078429,-400.5565494,3389.247028,-3347.732432,-41.55208458,LLLG
168.9093849,230.7333598,-399.6341929,3447.532045,-3283.863475,-163.7060592,LLLG
157.3947711,240.9312116,-398.3174309,3502.414774,-3216.75377,-285.6984936,LLLG
145.7247803,250.8913343,-396.6075628,3553.841053,-3146.469547,-407.4089956,LLLG
133.9109296,260.6038984,-394.5062761,3601.76013,-3073.080167,-528.7174519,LLLG
121.9648777,270.0593187,-392.0156446,3646.124714,-2996.658058,-649.5041455,LLLG
109.8984139,279.248264,-389.1381261,3686.891024,-2917.278638,-769.6498748,LLLG
97.72344644,288.1616658,-385.8765604,3724.018827,-2835.020246,-889.0360701,LLLG
85.45199045,296.7907277,-382.2341663,3757.471483,-2749.96406,-1007.544912,LLLG
73.09615642,305.1269338,-378.2145384,3787.215978,-2662.194021,-1125.059446,LLLG
60.66813806,313.1620573,-373.8216436,3813.222959,-2571.796747,-1241.4637,LLLG
48.18020032,320.8881686,-369.0598171,3835.466759,-2478.86145,-1356.642797,LLLG
35.64466729,328.2976428,-363.9337584,3853.925426,-2383.479845,-1470.48307,LLLG
23.07391002,335.3831678,-358.4485261,3868.580744,-2285.746063,-1582.87217,LLLG
10.48033434,342.137751,-352.6095335,3879.41825,-2185.756554,-1693.699185,LLLG
-2.123631418,348.5547263,-346.4225431,3886.427248,-2083.609997,-1802.85474,LLLG
-14.72554866,354.6277611,-339.8936607,3889.600822,-1979.407197,-1910.231113,LLLG
-27.31298081,360.3508619,-333.0293294,3888.935839,-1873.250991,-2015.722337,LLLG
-39.8735056,365.7183808,-325.8363235,3884.432957,-1765.246142,-2119.224303,LLLG
-52.3947273,370.7250207,-318.3217417,3876.096618,-1655.499237,-2220.634869,LLLG
-64.86428899,375.3658406,-310.4929999,3863.935049,-1544.118584,-2319.853954,LLLG
-77.2698847,379.6362606,-302.3578242,3847.960254,-1431.214101,-2416.783641,LLLG
-89.59927162,383.5320663,-293.924243,3828.187996,-1316.897212,-2511.328272,LLLG
-101.8402821,387.0494131,-285.2005793,3804.637788,-1201.280734,-2603.394543,LLLG
-113.9808358,390.1848296,-276.1954421,3777.332873,-1084.478766,-2692.891595,LLLG
-126.0089514,392.9352217,-266.9177186,3746.300195,-966.6065778,-2779.731106,LLLG
-137.9127587,395.297875,-257.3765647,3711.570382,-847.7804948,-2863.827376,LLLG
-149.6805099,397.270458,-247.5813964,3673.177707,-728.1177841,-2945.097412,LLLG
-161.3005918,398.8510237,-237.5418803,3631.160059,-607.7365384,-3023.461009,LLLG
-172.7615368,400.0380126,-227.2679242,3585.558905,-486.7555594,-3098.840834,LLLG
-184.0520342,400.8302531,-216.7696672,3536.419247,-365.2942407,-3171.162494,LLLG
-195.1609418,401.2269634,-206.05747,3483.789579,-243.47245,-3240.354618,LLLG
-206.0772963,401.2277519,-195.141904,3427.721843,-121.4104107,-3306.34892,LLLG
-216.7903246,400.832618,-184.0337418,3368.271368,0.771416743,-3369.080273,LLLG
-227.2894543,400.0419516,-172.7439456,3305.496827,122.9524536,-3428.486768,LLLG
-237.564324,398.8565329,-161.2836572,3239.460169,245.0121219,-3484.509779,LLLG
-247.6047937,397.2775318,-149.6641865,3170.226565,366.8299636,-3537.094016,LLLG
-257.4009546,395.3065066,-137.8970004,3097.86434,488.285759,-3586.187587,LLLG
-266.943139,392.9454025,-125.9937118,3022.444907,609.2596461,-3631.742041,LLLG
-276.2219301,390.1965495,-113.9660679,2944.042695,729.6322381,-3673.712421,LLLG
-285.2281707,387.0626606,-101.8259383,2862.735079,849.284742,-3712.057309,LLLG
-293.9529728,383.5468284,-89.585304,2778.602299,968.099075,-3746.738862,LLLG
-302.3877261,379.6525226,-77.25624499,2691.727385,1085.957982,-3777.722854,LLLG
-310.5241064,375.3835865,-64.85092857,2602.19607,1202.74515,-3804.978707,LLLG
-318.3540842,370.744233,-52.38159728,2510.096711,1318.345325,-3828.479524,LLLG
-325.8699321,365.7390405,-39.86055685,2415.520201,1432.644422,-3848.202111,LLLG
-333.0642331,360.3729486,-27.30016404,2318.559873,1545.529643,-3864.127004,LLLG
-339.9298871,354.651253,-14.71281443,2219.311417,1656.889584,-3876.238489,LLLG
-346.4601186,348.5796003,-2.110930215,2117.872779,1766.614346,-3884.524612,LLLG
-352.6484831,342.1639825,10.49305206,2014.344065,1874.595643,-3888.977196,LLLG
-358.4888733,335.410731,23.08669379,1908.827448,1980.726911,-3889.591846,LLLG
-363.9755255,328.3265104,35.65756656,1801.427058,2084.903412,-3886.367957,LLLG
-369.1030251,320.9183121,48.19326445,1692.248887,2187.022335,-3879.308709,LLLG
-373.8663118,313.193447,60.68141624,1581.40068,2286.982902,-3868.42107,LLLG
-378.2606849,305.1595387,73.10969763,1468.991832,2384.686464,-3853.715784,LLLG
-382.2818075,296.8245156,85.46584339,1355.133277,2480.036599,-3835.207363,LLLG
-385.9257115,288.1966034,97.73765952,1239.937378,2572.939207,-3812.914073,LLLG
-389.1888006,279.2843168,109.9130352,1123.517821,2663.302607,-3786.857915,LLLG
-392.0678546,270.0964512,121.9799548,1005.989498,2751.037618,-3757.064604,LLLG
-394.5600322,260.6420738,133.9265098,887.4683943,2836.057659,-3723.56354,LLLG
-396.6628739,250.930515,145.7409103,768.0714766,2918.278823,-3686.387787,LLLG
-398.3743045,240.971359,157.4114969,647.916575,2997.61997,-3645.574032,LLLG
-399.6926351,230.7744342,168.9267522,527.1222679,3074.002798,-3601.162553,LLLG
-400.6165645,220.3498038,180.2753121,405.8077648,3147.351927,-3553.197179,LLLG
-401.1451809,209.7077555,191.4459768,284.0927885,3217.594971,-3501.725247,LLLG
-401.2779628,198.8587919,202.4277223,162.0974568,3284.662608,-3446.797551,LLLG
-401.014779,187.8136195,213.2097108,39.94216455,3348.488649,-3388.468301,LLLG
-400.3558893,176.5831387,223.781302,-82.25253588,3409.010108,-3326.795059,LLLG
-399.3019439,165.1784324,234.1320629,-204.3660529,3466.167256,-3261.83869,LLLG
-397.853983,153.6107558,244.2517785,-326.2778754,3519.903685,-3193.663297,LLLG
-396.0134354,141.8915249,254.1304619,-447.867691,3570.166366,-3122.336162,LLLG
-393.7821177,130.032305,263.7583641,-569.0155053,3616.905694,-3047.927676,LLLG
-391.1622318,118.0447997,273.1259834,-689.6017599,3660.075544,-2970.511271,LLLG
-388.1563632,105.9408394,282.2240752,-809.507451,3699.633311,-2890.163347,LLLG
-384.7674785,93.73236906,291.0436607,-928.6142458,3735.539958,-2806.963199,LLLG
-380.9989219,81.43143708,299.5760361,-1046.804601,3767.760049,-2720.992935,LLLG
-376.8544127,69.05018297,307.812781,-1163.961876,3796.261786,-2632.337397,LLLG
-372.3380409,56.60082553,315.7457666,-1279.970451,3821.017042,-2541.084078,LLLG
-367.4542636,44.09565076,323.3671641,-1394.71584,3842.001386,-2447.323033,LLLG
-362.2079006,31.54699977,330.6694521,-1508.084802,3859.194109,-2351.146793,LLLG
-356.6041294,18.96725657,337.6454241,-1619.965457,3872.578244,-2252.650273,LLLG
-350.6484802,6.368835829,344.2881957,-1730.247392,3882.140583,-2151.930677,LLLG
-344.3468306,-6.235829322,350.5912112,-1838.821772,3887.871688,-2049.087403,LLLG
-337.7053994,-18.8342996,356.5482503,-1945.581446,3889.765904,-1944.221944,LLLG
-330.7307411,-31.41414184,362.1534342,-2050.421057,3887.821362,-1837.437791,LLLG
-323.4297387,-43.96294125,367.4012312,-2153.237139,3882.03998,-1728.840327,LLLG
-315.8095974,-56.46831369,372.2864623,-2253.928227,3872.427463,-1618.536723,LLLG
-307.8778375,-68.91791785,376.8043065,-2352.394949,3858.993299,-1506.635837,LLLG
-299.6422865,-81.2994675,380.9503052,-2448.540131,3841.750746,-1393.248101,LLLG
-291.111072,-93.60074352,384.7203667,-2542.268891,3820.716819,-1278.485414,LLLG
-282.2926133,-105.809606,388.1107706,-2633.488727,3795.912276,-1162.461035,LLLG
-273.1956131,-117.9140064,391.1181707,-2722.109618,3767.361597,-1045.289465,LLLG
-263.8290491,-129.901999,393.7395993,-2808.044106,3735.092958,-927.0863378,LLLG
-254.2021649,-141.7617532,395.9724693,-2891.207383,3699.138203,-807.968306,LLLG
-244.3244611,-153.4815647,397.814577,-2971.517378,3659.532816,-688.0529249,LLLG
-234.2056859,-165.0498677,399.2641047,-3048.894833,3616.315883,-567.4585362,LLLG
-223.8558251,-176.4552455,400.3196217,-3123.263388,3569.530054,-446.3041522,LLLG
-213.2850929,-187.6864423,400.9800864,-3194.549648,3519.2215,-324.7093375,LLLG
-202.5039213,-198.7323745,401.244847,-3262.683264,3465.43987,-202.7940917,LLLG
-191.5229501,-209.582141,401.1136422,-3327.596996,3408.23824,-80.67873017,LLLG
-180.3530161,-220.2250343,400.5866015,-3389.22678,3347.673061,41.51623371,LLLG
-169.0051426,-230.6505512,399.664245,-3447.511798,3283.804103,163.6702085,LLLG
-157.4905288,-240.8484031,398.347483,-3502.394527,3216.694398,285.6626428,LLLG
-145.8205381,-250.8085257,396.6376149,-3553.820806,3146.410175,407.3731449,LLLG
-134.0066873,-260.5210898,394.5363282,-3601.739883,3073.020796,528.6816012,LLLG
-122.0606354,-269.9765102,392.0456966,-3646.104467,2996.598686,649.4682949,LLLG
-109.9941716,-279.1654554,389.1681781,-3686.870776,2917.219267,769.6140241,LLLG
-97.81920411,-288.0788573,385.9066124,-3723.998579,2834.960874,889.0002195,LLLG
-85.54774812,-296.7079192,382.2642183,-3757.451236,2749.904689,1007.509061,LLLG
-73.19191408,-305.0441253,378.2445904,-3787.195731,2662.13465,1125.023596,LLLG
-60.7638957,-313.0792489,373.8516956,-3813.202711,2571.737376,1241.42785,LLLG
-48.27595795,-320.8053602,369.0898692,-3835.446511,2478.802079,1356.606947,LLLG
-35.74042491,-328.2148344,363.9638104,-3853.905178,2383.420474,1470.447219,LLLG
-23.16966763,-335.3003594,358.4785781,-3868.560496,2285.686691,1582.83632,LLLG
-10.57609194,-342.0549426,352.6395855,-3879.398002,2185.697183,1693.663334,LLLG
2.027873829,-348.4719179,346.4525951,-3886.407001,2083.550626,1802.81889,LLLG
14.62979108,-354.5449527,339.9237126,-3889.580574,1979.347826,1910.195263,LLLG
27.21722324,-360.2680536,333.0593813,-3888.915592,1873.19162,2015.686486,LLLG
39.77774804,-365.6355725,325.8663755,-3884.412709,1765.186771,2119.188453,LLLG
52.29896975,-370.6422124,318.3517936,-3876.07637,1655.439866,2220.599019,LLLG
64.76853145,-375.2830323,310.5230519,-3863.914802,1544.059213,2319.818104,LLLG
77.17412717,-379.5534524,302.3878762,-3847.940006,1431.15473,2416.747791,LLLG
89.5035141,-383.4492581,293.954295,-3828.167748,1316.837841,2511.292422,LLLG
101.7445246,-386.9666048,285.2306312,-3804.617541,1201.221363,2603.358692,LLLG
113.8850783,-390.1020214,276.225494,-3777.312625,1084.419395,2692.855745,LLLG
125.9131939,-392.8524135,266.9477705,-3746.279948,966.5472069,2779.695256,LLLG
137.8170012,-395.2150669,257.4066166,-3711.550135,847.721124,2863.791526,LLLG
149.5847525,-397.1876498,247.6114482,-3673.15746,728.0584133,2945.061561,LLLG
161.2048344,-398.7682156,237.5719321,-3631.139812,607.6771676,3023.425159,LLLG
172.6657794,-399.9552045,227.297976,-3585.538657,486.6961886,3098.804984,LLLG
183.9562768,-400.747445,216.7997191,-3536.398999,365.23487,3171.126644,LLLG
195.0651843,-401.1441553,206.0875218,-3483.769332,243.4130793,3240.318768,LLLG
205.9815389,-401.1449438,195.1719559,-3427.701595,121.35104,3306.31307,LLLG
216.6945672,-400.7498099,184.0637936,-3368.251121,-0.830787402,3369.044423,LLLG
227.1936969,-399.9591435,172.7739974,-3305.476579,-123.0118242,3428.450918,LLLG
237.4685667,-398.7737248,161.313709,-3239.439921,-245.0714925,3484.473929,LLLG
247.5090363,-397.1947237,149.6942383,-3170.206317,-366.8893341,3537.058166,LLLG
257.3051972,-395.2236986,137.9270522,-3097.844092,-488.3451296,3586.151737,LLLG
266.8473817,-392.8625945,126.0237636,-3022.424659,-609.3190166,3631.706191,LLLG
276.1261728,-390.1137416,113.9961196,-2944.022448,-729.6916086,3673.676572,LLLG
285.1324134,-386.9798526,101.8559901,-2862.714831,-849.3441124,3712.021459,LLLG
293.8572155,-383.4640204,89.61535575,-2778.582052,-968.1584454,3746.703013,LLLG
302.2919688,-379.5697147,77.28629674,-2691.707137,-1086.017352,3777.687004,LLLG
310.4283491,-375.3007786,64.8809803,-2602.175822,-1202.80452,3804.942858,LLLG
318.2583269,-370.6614251,52.41164901,-2510.076464,-1318.404695,3828.443674,LLLG
325.7741749,-365.6562326,39.89060857,-2415.499953,-1432.703792,3848.166261,LLLG
332.9684758,-360.2901408,27.33021574,-2318.539625,-1545.589014,3864.091155,LLLG
339.8341298,-354.5684452,14.74286612,-2219.291169,-1656.948954,3876.202639,LLLG
346.3643614,-348.4967925,2.140981905,-2117.852531,-1766.673716,3884.488762,LLLG
352.5527258,-342.0811747,-10.46300038,-2014.323817,-1874.655013,3888.941346,LLLG
358.3931161,-335.3279232,-23.05664211,-1908.8072,-1980.786281,3889.555996,LLLG
363.8797683,-328.2437027,-35.6275149,-1801.40681,-2084.962782,3886.332107,LLLG
369.0072679,-320.8355044,-48.1632128,-1692.228639,-2187.081705,3879.272859,LLLG
373.7705546,-313.1106393,-60.65136459,-1581.380432,-2287.042272,3868.38522,LLLG
378.1649277,-305.076731,-73.07964599,-1468.971584,-2384.745834,3853.679934,LLLG
382.1860504,-296.7417079,-85.43579176,-1355.113029,-2480.095969,3835.171513,LLLG
385.8299543,-288.1137957,-97.7076079,-1239.91713,-2572.998577,3812.878224,LLLG
389.0930434,-279.2015091,-109.8829836,-1123.497573,-2663.361977,3786.822066,LLLG
391.9720974,-270.0136435,-121.9499032,-1005.96925,-2751.096988,3757.028754,LLLG
394.464275,-260.5592662,-133.8964582,-887.4481463,-2836.117029,3723.527691,LLLG
396.5671168,-250.8477074,-145.7108587,-768.0512285,-2918.338193,3686.351938,LLLG
398.2785474,-240.8885514,-157.3814453,-647.8963269,-2997.67934,3645.538183,LLLG
399.596878,-230.6916266,-168.8967007,-527.1020198,-3074.062168,3601.126704,LLLG
400.5208074,-220.2669962,-180.2452605,-405.7875167,-3147.411297,3553.16133,LLLG
401.0494239,-209.624948,-191.4159252,-284.0725403,-3217.654341,3501.689397,LLLG
401.1822057,-198.7759844,-202.3976707,-162.0772087,-3284.721977,3446.761702,LLLG
400.919022,-187.730812,-213.1796593,-39.92191635,-3348.548019,3388.432452,LLLG
400.2601323,-176.5003312,-223.7512505,82.27278402,-3409.069477,3326.75921,LLLG
399.2061869,-165.0956249,-234.1020113,204.3863011,-3466.226625,3261.80284,LLLG
397.758226,-153.5279484,-244.221727,326.2981236,-3519.963055,3193.627448,LLLG
395.9176784,-141.8087174,-254.1004104,447.8879392,-3570.225736,3122.300313,LLLG
393.6863607,-129.9494975,-263.7283126,569.0357535,-3616.965064,3047.891827,LLLG
391.0664748,-117.9619923,-273.0959319,689.6220082,-3660.134913,2970.475422,LLLG
388.0606063,-105.858032,-282.1940237,809.5276992,-3699.692681,2890.127498,LLLG
384.6717215,-93.64956167,-291.0136093,928.6344941,-3735.599328,2806.92735,LLLG
380.903165,-81.34862971,-299.5459847,1046.824849,-3767.819418,2720.957086,LLLG
376.7586557,-68.96737561,-307.7827295,1163.982124,-3796.321156,2632.301548,LLLG
372.2422839,-56.51801819,-315.7157152,1279.990699,-3821.076411,2541.048229,LLLG
367.3585067,-44.01284344,-323.3371127,1394.736088,-3842.060755,2447.287184,LLLG
362.1121437,-31.46419247,-330.6394007,1508.105051,-3859.253478,2351.110944,LLLG
356.5083725,-18.88444928,-337.6153727,1619.985706,-3872.637613,2252.614424,LLLG
350.5527233,-6.286028553,-344.2581443,1730.267641,-3882.199952,2151.894828,LLLG
344.2510737,6.31863658,-350.5611598,1838.84202,-3887.931057,2049.051554,LLLG
337.6096426,18.91710684,-356.5181989,1945.601695,-3889.825273,1944.186096,LLLG
330.6349842,31.49694906,-362.1233828,2050.441305,-3887.880731,1837.401943,LLLG
323.3339818,44.04574846,-367.3711798,2153.257388,-3882.099349,1728.804478,LLLG
315.7138406,56.55112088,-372.256411,2253.948475,-3872.486832,1618.500874,LLLG
307.7820806,69.00072503,-376.7742552,2352.415197,-3859.052669,1506.599988,LLLG
299.5465297,81.38227465,-380.9202538,2448.56038,-3841.810115,1393.212252,LLLG
291.0153152,93.68355066,-384.6903154,2542.289139,-3820.776188,1278.449566,LLLG
282.1968565,105.8924132,-388.0807192,2633.508976,-3795.971645,1162.425187,LLLG
273.0998563,117.9968135,-391.0881194,2722.129867,-3767.420966,1045.253616,LLLG
263.7332923,129.9848061,-393.709548,2808.064354,-3735.152326,927.0504892,LLLG
254.1064082,141.8445603,-395.942418,2891.227632,-3699.197572,807.9324576,LLLG
244.2287044,153.5643718,-397.7845258,2971.537626,-3659.592185,688.0170764,LLLG
234.1099291,165.1326747,-399.2340534,3048.915082,-3616.375252,567.4226878,LLLG
223.7600684,176.5380525,-400.2895704,3123.283636,-3569.589423,446.2683037,LLLG
213.1893362,187.7692494,-400.9500351,3194.569897,-3519.280869,324.6734892,LLLG
202.4081646,198.8151815,-401.2147957,3262.703513,-3465.499239,202.7582432,LLLG
191.4271934,209.6649479,-401.0835909,3327.617244,-3408.297609,80.64288185,LLLG
180.2572594,220.3078412,-400.5565502,3389.247029,-3347.73243,-41.55208213,LLLG
168.909386,230.7333582,-399.6341937,3447.532046,-3283.863472,-163.7060568,LLLG
157.3947721,240.93121,-398.3174317,3502.414776,-3216.753767,-285.6984912,LLLG
145.7247814,250.8913326,-396.6075637,3553.841055,-3146.469544,-407.4089932,LLLG
133.9109307,260.6038967,-394.506277,3601.760131,-3073.080164,-528.7174495,LLLG
121.9648787,270.0593171,-392.0156454,3646.124716,-2996.658055,-649.5041431,LLLG
109.898415,279.2482623,-389.1381269,3686.891025,-2917.278635,-769.6498724,LLLG
97.72344749,288.1616641,-385.8765613,3724.018828,-2835.020243,-889.0360677,LLLG
85.45199151,296.790726,-382.2341672,3757.471484,-2749.964057,-1007.54491,LLLG
73.09615748,305.1269321,-378.2145393,3787.21598,-2662.194018,-1125.059444,LLLG
60.66813911,313.1620557,-373.8216445,3813.22296,-2571.796744,-1241.463698,LLLG
48.18020137,320.8881669,-369.059818,3835.46676,-2478.861447,-1356.642795,LLLG
35.64466834,328.2976412,-363.9337592,3853.925427,-2383.479842,-1470.483067,LLLG
23.07391107,335.3831662,-358.4485269,3868.580745,-2285.74606,-1582.872168,LLLG
10.48033539,342.1377493,-352.6095344,3879.418251,-2185.756551,-1693.699182,LLLG
-2.123630367,348.5547246,-346.422544,3886.427249,-2083.609994,-1802.854738,LLLG
-14.72554761,354.6277594,-339.8936615,3889.600823,-1979.407194,-1910.231111,LLLG
-27.31297976,360.3508603,-333.0293302,3888.935841,-1873.250988,-2015.722334,LLLG
-39.87350455,365.7183792,-325.8363244,3884.432958,-1765.246139,-2119.224301,LLLG
-52.39472625,370.7250191,-318.3217426,3876.096619,-1655.499234,-2220.634867,LLLG
-64.86428793,375.365839,-310.4930008,3863.935051,-1544.118581,-2319.853952,LLLG
-77.26988365,379.636259,-302.3578251,3847.960255,-1431.214098,-2416.783639,LLLG
-89.59927056,383.5320647,-293.9242439,3828.187997,-1316.897209,-2511.328269,LLLG
-101.8402811,387.0494114,-285.2005801,3804.637789,-1201.280731,-2603.39454,LLLG
-113.9808348,390.184828,-276.195443,3777.332874,-1084.478763,-2692.891593,LLLG
-126.0089504,392.9352201,-266.9177195,3746.300197,-966.6065749,-2779.731104,LLLG
-137.9127576,395.2978734,-257.3765656,3711.570384,-847.7804919,-2863.827373,LLLG
-149.6805089,397.2704563,-247.5813972,3673.177709,-728.1177813,-2945.097409,LLLG
-161.3005908,398.8510221,-237.5418811,3631.160061,-607.7365355,-3023.461007,LLLG
-172.7615357,400.0380109,-227.267925,3585.558906,-486.7555565,-3098.840831,LLLG
-184.0520332,400.8302514,-216.7696681,3536.419248,-365.2942378,-3171.162492,LLLG
-195.1609407,401.2269617,-206.0574708,3483.789581,-243.4724471,-3240.354615,LLLG
-206.0772952,401.2277503,-195.1419049,3427.721844,-121.4104078,-3306.348918,LLLG
-216.7903236,400.8326164,-184.0337427,3368.27137,0.771419606,-3369.080271,LLLG
-227.2894533,400.0419499,-172.7439465,3305.496828,122.9524565,-3428.486766,LLLG
-237.564323,398.8565312,-161.2836581,3239.46017,245.0121248,-3484.509776,LLLG
-247.6047927,397.2775301,-149.6641873,3170.226566,366.8299664,-3537.094014,LLLG
-257.4009535,395.3065049,-137.8970013,3097.864341,488.2857619,-3586.187584,LLLG
-266.943138,392.9454008,-125.9937127,3022.444908,609.259649,-3631.742038,LLLG
-276.221929,390.1965479,-113.9660687,2944.042697,729.632241,-3673.712419,LLLG
-285.2281697,387.0626589,-101.8259392,2862.735081,849.2847449,-3712.057307,LLLG
-293.9529718,383.5468267,-89.58530486,2778.602301,968.0990779,-3746.73886,LLLG
-302.387725,379.6525209,-77.25624585,2691.727386,1085.957985,-3777.722852,LLLG
-310.5241053,375.3835848,-64.85092943,2602.196071,1202.745153,-3804.978705,LLLG
-318.3540831,370.7442313,-52.38159814,2510.096713,1318.345327,-3828.479521,LLLG
-325.8699311,365.7390389,-39.86055771,2415.520202,1432.644425,-3848.202108,LLLG
-333.064232,360.372947,-27.3001649,2318.559875,1545.529646,-3864.127002,LLLG
-339.9298861,354.6512514,-14.71281529,2219.311419,1656.889587,-3876.238486,LLLG
-346.4601176,348.5795987,-2.110931074,2117.87278,1766.614348,-3884.524609,LLLG
-352.648482,342.1639808,10.4930512,2014.344067,1874.595646,-3888.977193,LLLG
-358.4888722,335.4107293,23.08669293,1908.827449,1980.726914,-3889.591844,LLLG
-363.9755245,328.3265088,35.6575657,1801.427059,2084.903414,-3886.367954,LLLG
-369.103024,320.9183105,48.19326359,1692.248888,2187.022338,-3879.308707,LLLG
-373.8663108,313.1934454,60.68141538,1581.400682,2286.982905,-3868.421067,LLLG
-378.2606838,305.159537,73.10969677,1468.991834,2384.686467,-3853.715781,LLLG
-382.2818065,296.8245139,85.46584253,1355.133278,2480.036601,-3835.20736,LLLG
-385.9257104,288.1966017,97.73765866,1239.93738,2572.93921,-3812.914071,LLLG
-389.1887995,279.2843151,109.9130343,1123.517823,2663.302609,-3786.857913,LLLG
-392.0678535,270.0964495,121.979954,1005.989499,2751.037621,-3757.064601,LLLG
-394.5600311,260.6420721,133.9265089,887.4683957,2836.057662,-3723.563538,LLLG
-396.6628729,250.9305134,145.7409094,768.071478,2918.278826,-3686.387785,LLLG
-398.3743035,240.9713573,157.4114961,647.9165764,2997.619973,-3645.57403,LLLG
-399.692634,230.7744325,168.9267514,527.1222694,3074.002801,-3601.162551,LLLG
-400.6165634,220.3498021,180.2753112,405.8077663,3147.35193,-3553.197177,LLLG
-401.1451799,209.7077539,191.4459759,284.0927899,3217.594974,-3501.725244,LLLG
-401.2779618,198.8587903,202.4277214,162.0974582,3284.66261,-3446.797549,LLLG
-401.014778,187.8136179,213.20971,39.94216598,3348.488652,-3388.468299,LLLG
-400.3558883,176.583137,223.7813011,-82.25253444,3409.010111,-3326.795057,LLLG
-399.3019429,165.1784307,234.132062,-204.3660515,3466.167258,-3261.838687,LLLG
-397.8539819,153.6107542,244.2517776,-326.277874,3519.903688,-3193.663295,LLLG
-396.0134344,141.8915232,254.130461,-447.8676896,3570.166369,-3122.33616,LLLG
-393.7821166,130.0323033,263.7583632,-569.0155039,3616.905697,-3047.927673,LLLG
-391.1622307,118.0447981,273.1259825,-689.6017585,3660.075547,-2970.511268,LLLG
-388.1563622,105.9408377,282.2240743,-809.5074495,3699.633314,-2890.163345,LLLG
-384.7674774,93.7323674,291.0436599,-928.6142444,3735.539961,-2806.963197,LLLG
-380.9989209,81.43143542,299.5760353,-1046.804599,3767.760052,-2720.992933,LLLG
-376.8544116,69.05018131,307.8127801,-1163.961874,3796.261789,-2632.337395,LLLG
-372.3380398,56.60082387,315.7457658,-1279.970449,3821.017045,-2541.084075,LLLG
-367.4542626,44.0956491,323.3671633,-1394.715838,3842.001389,-2447.32303,LLLG
-362.2078996,31.54699811,330.6694513,-1508.084801,3859.194112,-2351.146791,LLLG
-356.6041284,18.96725491,337.6454233,-1619.965456,3872.578247,-2252.650271,LLLG
-350.6484792,6.368834167,344.2881948,-1730.247391,3882.140586,-2151.930675,LLLG
-344.3468295,-6.235830983,350.5912103,-1838.82177,3887.871691,-2049.0874,LLLG
-337.7053984,-18.83430126,356.5482494,-1945.581445,3889.765907,-1944.221942,LLLG
-330.73074,-31.4141435,362.1534333,-2050.421055,3887.821365,-1837.437789,LLLG
-323.4297376,-43.96294291,367.4012303,-2153.237138,3882.039982,-1728.840324,LLLG
-315.8095964,-56.46831535,372.2864615,-2253.928225,3872.427466,-1618.536721,LLLG
-307.8778364,-68.91791951,376.8043057,-2352.394948,3858.993302,-1506.635834,LLLG
-299.6422854,-81.29946916,380.9503043,-2448.54013,3841.750749,-1393.248098,LLLG
-291.111071,-93.60074518,384.7203659,-2542.268889,3820.716822,-1278.485412,LLLG
-282.2926123,-105.8096077,388.1107697,-2633.488726,3795.912279,-1162.461033,LLLG
-273.1956121,-117.9140081,391.1181699,-2722.109617,3767.3616,-1045.289462,LLLG
-263.8290481,-129.9020007,393.7395984,-2808.044104,3735.09296,-927.0863354,LLLG
-254.2021639,-141.7617548,395.9724684,-2891.207382,3699.138206,-807.9683036,LLLG
-244.3244601,-153.4815664,397.8145762,-2971.517376,3659.532819,-688.0529225,LLLG
-234.2056848,-165.0498693,399.2641038,-3048.894832,3616.315886,-567.4585338,LLLG
-223.855824,-176.4552471,400.3196208,-3123.263386,3569.530057,-446.3041498,LLLG
-213.2850919,-187.686444,400.9800855,-3194.549647,3519.221503,-324.7093351,LLLG
-202.5039203,-198.7323762,401.2448461,-3262.683263,3465.439873,-202.7940893,LLLG
-191.522949,-209.5821426,401.1136413,-3327.596994,3408.238243,-80.67872775,LLLG
-180.353015,-220.225036,400.5866006,-3389.226779,3347.673064,41.51623616,LLLG
-169.0051416,-230.6505529,399.6642441,-3447.511796,3283.804106,163.670211,LLLG
-157.4905277,-240.8484047,398.3474821,-3502.394526,3216.694401,285.6626452,LLLG
-145.820537,-250.8085274,396.637614,-3553.820804,3146.410178,407.3731474,LLLG
-134.0066863,-260.5210915,394.5363274,-3601.739881,3073.020799,528.6816036,LLLG
-122.0606343,-269.9765118,392.0456958,-3646.104466,2996.598689,649.4682974,LLLG
-109.9941706,-279.1654571,389.1681773,-3686.870775,2917.219269,769.6140265,LLLG
-97.81920306,-288.0788589,385.9066116,-3723.998578,2834.960877,889.000222,LLLG
-85.54774707,-296.7079208,382.2642175,-3757.451234,2749.904692,1007.509064,LLLG
-73.19191302,-305.044127,378.2445896,-3787.19573,2662.134653,1125.023598,LLLG
-60.76389465,-313.0792505,373.8516948,-3813.20271,2571.737379,1241.427852,LLLG
-48.2759569,-320.8053618,369.0898683,-3835.44651,2478.802082,1356.606949,LLLG
-35.74042386,-328.2148361,363.9638095,-3853.905177,2383.420477,1470.447221,LLLG
-23.16966658,-335.3003611,358.4785772,-3868.560495,2285.686694,1582.836322,LLLG
-10.57609089,-342.0549442,352.6395847,-3879.398001,2185.697186,1693.663336,LLLG
2.02787488,-348.4719196,346.4525942,-3886.406999,2083.550628,1802.818892,LLLG
14.62979213,-354.5449544,339.9237118,-3889.580573,1979.347829,1910.195265,LLLG
27.21722429,-360.2680552,333.0593805,-3888.915591,1873.191623,2015.686489,LLLG
39.77774909,-365.6355742,325.8663746,-3884.412708,1765.186774,2119.188455,LLLG
52.29897081,-370.6422141,318.3517928,-3876.076369,1655.439869,2220.599021,LLLG
64.7685325,-375.283034,310.523051,-3863.9148,1544.059216,2319.818106,LLLG
77.17412822,-379.553454,302.3878753,-3847.940005,1431.154733,2416.747793,LLLG
89.50351515,-383.4492598,293.9542941,-3828.167747,1316.837844,2511.292424,LLLG
101.7445257,-386.9666065,285.2306303,-3804.617539,1201.221366,2603.358695,LLLG
113.8850794,-390.1020231,276.2254932,-3777.312623,1084.419398,2692.855747,LLLG
125.913195,-392.8524152,266.9477696,-3746.279946,966.5472097,2779.695258,LLLG
137.8170023,-395.2150685,257.4066157,-3711.550133,847.7211268,2863.791528,LLLG
149.5847535,-397.1876514,247.6114474,-3673.157458,728.0584162,2945.061564,LLLG
161.2048354,-398.7682173,237.5719313,-3631.13981,607.6771705,3023.425162,LLLG
172.6657804,-399.9552061,227.2979751,-3585.538656,486.6961915,3098.804986,LLLG
183.9562778,-400.7474466,216.7997182,-3536.398998,365.2348728,3171.126647,LLLG
195.0651854,-401.1441569,206.087521,-3483.76933,243.4130822,3240.31877,LLLG
205.9815399,-401.1449455,195.171955,-3427.701594,121.3510429,3306.313073,LLLG
216.6945683,-400.7498116,184.0637928,-3368.251119,-0.83078454,3369.044426,LLLG
227.193698,-399.9591452,172.7739966,-3305.476577,-123.0118213,3428.450921,LLLG
237.4685677,-398.7737265,161.3137082,-3239.439919,-245.0714897,3484.473931,LLLG
247.5090374,-397.1947254,149.6942374,-3170.206315,-366.8893312,3537.058169,LLLG
257.3051983,-395.2237002,137.9270513,-3097.84409,-488.3451267,3586.151739,LLLG
266.8473827,-392.8625961,126.0237628,-3022.424657,-609.3190137,3631.706193,LLLG
276.1261738,-390.1137432,113.9961188,-2944.022446,-729.6916058,3673.676574,LLLG
285.1324144,-386.9798543,101.8559892,-2862.71483,-849.3441096,3712.021462,LLLG
293.8572165,-383.4640221,89.61535489,-2778.58205,-968.1584426,3746.703015,LLLG
302.2919698,-379.5697163,77.28629588,-2691.707135,-1086.017349,3777.687007,LLLG
310.4283501,-375.3007803,64.88097944,-2602.17582,-1202.804517,3804.94286,LLLG
318.2583279,-370.6614267,52.41164815,-2510.076462,-1318.404692,3828.443676,LLLG
325.7741759,-365.6562343,39.89060771,-2415.499951,-1432.70379,3848.166263,LLLG
332.9684769,-360.2901424,27.33021489,-2318.539624,-1545.589011,3864.091157,LLLG
339.8341309,-354.5684469,14.74286526,-2219.291168,-1656.948951,3876.202642,LLLG
346.3643624,-348.4967942,2.140981046,-2117.852529,-1766.673713,3884.488765,LLLG
352.5527269,-342.0811763,-10.46300124,-2014.323816,-1874.65501,3888.941348,LLLG
358.3931171,-335.3279249,-23.05664297,-1908.807198,-1980.786278,3889.555999,LLLG
363.8797694,-328.2437043,-35.62751576,-1801.406808,-2084.962779,3886.33211,LLLG
369.0072689,-320.835506,-48.16321366,-1692.228637,-2187.081702,3879.272862,LLLG
373.7705557,-313.110641,-60.65136545,-1581.380431,-2287.042269,3868.385223,LLLG
378.1649287,-305.0767326,-73.07964685,-1468.971583,-2384.745831,3853.679936,LLLG
382.1860514,-296.7417095,-85.43579262,-1355.113027,-2480.095966,3835.171516,LLLG
385.8299554,-288.1137974,-97.70760876,-1239.917129,-2572.998575,3812.878226,LLLG
389.0930445,-279.2015108,-109.8829845,-1123.497572,-2663.361974,3786.822068,LLLG
391.9720985,-270.0136452,-121.9499041,-1005.969248,-2751.096985,3757.028757,LLLG
394.4642761,-260.5592678,-133.8964591,-887.4481449,-2836.117026,3723.527694,LLLG
396.5671178,-250.8477091,-145.7108596,-768.051227,-2918.33819,3686.35194,LLLG
398.2785485,-240.8885531,-157.3814462,-647.8963255,-2997.679337,3645.538185,LLLG
399.596879,-230.6916283,-168.8967015,-527.1020184,-3074.062165,3601.126706,LLLG
400.5208084,-220.2669978,-180.2452614,-405.7875153,-3147.411294,3553.161333,LLLG
401.0494249,-209.6249496,-191.4159261,-284.0725389,-3217.654338,3501.6894,LLLG
401.1822068,-198.775986,-202.3976716,-162.0772073,-3284.721974,3446.761705,LLLG
400.919023,-187.7308137,-213.1796602,-39.92191493,-3348.548016,3388.432454,LLLG
400.2601333,-176.5003328,-223.7512513,82.27278546,-3409.069475,3326.759212,LLLG
399.2061879,-165.0956266,-234.1020122,204.3863026,-3466.226622,3261.802843,LLLG
397.758227,-153.52795,-244.2217278,326.298125,-3519.963052,3193.62745,LLLG
395.9176795,-141.8087191,-254.1004113,447.8879407,-3570.225733,3122.300315,LLLG
393.6863617,-129.9494992,-263.7283134,569.0357549,-3616.965061,3047.891829,LLLG
391.0664758,-117.9619939,-273.0959328,689.6220096,-3660.13491,2970.475424,LLLG
388.0606073,-105.8580336,-282.1940246,809.5277006,-3699.692678,2890.127501,LLLG
384.6717226,-93.64956333,-291.0136101,928.6344956,-3735.599325,2806.927353,LLLG
380.903166,-81.34863137,-299.5459855,1046.82485,-3767.819416,2720.957089,LLLG
376.7586568,-68.96737728,-307.7827304,1163.982125,-3796.321153,2632.301551,LLLG
372.242285,-56.51801985,-315.715716,1279.990701,-3821.076408,2541.048231,LLLG
367.3585077,-44.0128451,-323.3371136,1394.736089,-3842.060752,2447.287186,LLLG
362.1121448,-31.46419413,-330.6394016,1508.105052,-3859.253475,2351.110947,LLLG
356.5083736,-18.88445094,-337.6153736,1619.985707,-3872.637611,2252.614427,LLLG
350.5527244,-6.286030214,-344.2581451,1730.267642,-3882.199949,2151.894831,LLLG
344.2510748,6.318634919,-350.5611606,1838.842022,-3887.931055,2049.051556,LLLG
337.6096436,18.91710518,-356.5181998,1945.601696,-3889.825271,1944.186098,LLLG
330.6349853,31.4969474,-362.1233836,2050.441307,-3887.880728,1837.401945,LLLG
323.3339829,44.0457468,-367.3711807,2153.257389,-3882.099346,1728.80448,LLLG
315.7138416,56.55111922,-372.2564118,2253.948476,-3872.48683,1618.500877,LLLG
307.7820817,69.00072337,-376.774256,2352.415199,-3859.052666,1506.599991,LLLG
299.5465307,81.38227299,-380.9202547,2448.560381,-3841.810112,1393.212254,LLLG
291.0153163,93.683549,-384.6903163,2542.28914,-3820.776185,1278.449568,LLLG
282.1968576,105.8924115,-388.0807201,2633.508977,-3795.971642,1162.425189,LLLG
273.0998574,117.9968119,-391.0881203,2722.129868,-3767.420963,1045.253619,LLLG
263.7332934,129.9848044,-393.7095489,2808.064356,-3735.152324,927.0504916,LLLG
254.1064092,141.8445586,-395.9424188,2891.227633,-3699.197569,807.93246,LLLG
244.2287054,153.5643701,-397.7845266,2971.537628,-3659.592182,688.0170788,LLLG
234.1099302,165.1326731,-399.2340543,3048.915083,-3616.375249,567.4226902,LLLG
223.7600694,176.5380508,-400.2895713,3123.283638,-3569.58942,446.2683062,LLLG
213.1893372,187.7692477,-400.950036,3194.569898,-3519.280866,324.6734916,LLLG
202.4081657,198.8151798,-401.2147966,3262.703514,-3465.499236,202.7582457,LLLG
191.4271944,209.6649463,-401.0835918,3327.617246,-3408.297606,80.64288428,LLLG
180.2572604,220.3078396,-400.5565511,3389.247031,-3347.732427,-41.55207969,LLLG
168.909387,230.7333565,-399.6341946,3447.532048,-3283.863469,-163.7060544,LLLG
157.3947732,240.9312083,-398.3174326,3502.414777,-3216.753764,-285.6984887,LLLG
145.7247824,250.891331,-396.6075645,3553.841056,-3146.469541,-407.4089907,LLLG
133.9109317,260.603895,-394.5062779,3601.760133,-3073.080161,-528.7174471,LLLG
121.9648798,270.0593154,-392.0156463,3646.124717,-2996.658052,-649.5041407,LLLG
109.898416,279.2482606,-389.1381278,3686.891027,-2917.278632,-769.6498699,LLLG
97.72344854,288.1616624,-385.8765621,3724.01883,-2835.02024,-889.0360652,LLLG
85.45199256,296.7907243,-382.234168,3757.471486,-2749.964054,-1007.544907,LLLG
73.09615853,305.1269305,-378.2145401,3787.215981,-2662.194015,-1125.059441,LLLG
60.66814016,313.162054,-373.8216453,3813.222962,-2571.796742,-1241.463696,LLLG
48.18020242,320.8881653,-369.0598189,3835.466761,-2478.861444,-1356.642793,LLLG
35.64466939,328.2976395,-363.9337601,3853.925429,-2383.479839,-1470.483065,LLLG
23.07391212,335.3831645,-358.4485278,3868.580747,-2285.746057,-1582.872165,LLLG
10.48033644,342.1377476,-352.6095353,3879.418252,-2185.756548,-1693.69918,LLLG
-2.123629315,348.554723,-346.4225449,3886.427251,-2083.609991,-1802.854735,LLLG
-14.72554656,354.6277577,-339.8936624,3889.600825,-1979.407192,-1910.231108,LLLG
-27.31297871,360.3508586,-333.0293311,3888.935842,-1873.250986,-2015.722332,LLLG
-39.8735035,365.7183775,-325.8363252,3884.43296,-1765.246136,-2119.224299,LLLG
-52.3947252,370.7250174,-318.3217434,3876.096621,-1655.499232,-2220.634864,LLLG
-64.86428688,375.3658373,-310.4930017,3863.935052,-1544.118578,-2319.853949,LLLG
-77.26988259,379.6362573,-302.357826,3847.960256,-1431.214095,-2416.783636,LLLG
-89.59926951,383.532063,-293.9242448,3828.187998,-1316.897206,-2511.328267,LLLG
-101.84028,387.0494098,-285.200581,3804.637791,-1201.280728,-2603.394538,LLLG
-113.9808337,390.1848263,-276.1954439,3777.332875,-1084.47876,-2692.89159,LLLG
-126.0089493,392.9352184,-266.9177203,3746.300198,-966.606572,-2779.731101,LLLG
-137.9127566,395.2978717,-257.3765664,3711.570385,-847.780489,-2863.827371,LLLG
-149.6805078,397.2704546,-247.5813981,3673.17771,-728.1177784,-2945.097407,LLLG
-161.3005897,398.8510204,-237.541882,3631.160062,-607.7365327,-3023.461004,LLLG
-172.7615347,400.0380093,-227.2679259,3585.558908,-486.7555537,-3098.840829,LLLG
-184.0520321,400.8302498,-216.7696689,3536.419249,-365.294235,-3171.162489,LLLG
-195.1609397,401.22696,-206.0574717,3483.789582,-243.4724443,-3240.354613,LLLG
-206.0772942,401.2277486,-195.1419058,3427.721846,-121.410405,-3306.348915,LLLG
-216.7903225,400.8326147,-184.0337435,3368.271371,0.771422468,-3369.080268,LLLG
-227.2894522,400.0419482,-172.7439473,3305.496829,122.9524593,-3428.486763,LLLG
-237.5643219,398.8565295,-161.2836589,3239.460171,245.0121276,-3484.509774,LLLG
-247.6047916,397.2775284,-149.6641882,3170.226567,366.8299693,-3537.094011,LLLG
-257.4009525,395.3065033,-137.8970021,3097.864342,488.2857647,-3586.187582,LLLG
-266.9431369,392.9453991,-125.9937136,3022.444909,609.2596518,-3631.742036,LLLG
-276.221928,390.1965462,-113.9660696,2944.042698,729.6322439,-3673.712416,LLLG
-285.2281686,387.0626573,-101.82594,2862.735082,849.2847477,-3712.057304,LLLG
-293.9529707,383.546825,-89.58530572,2778.602302,968.0990807,-3746.738857,LLLG
-302.387724,379.6525193,-77.25624671,2691.727387,1085.957988,-3777.722849,LLLG
-310.5241043,375.3835832,-64.85093029,2602.196072,1202.745156,-3804.978703,LLLG
-318.3540821,370.7442297,-52.381599,2510.096714,1318.34533,-3828.479519,LLLG
-325.86993,365.7390372,-39.86055857,2415.520204,1432.644428,-3848.202106,LLLG
-333.064231,360.3729453,-27.30016576,2318.559876,1545.529649,-3864.127,LLLG
-339.929885,354.6512497,-14.71281615,2219.31142,1656.88959,-3876.238484,LLLG
-346.4601165,348.579597,-2.110931934,2117.872781,1766.614351,-3884.524607,LLLG
-352.648481,342.1639792,10.49305034,2014.344068,1874.595648,-3888.977191,LLLG
-358.4888712,335.4107277,23.08669207,1908.82745,1980.726917,-3889.591841,LLLG
-363.9755234,328.3265071,35.65756484,1801.42706,2084.903417,-3886.367952,LLLG
-369.103023,320.9183088,48.19326273,1692.248889,2187.022341,-3879.308704,LLLG
-373.8663097,313.1934437,60.68141452,1581.400683,2286.982908,-3868.421065,LLLG
-378.2606828,305.1595354,73.10969591,1468.991835,2384.68647,-3853.715779,LLLG
-382.2818054,296.8245123,85.46584167,1355.13328,2480.036604,-3835.207358,LLLG
-385.9257094,288.1966001,97.7376578,1239.937381,2572.939213,-3812.914068,LLLG
-389.1887985,279.2843135,109.9130335,1123.517824,2663.302612,-3786.85791,LLLG
-392.0678525,270.0964478,121.9799531,1005.989501,2751.037624,-3757.064599,LLLG
-394.5600301,260.6420705,133.9265081,887.4683972,2836.057665,-3723.563536,LLLG
-396.6628718,250.9305117,145.7409086,768.0714794,2918.278829,-3686.387782,LLLG
-398.3743024,240.9713557,157.4114952,647.9165778,2997.619976,-3645.574027,LLLG
-399.692633,230.7744309,168.9267505,527.1222708,3074.002804,-3601.162548,LLLG
-400.6165624,220.3498004,180.2753104,405.8077677,3147.351933,-3553.197175,LLLG
-401.1451788,209.7077522,191.4459751,284.0927913,3217.594977,-3501.725242,LLLG
-401.2779607,198.8587886,202.4277205,162.0974597,3284.662613,-3446.797547,LLLG
-401.0147769,187.8136162,213.2097091,39.9421674,3348.488655,-3388.468296,LLLG
-400.3558872,176.5831353,223.7813003,-82.25253301,3409.010114,-3326.795054,LLLG
-399.3019418,165.1784291,234.1320611,-204.3660501,3466.167261,-3261.838685,LLLG
-397.8539809,153.6107525,244.2517768,-326.2778726,3519.903691,-3193.663292,LLLG
-396.0134333,141.8915215,254.1304602,-447.8676881,3570.166372,-3122.336157,LLLG
-393.7821156,130.0323016,263.7583623,-569.0155024,3616.9057,-3047.927671,LLLG
-391.1622297,118.0447964,273.1259817,-689.6017571,3660.07555,-2970.511266,LLLG
-388.1563611,105.940836,282.2240735,-809.5074481,3699.633317,-2890.163342,LLLG
-384.7674764,93.73236574,291.043659,-928.614243,3735.539964,-2806.963194,LLLG
-380.9989198,81.43143376,299.5760344,-1046.804598,3767.760055,-2720.99293,LLLG
-376.8544106,69.05017965,307.8127793,-1163.961873,3796.261792,-2632.337392,LLLG
-372.3380388,56.60082221,315.7457649,-1279.970448,3821.017048,-2541.084073,LLLG
-367.4542615,44.09564744,323.3671624,-1394.715837,3842.001392,-2447.323028,LLLG
-362.2078985,31.54699645,330.6694504,-1508.0848,3859.194115,-2351.146788,LLLG
-356.6041273,18.96725324,337.6454224,-1619.965455,3872.57825,-2252.650268,LLLG
-350.6484781,6.368832506,344.2881939,-1730.247389,3882.140589,-2151.930672,LLLG
-344.3468285,-6.235832644,350.5912094,-1838.821769,3887.871694,-2049.087398,LLLG
-337.7053973,-18.83430292,356.5482486,-1945.581443,3889.76591,-1944.22194,LLLG
-330.730739,-31.41414516,362.1534325,-2050.421054,3887.821367,-1837.437787,LLLG
-323.4297366,-43.96294457,367.4012294,-2153.237136,3882.039985,-1728.840322,LLLG
-315.8095953,-56.46831701,372.2864606,-2253.928224,3872.427469,-1618.536718,LLLG
-307.8778354,-68.91792118,376.8043048,-2352.394946,3858.993305,-1506.635832,LLLG
-299.6422844,-81.29947082,380.9503035,-2448.540129,3841.750752,-1393.248096,LLLG
-291.1110699,-93.60074684,384.720365,-2542.268888,3820.716824,-1278.48541,LLLG
-282.2926112,-105.8096094,388.1107688,-2633.488724,3795.912282,-1162.46103,LLLG
-273.195611,-117.9140097,391.118169,-2722.109615,3767.361603,-1045.28946,LLLG
-263.829047,-129.9020023,393.7395976,-2808.044103,3735.092963,-927.0863329,LLLG
-254.2021628,-141.7617565,395.9724676,-2891.20738,3699.138209,-807.9683012,LLLG
-244.324459,-153.4815681,397.8145753,-2971.517375,3659.532822,-688.05292,LLLG
-234.2056838,-165.049871,399.264103,-3048.89483,3616.315889,-567.4585313,LLLG
-223.855823,-176.4552488,400.31962,-3123.263385,3569.53006,-446.3041474,LLLG
-213.2850908,-187.6864457,400.9800847,-3194.549646,3519.221506,-324.7093327,LLLG
-202.5039192,-198.7323778,401.2448453,-3262.683261,3465.439876,-202.7940868,LLLG
-191.522948,-209.5821443,401.1136405,-3327.596993,3408.238246,-80.67872531,LLLG
-180.353014,-220.2250376,400.5865998,-3389.226778,3347.673067,41.5162386,LLLG
-169.0051405,-230.6505546,399.6642433,-3447.511795,3283.804109,163.6702134,LLLG
-157.4905267,-240.8484064,398.3474812,-3502.394524,3216.694404,285.6626477,LLLG
-145.820536,-250.8085291,396.6376132,-3553.820803,3146.410181,407.3731498,LLLG
-134.0066852,-260.5210931,394.5363265,-3601.73988,3073.020801,528.6816061,LLLG
-122.0606333,-269.9765135,392.0456949,-3646.104464,2996.598692,649.4682998,LLLG
-109.9941695,-279.1654588,389.1681764,-3686.870774,2917.219272,769.614029,LLLG
-97.81920201,-288.0788606,385.9066107,-3723.998577,2834.96088,889.0002244,LLLG
-85.54774601,-296.7079225,382.2642166,-3757.451233,2749.904694,1007.509066,LLLG
-73.19191197,-305.0441286,378.2445887,-3787.195728,2662.134655,1125.023601,LLLG
-60.7638936,-313.0792522,373.8516939,-3813.202709,2571.737382,1241.427855,LLLG
-48.27595585,-320.8053635,369.0898674,-3835.446508,2478.802085,1356.606952,LLLG
-35.7404228,-328.2148377,363.9638086,-3853.905175,2383.42048,1470.447224,LLLG
-23.16966553,-335.3003627,358.4785763,-3868.560493,2285.686697,1582.836324,LLLG
-10.57608984,-342.0549459,352.6395838,-3879.397999,2185.697188,1693.663339,LLLG
2.027875932,-348.4719212,346.4525934,-3886.406998,2083.550631,1802.818895,LLLG
14.62979318,-354.544956,339.9237109,-3889.580572,1979.347832,1910.195268,LLLG
27.21722535,-360.2680569,333.0593796,-3888.915589,1873.191626,2015.686491,LLLG
39.77775014,-365.6355758,325.8663737,-3884.412706,1765.186777,2119.188458,LLLG
52.29897186,-370.6422157,318.3517919,-3876.076367,1655.439872,2220.599024,LLLG
64.76853355,-375.2830357,310.5230501,-3863.914799,1544.059219,2319.818109,LLLG
77.17412928,-379.5534557,302.3878744,-3847.940003,1431.154736,2416.747796,LLLG
89.5035162,-383.4492614,293.9542932,-3828.167745,1316.837847,2511.292426,LLLG
101.7445267,-386.9666082,285.2306295,-3804.617538,1201.221369,2603.358697,LLLG
113.8850804,-390.1020247,276.2254923,-3777.312622,1084.419401,2692.85575,LLLG
125.913196,-392.8524168,266.9477688,-3746.279945,966.5472126,2779.695261,LLLG
137.8170033,-395.2150702,257.4066149,-3711.550132,847.7211297,2863.791531,LLLG
149.5847546,-397.1876531,247.6114465,-3673.157457,728.058419,2945.061566,LLLG
161.2048365,-398.7682189,237.5719304,-3631.139809,607.6771733,3023.425164,LLLG
172.6657815,-399.9552078,227.2979743,-3585.538654,486.6961943,3098.804989,LLLG
183.9562789,-400.7474483,216.7997174,-3536.398996,365.2348757,3171.126649,LLLG
195.0651864,-401.1441586,206.0875201,-3483.769329,243.413085,3240.318773,LLLG
205.981541,-401.1449472,195.1719542,-3427.701592,121.3510457,3306.313075,LLLG
216.6945693,-400.7498133,184.0637919,-3368.251118,-0.830781679,3369.044428,LLLG
227.193699,-399.9591468,172.7739957,-3305.476576,-123.0118185,3428.450923,LLLG
237.4685688,-398.7737281,161.3137073,-3239.439918,-245.0714868,3484.473934,LLLG
247.5090384,-397.1947271,149.6942365,-3170.206314,-366.8893284,3537.058171,LLLG
257.3051993,-395.2237019,137.9270505,-3097.844089,-488.3451238,3586.151742,LLLG
266.8473838,-392.8625978,126.0237619,-3022.424656,-609.3190109,3631.706196,LLLG
276.1261749,-390.1137449,113.9961179,-2944.022445,-729.6916029,3673.676576,LLLG
285.1324155,-386.9798559,101.8559883,-2862.714829,-849.3441067,3712.021464,LLLG
293.8572176,-383.4640237,89.61535403,-2778.582049,-968.1584397,3746.703017,LLLG
302.2919709,-379.569718,77.28629502,-2691.707134,-1086.017346,3777.687009,LLLG
310.4283512,-375.3007819,64.88097859,-2602.175819,-1202.804515,3804.942863,LLLG
318.258329,-370.6614284,52.41164729,-2510.076461,-1318.404689,3828.443679,LLLG
325.774177,-365.656236,39.89060685,-2415.49995,-1432.703787,3848.166266,LLLG
332.9684779,-360.2901441,27.33021403,-2318.539623,-1545.589008,3864.09116,LLLG
339.834132,-354.5684485,14.74286441,-2219.291166,-1656.948949,3876.202644,LLLG
346.3643635,-348.4967958,2.140980186,-2117.852528,-1766.67371,3884.488767,LLLG
352.5527279,-342.081178,-10.4630021,-2014.323814,-1874.655007,3888.941351,LLLG
358.3931182,-335.3279265,-23.05664383,-1908.807197,-1980.786275,3889.556001,LLLG
363.8797704,-328.243706,-35.62751662,-1801.406807,-2084.962776,3886.332112,LLLG
369.00727,-320.8355077,-48.16321452,-1692.228636,-2187.081699,3879.272864,LLLG
373.7705567,-313.1106426,-60.65136631,-1581.380429,-2287.042266,3868.385225,LLLG
378.1649298,-305.0767343,-73.07964771,-1468.971581,-2384.745828,3853.679939,LLLG
382.1860525,-296.7417112,-85.43579348,-1355.113026,-2480.095963,3835.171518,LLLG
385.8299564,-288.113799,-97.70760962,-1239.917127,-2572.998572,3812.878229,LLLG
389.0930455,-279.2015124,-109.8829853,-1123.49757,-2663.361971,3786.822071,LLLG
391.9720995,-270.0136468,-121.9499049,-1005.969247,-2751.096983,3757.028759,LLLG
394.4642771,-260.5592695,-133.8964599,-887.4481434,-2836.117023,3723.527696,LLLG
396.5671189,-250.8477107,-145.7108604,-768.0512256,-2918.338188,3686.351943,LLLG
398.2785495,-240.8885547,-157.3814471,-647.896324,-2997.679334,3645.538188,LLLG
399.5968801,-230.6916299,-168.8967024,-527.102017,-3074.062162,3601.126709,LLLG
400.5208095,-220.2669995,-180.2452623,-405.7875139,-3147.411291,3553.161335,LLLG
401.049426,-209.6249513,-191.415927,-284.0725375,-3217.654335,3501.689402,LLLG
401.1822078,-198.7759877,-202.3976724,-162.0772058,-3284.721972,3446.761707,LLLG
400.9190241,-187.7308153,-213.179661,-39.9219135,-3348.548013,3388.432457,LLLG
400.2601344,-176.5003345,-223.7512522,82.27278689,-3409.069472,3326.759215,LLLG
399.206189,-165.0956282,-234.1020131,204.386304,-3466.22662,3261.802845,LLLG
397.7582281,-153.5279517,-244.2217287,326.2981265,-3519.963049,3193.627453,LLLG
395.9176805,-141.8087207,-254.1004121,447.8879421,-3570.22573,3122.300318,LLLG
393.6863628,-129.9495008,-263.7283143,569.0357564,-3616.965058,3047.891832,LLLG
391.0664769,-117.9619956,-273.0959336,689.6220111,-3660.134908,2970.475427,LLLG
388.0606084,-105.8580353,-282.1940254,809.5277021,-3699.692675,2890.127503,LLLG
384.6717236,-93.64956499,-291.013611,928.634497,-3735.599322,2806.927355,LLLG
380.9031671,-81.34863303,-299.5459864,1046.824852,-3767.819413,2720.957091,LLLG
376.7586578,-68.96737894,-307.7827313,1163.982127,-3796.32115,2632.301553,LLLG
372.242286,-56.51802151,-315.7157169,1279.990702,-3821.076406,2541.048234,LLLG
367.3585088,-44.01284676,-323.3371144,1394.736091,-3842.060749,2447.287189,LLLG
362.1121458,-31.46419579,-330.6394024,1508.105054,-3859.253473,2351.110949,LLLG
356.5083746,-18.8844526,-337.6153744,1619.985709,-3872.637608,2252.614429,LLLG
350.5527254,-6.286031875,-344.258146,1730.267644,-3882.199946,2151.894833,LLLG
344.2510758,6.318633258,-350.5611615,1838.842023,-3887.931052,2049.051559,LLLG
337.6096447,18.91710352,-356.5182006,1945.601698,-3889.825268,1944.186101,LLLG
330.6349863,31.49694574,-362.1233845,2050.441308,-3887.880725,1837.401947,LLLG
323.3339839,44.04574514,-367.3711815,2153.257391,-3882.099343,1728.804483,LLLG
315.7138427,56.55111756,-372.2564127,2253.948478,-3872.486827,1618.500879,LLLG
307.7820827,69.00072171,-376.7742569,2352.4152,-3859.052663,1506.599993,LLLG
299.5465318,81.38227133,-380.9202556,2448.560383,-3841.810109,1393.212257,LLLG
291.0153173,93.68354734,-384.6903171,2542.289142,-3820.776182,1278.449571,LLLG
282.1968586,105.8924098,-388.0807209,2633.508978,-3795.971639,1162.425191,LLLG
273.0998584,117.9968102,-391.0881211,2722.12987,-3767.42096,1045.253621,LLLG
263.7332944,129.9848028,-393.7095497,2808.064357,-3735.152321,927.0504941,LLLG
254.1064103,141.8445569,-395.9424197,2891.227634,-3699.197566,807.9324624,LLLG
244.2287065,153.5643685,-397.7845275,2971.537629,-3659.59218,688.0170812,LLLG
234.1099312,165.1326714,-399.2340551,3048.915085,-3616.375246,567.4226926,LLLG
223.7600705,176.5380492,-400.2895721,3123.283639,-3569.589417,446.2683086,LLLG
213.1893383,187.769246,-400.9500368,3194.5699,-3519.280863,324.673494,LLLG
202.4081667,198.8151782,-401.2147974,3262.703516,-3465.499233,202.7582481,LLLG
191.4271955,209.6649446,-401.0835927,3327.617247,-3408.297603,80.64288671,LLLG
180.2572615,220.3078379,-400.5565519,3389.247032,-3347.732424,-41.55207725,LLLG
168.9093881,230.7333548,-399.6341955,3447.532049,-3283.863466,-163.7060519,LLLG
157.3947742,240.9312067,-398.3174335,3502.414779,-3216.753761,-285.6984863,LLLG
145.7247835,250.8913293,-396.6075654,3553.841057,-3146.469538,-407.4089883,LLLG
133.9109328,260.6038934,-394.5062787,3601.760134,-3073.080159,-528.7174446,LLLG
121.9648808,270.0593137,-392.0156472,3646.124719,-2996.658049,-649.5041383,LLLG
109.8984171,279.248259,-389.1381287,3686.891028,-2917.278629,-769.6498675,LLLG
97.72344959,288.1616608,-385.876563,3724.018831,-2835.020237,-889.0360628,LLLG
85.45199361,296.7907227,-382.2341689,3757.471487,-2749.964051,-1007.544905,LLLG
73.09615958,305.1269288,-378.214541,3787.215983,-2662.194013,-1125.059439,LLLG
60.66814122,313.1620523,-373.8216462,3813.222963,-2571.796739,-1241.463693,LLLG
48.18020348,320.8881636,-369.0598197,3835.466763,-2478.861441,-1356.64279,LLLG
35.64467044,328.2976379,-363.9337609,3853.92543,-2383.479836,-1470.483062,LLLG
23.07391318,335.3831628,-358.4485287,3868.580748,-2285.746054,-1582.872163,LLLG
10.48033749,342.137746,-352.6095361,3879.418254,-2185.756545,-1693.699177,LLLG
-2.123628263,348.5547213,-346.4225457,3886.427252,-2083.609988,-1802.854733,LLLG
-14.7255455,354.6277561,-339.8936632,3889.600826,-1979.407189,-1910.231106,LLLG
-27.31297765,360.3508569,-333.029332,3888.935844,-1873.250983,-2015.72233,LLLG
-39.87350244,365.7183758,-325.8363261,3884.432961,-1765.246133,-2119.224296,LLLG
-52.39472415,370.7250157,-318.3217443,3876.096622,-1655.499229,-2220.634862,LLLG
-64.86428583,375.3658356,-310.4930025,3863.935054,-1544.118575,-2319.853947,LLLG
-77.26988154,379.6362557,-302.3578268,3847.960258,-1431.214093,-2416.783634,LLLG
-89.59926846,383.5320614,-293.9242456,3828.188,-1316.897204,-2511.328265,LLLG
-101.840279,387.0494081,-285.2005819,3804.637792,-1201.280725,-2603.394535,LLLG
-113.9808327,390.1848246,-276.1954447,3777.332877,-1084.478757,-2692.891588,LLLG
-126.0089483,392.9352167,-266.9177212,3746.3002,-966.6065692,-2779.731099,LLLG
-137.9127555,395.2978701,-257.3765673,3711.570387,-847.7804862,-2863.827369,LLLG
-149.6805068,397.270453,-247.5813989,3673.177712,-728.1177755,-2945.097404,LLLG
-161.3005887,398.8510188,-237.5418828,3631.160064,-607.7365298,-3023.461002,LLLG
-172.7615336,400.0380076,-227.2679267,3585.558909,-486.7555508,-3098.840826,LLLG
-184.0520311,400.8302481,-216.7696698,3536.419251,-365.2942321,-3171.162487,LLLG
-195.1609386,401.2269584,-206.0574726,3483.789584,-243.4724414,-3240.35461,LLLG
-206.0772931,401.227747,-195.1419066,3427.721847,-121.4104021,-3306.348913,LLLG
-216.7903215,400.832613,-184.0337444,3368.271372,0.771425328,-3369.080266,LLLG
-227.2894512,400.0419466,-172.7439482,3305.496831,122.9524622,-3428.486761,LLLG
-237.5643209,398.8565279,-161.2836598,3239.460173,245.0121305,-3484.509771,LLLG
-247.6047906,397.2775268,-149.6641891,3170.226569,366.8299722,-3537.094009,LLLG
-257.4009514,395.3065016,-137.897003,3097.864344,488.2857676,-3586.187579,LLLG
-266.9431359,392.9453975,-125.9937144,3022.444911,609.2596547,-3631.742033,LLLG
-276.2219269,390.1965445,-113.9660704,2944.0427,729.6322467,-3673.712414,LLLG
-285.2281676,387.0626556,-101.8259409,2862.735084,849.2847506,-3712.057302,LLLG
-293.9529697,383.5468234,-89.58530658,2778.602304,968.0990836,-3746.738855,LLLG
-302.3877229,379.6525176,-77.25624757,2691.727389,1085.95799,-3777.722847,LLLG
-310.5241032,375.3835815,-64.85093115,2602.196074,1202.745159,-3804.9787,LLLG
-318.354081,370.744228,-52.38159986,2510.096716,1318.345333,-3828.479516,LLLG
-325.869929,365.7390355,-39.86055943,2415.520205,1432.644431,-3848.202103,LLLG
-333.0642299,360.3729437,-27.30016662,2318.559878,1545.529652,-3864.126997,LLLG
-339.9298839,354.6512481,-14.71281701,2219.311421,1656.889593,-3876.238482,LLLG
-346.4601155,348.5795953,-2.110932794,2117.872783,1766.614354,-3884.524605,LLLG
-352.6484799,342.1639775,10.49304948,2014.34407,1874.595651,-3888.977188,LLLG
-358.4888701,335.410726,23.08669121,1908.827452,1980.72692,-3889.591839,LLLG
-363.9755224,328.3265054,35.65756398,1801.427062,2084.90342,-3886.367949,LLLG
-369.1030219,320.9183071,48.19326188,1692.248891,2187.022344,-3879.308702,LLLG
-373.8663087,313.1934421,60.68141366,1581.400684,2286.982911,-3868.421062,LLLG
-378.2606817,305.1595337,73.10969505,1468.991837,2384.686472,-3853.715776,LLLG
-382.2818044,296.8245106,85.46584082,1355.133281,2480.036607,-3835.207355,LLLG
-385.9257083,288.1965984,97.73765694,1239.937383,2572.939216,-3812.914066,LLLG
-389.1887974,279.2843118,109.9130326,1123.517826,2663.302615,-3786.857908,LLLG
-392.0678514,270.0964462,121.9799523,1005.989502,2751.037627,-3757.064596,LLLG
-394.560029,260.6420688,133.9265072,887.4683986,2836.057667,-3723.563533,LLLG
-396.6628707,250.93051,145.7409077,768.0714809,2918.278832,-3686.38778,LLLG
-398.3743014,240.971354,157.4114943,647.9165792,2997.619979,-3645.574025,LLLG
-399.6926319,230.7744292,168.9267497,527.1222722,3074.002807,-3601.162546,LLLG
-400.6165613,220.3497988,180.2753095,405.8077691,3147.351936,-3553.197172,LLLG
-401.1451778,209.7077505,191.4459742,284.0927928,3217.59498,-3501.725239,LLLG
-401.2779596,198.8587869,202.4277197,162.0974611,3284.662616,-3446.797544,LLLG
-401.0147759,187.8136146,213.2097083,39.94216883,3348.488658,-3388.468294,LLLG
-400.3558861,176.5831337,223.7812994,-82.25253158,3409.010116,-3326.795052,LLLG
-399.3019408,165.1784274,234.1320603,-204.3660486,3466.167264,-3261.838682,LLLG
-397.8539798,153.6107509,244.2517759,-326.2778711,3519.903694,-3193.66329,LLLG
-396.0134323,141.8915199,254.1304593,-447.8676867,3570.166375,-3122.336155,LLLG
-393.7821145,130.0323,263.7583615,-569.015501,3616.905703,-3047.927668,LLLG
-391.1622286,118.0447947,273.1259808,-689.6017557,3660.075552,-2970.511263,LLLG
-388.1563601,105.9408344,282.2240726,-809.5074467,3699.63332,-2890.16334,LLLG
-384.7674753,93.73236408,291.0436581,-928.6142416,3735.539967,-2806.963192,LLLG
-380.9989188,81.4314321,299.5760336,-1046.804596,3767.760058,-2720.992928,LLLG
-376.8544095,69.05017799,307.8127784,-1163.961871,3796.261795,-2632.33739,LLLG
-372.3380377,56.60082055,315.745764,-1279.970447,3821.01705,-2541.08407,LLLG
-367.4542605,44.09564578,323.3671616,-1394.715835,3842.001394,-2447.323026,LLLG
-362.2078975,31.54699479,330.6694495,-1508.084798,3859.194118,-2351.146786,LLLG
-356.6041263,18.96725158,337.6454215,-1619.965453,3872.578253,-2252.650266,LLLG
-350.6484771,6.368830845,344.2881931,-1730.247388,3882.140591,-2151.93067,LLLG
-344.3468274,-6.235834305,350.5912086,-1838.821768,3887.871697,-2049.087396,LLLG
-337.7053963,-18.83430458,356.5482477,-1945.581442,3889.765913,-1944.221937,LLLG
-330.7307379,-31.41414682,362.1534316,-2050.421052,3887.82137,-1837.437784,LLLG
-323.4297355,-43.96294623,367.4012286,-2153.237135,3882.039988,-1728.840319,LLLG
-315.8095943,-56.46831867,372.2864597,-2253.928222,3872.427472,-1618.536716,LLLG
-307.8778343,-68.91792284,376.8043039,-2352.394945,3858.993308,-1506.63583,LLLG
-299.6422833,-81.29947248,380.9503026,-2448.540127,3841.750754,-1393.248093,LLLG
-291.1110689,-93.6007485,384.7203642,-2542.268886,3820.716827,-1278.485407,LLLG
-282.2926102,-105.809611,388.110768,-2633.488723,3795.912285,-1162.461028,LLLG
-273.19561,-117.9140114,391.1181681,-2722.109614,3767.361606,-1045.289458,LLLG
-263.829046,-129.902004,393.7395967,-2808.044102,3735.092966,-927.0863305,LLLG
-254.2021618,-141.7617582,395.9724667,-2891.207379,3699.138212,-807.9682987,LLLG
-244.324458,-153.4815697,397.8145745,-2971.517373,3659.532825,-688.0529176,LLLG
-234.2056827,-165.0498727,399.2641021,-3048.894829,3616.315892,-567.4585289,LLLG
-223.8558219,-176.4552504,400.3196191,-3123.263383,3569.530062,-446.3041449,LLLG
-213.2850897,-187.6864473,400.9800838,-3194.549644,3519.221508,-324.7093302,LLLG
-202.5039182,-198.7323795,401.2448444,-3262.68326,3465.439878,-202.7940844,LLLG
-191.5229469,-209.582146,401.1136396,-3327.596991,3408.238248,-80.67872288,LLLG
-180.3530129,-220.2250393,400.5865989,-3389.226776,3347.673069,41.51624104,LLLG
-169.0051395,-230.6505562,399.6642424,-3447.511793,3283.804112,163.6702158,LLLG
-157.4905256,-240.848408,398.3474804,-3502.394523,3216.694407,285.6626501,LLLG
-145.8205349,-250.8085307,396.6376123,-3553.820802,3146.410184,407.3731522,LLLG
-134.0066842,-260.5210948,394.5363256,-3601.739878,3073.020804,528.6816085,LLLG
-122.0606322,-269.9765152,392.0456941,-3646.104463,2996.598695,649.4683022,LLLG
-109.9941685,-279.1654604,389.1681756,-3686.870772,2917.219275,769.6140314,LLLG
-97.81920095,-288.0788622,385.9066099,-3723.998575,2834.960883,889.0002268,LLLG
-85.54774496,-296.7079241,382.2642158,-3757.451231,2749.904697,1007.509069,LLLG
-73.19191092,-305.0441303,378.2445879,-3787.195727,2662.134658,1125.023603,LLLG
-60.76389255,-313.0792539,373.851693,-3813.202707,2571.737385,1241.427857,LLLG
-48.2759548,-320.8053651,369.0898666,-3835.446507,2478.802087,1356.606954,LLLG
-35.74042175,-328.2148394,363.9638078,-3853.905174,2383.420482,1470.447226,LLLG
-23.16966448,-335.3003644,358.4785755,-3868.560492,2285.6867,1582.836327,LLLG
-10.57608878,-342.0549475,352.6395829,-3879.397998,2185.697191,1693.663341,LLLG
2.027876984,-348.4719229,346.4525925,-3886.406996,2083.550634,1802.818897,LLLG
14.62979423,-354.5449577,339.9237101,-3889.58057,1979.347835,1910.19527,LLLG
27.2172264,-360.2680586,333.0593788,-3888.915588,1873.191629,2015.686494,LLLG
39.7777512,-365.6355775,325.8663729,-3884.412705,1765.18678,2119.18846,LLLG
52.29897291,-370.6422174,318.3517911,-3876.076366,1655.439875,2220.599026,LLLG
64.7685346,-375.2830373,310.5230493,-3863.914798,1544.059221,2319.818111,LLLG
77.17413033,-379.5534573,302.3878736,-3847.940002,1431.154739,2416.747798,LLLG
89.50351725,-383.4492631,293.9542924,-3828.167744,1316.83785,2511.292429,LLLG
101.7445278,-386.9666098,285.2306286,-3804.617536,1201.221372,2603.3587,LLLG
113.8850815,-390.1020264,276.2254915,-3777.312621,1084.419404,2692.855752,LLLG
125.9131971,-392.8524185,266.9477679,-3746.279944,966.5472155,2779.695263,LLLG
137.8170044,-395.2150718,257.406614,-3711.55013,847.7211325,2863.791533,LLLG
149.5847556,-397.1876548,247.6114457,-3673.157455,728.0584219,2945.061569,LLLG
161.2048375,-398.7682206,237.5719295,-3631.139807,607.6771762,3023.425167,LLLG
172.6657825,-399.9552094,227.2979734,-3585.538653,486.6961972,3098.804991,LLLG
183.9562799,-400.7474499,216.7997165,-3536.398995,365.2348786,3171.126651,LLLG
195.0651875,-401.1441602,206.0875192,-3483.769328,243.4130879,3240.318775,LLLG
205.981542,-401.1449488,195.1719533,-3427.701591,121.3510486,3306.313077,LLLG
216.6945704,-400.7498149,184.063791,-3368.251116,-0.830778819,3369.04443,LLLG
227.1937001,-399.9591485,172.7739949,-3305.476575,-123.0118156,3428.450926,LLLG
237.4685698,-398.7737298,161.3137064,-3239.439917,-245.0714839,3484.473936,LLLG
247.5090395,-397.1947287,149.6942357,-3170.206312,-366.8893255,3537.058174,LLLG
257.3052004,-395.2237036,137.9270496,-3097.844088,-488.345121,3586.151744,LLLG
266.8473848,-392.8625995,126.023761,-3022.424654,-609.319008,3631.706198,LLLG
276.1261759,-390.1137465,113.9961171,-2944.022443,-729.6916,3673.676579,LLLG
285.1324165,-386.9798576,101.8559875,-2862.714827,-849.3441038,3712.021467,LLLG
293.8572187,-383.4640254,89.61535317,-2778.582047,-968.1584369,3746.70302,LLLG
302.2919719,-379.5697197,77.28629416,-2691.707132,-1086.017344,3777.687012,LLLG
310.4283523,-375.3007836,64.88097773,-2602.175818,-1202.804512,3804.942865,LLLG
318.25833,-370.6614301,52.41164643,-2510.076459,-1318.404686,3828.443681,LLLG
325.774178,-365.6562376,39.89060599,-2415.499949,-1432.703784,3848.166268,LLLG
332.968479,-360.2901458,27.33021317,-2318.539621,-1545.589005,3864.091162,LLLG
339.834133,-354.5684502,14.74286355,-2219.291165,-1656.948946,3876.202647,LLLG
346.3643645,-348.4967975,2.140979327,-2117.852526,-1766.673707,3884.488769,LLLG
352.552729,-342.0811797,-10.46300296,-2014.323813,-1874.655004,3888.941353,LLLG
358.3931192,-335.3279282,-23.05664469,-1908.807195,-1980.786273,3889.556004,LLLG
363.8797715,-328.2437076,-35.62751748,-1801.406805,-2084.962773,3886.332114,LLLG
369.0072711,-320.8355093,-48.16321538,-1692.228634,-2187.081696,3879.272867,LLLG
373.7705578,-313.1106443,-60.65136717,-1581.380428,-2287.042264,3868.385227,LLLG
378.1649308,-305.076736,-73.07964857,-1468.97158,-2384.745825,3853.679941,LLLG
382.1860535,-296.7417129,-85.43579434,-1355.113024,-2480.09596,3835.171521,LLLG
385.8299575,-288.1138007,-97.70761048,-1239.917126,-2572.998569,3812.878231,LLLG
389.0930466,-279.2015141,-109.8829862,-1123.497569,-2663.361968,3786.822073,LLLG
391.9721006,-270.0136485,-121.9499058,-1005.969246,-2751.09698,3757.028762,LLLG
394.4642782,-260.5592711,-133.8964608,-887.448142,-2836.11702,3723.527698,LLLG
396.5671199,-250.8477124,-145.7108613,-768.0512242,-2918.338185,3686.351945,LLLG
398.2785506,-240.8885564,-157.3814479,-647.8963226,-2997.679331,3645.53819,LLLG
399.5968811,-230.6916316,-168.8967033,-527.1020155,-3074.062159,3601.126711,LLLG
400.5208105,-220.2670012,-180.2452631,-405.7875124,-3147.411289,3553.161337,LLLG
401.049427,-209.624953,-191.4159278,-284.072536,-3217.654332,3501.689405,LLLG
401.1822089,-198.7759894,-202.3976733,-162.0772044,-3284.721969,3446.76171,LLLG
400.9190251,-187.730817,-213.1796619,-39.92191207,-3348.54801,3388.432459,LLLG
400.2601354,-176.5003361,-223.7512531,82.27278832,-3409.069469,3326.759217,LLLG
399.20619,-165.0956299,-234.1020139,204.3863054,-3466.226617,3261.802848,LLLG
397.7582291,-153.5279534,-244.2217295,326.2981279,-3519.963047,3193.627455,LLLG
395.9176816,-141.8087224,-254.100413,447.8879435,-3570.225727,3122.30032,LLLG
393.6863638,-129.9495025,-263.7283152,569.0357578,-3616.965055,3047.891834,LLLG
391.066478,-117.9619973,-273.0959345,689.6220125,-3660.134905,2970.475429,LLLG
388.0606094,-105.8580369,-282.1940263,809.5277035,-3699.692672,2890.127506,LLLG
384.6717247,-93.64956665,-291.0136118,928.6344984,-3735.599319,2806.927358,LLLG
380.9031681,-81.34863469,-299.5459873,1046.824853,-3767.81941,2720.957094,LLLG
376.7586589,-68.9673806,-307.7827321,1163.982128,-3796.321147,2632.301556,LLLG
372.2422871,-56.51802317,-315.7157178,1279.990703,-3821.076403,2541.048236,LLLG
367.3585098,-44.01284842,-323.3371153,1394.736092,-3842.060747,2447.287191,LLLG
362.1121469,-31.46419745,-330.6394033,1508.105055,-3859.25347,2351.110952,LLLG
356.5083757,-18.88445426,-337.6153753,1619.98571,-3872.637605,2252.614432,LLLG
350.5527265,-6.286033536,-344.2581468,1730.267645,-3882.199944,2151.894836,LLLG
344.2510769,6.318631598,-350.5611623,1838.842025,-3887.931049,2049.051561,LLLG
337.6096457,18.91710186,-356.5182015,1945.601699,-3889.825265,1944.186103,LLLG
330.6349874,31.49694408,-362.1233854,2050.441309,-3887.880722,1837.40195,LLLG
323.333985,44.04574348,-367.3711824,2153.257392,-3882.09934,1728.804485,LLLG
315.7138437,56.5511159,-372.2564135,2253.948479,-3872.486824,1618.500882,LLLG
307.7820838,69.00072005,-376.7742577,2352.415202,-3859.05266,1506.599996,LLLG
299.5465328,81.38226967,-380.9202564,2448.560384,-3841.810106,1393.212259,LLLG
291.0153184,93.68354568,-384.690318,2542.289143,-3820.776179,1278.449573,LLLG
282.1968597,105.8924082,-388.0807218,2633.50898,-3795.971636,1162.425194,LLLG
273.0998595,117.9968085,-391.088122,2722.129871,-3767.420957,1045.253624,LLLG
263.7332955,129.9848011,-393.7095506,2808.064359,-3735.152318,927.0504965,LLLG
254.1064113,141.8445553,-395.9424205,2891.227636,-3699.197563,807.9324649,LLLG
244.2287075,153.5643668,-397.7845283,2971.53763,-3659.592177,688.0170837,LLLG
234.1099323,165.1326697,-399.234056,3048.915086,-3616.375244,567.4226951,LLLG
223.7600715,176.5380475,-400.289573,3123.283641,-3569.589414,446.268311,LLLG
213.1893393,187.7692444,-400.9500377,3194.569901,-3519.28086,324.6734964,LLLG
202.4081678,198.8151765,-401.2147983,3262.703517,-3465.49923,202.7582506,LLLG
191.4271965,209.664943,-401.0835935,3327.617248,-3408.2976,80.64288914,LLLG
180.2572625,220.3078363,-400.5565528,3389.247033,-3347.732421,-41.55207481,LLLG
168.9093891,230.7333532,-399.6341963,3447.532051,-3283.863463,-163.7060495,LLLG
157.3947753,240.931205,-398.3174343,3502.41478,-3216.753759,-285.6984838,LLLG
145.7247845,250.8913277,-396.6075663,3553.841059,-3146.469535,-407.4089859,LLLG
133.9109338,260.6038917,-394.5062796,3601.760136,-3073.080156,-528.7174422,LLLG
121.9648819,270.0593121,-392.015648,3646.12472,-2996.658046,-649.5041358,LLLG
109.8984181,279.2482573,-389.1381295,3686.891029,-2917.278627,-769.649865,LLLG
97.72345064,288.1616591,-385.8765638,3724.018833,-2835.020234,-889.0360604,LLLG
85.45199466,296.790721,-382.2341697,3757.471489,-2749.964049,-1007.544902,LLLG
73.09616063,305.1269271,-378.2145419,3787.215984,-2662.19401,-1125.059436,LLLG
60.66814227,313.1620507,-373.821647,3813.222965,-2571.796736,-1241.463691,LLLG
48.18020453,320.888162,-369.0598206,3835.466764,-2478.861439,-1356.642788,LLLG
35.64467149,328.2976362,-363.9337618,3853.925431,-2383.479834,-1470.48306,LLLG
23.07391423,335.3831612,-358.4485295,3868.580749,-2285.746051,-1582.87216,LLLG
10.48033855,342.1377443,-352.609537,3879.418255,-2185.756542,-1693.699175,LLLG
-2.123627211,348.5547197,-346.4225466,3886.427254,-2083.609985,-1802.85473,LLLG
-14.72554445,354.6277544,-339.8936641,3889.600828,-1979.407186,-1910.231104,LLLG
-27.3129766,360.3508553,-333.0293328,3888.935845,-1873.25098,-2015.722327,LLLG
-39.87350139,365.7183742,-325.8363269,3884.432963,-1765.246131,-2119.224294,LLLG
-52.39472309,370.7250141,-318.3217451,3876.096623,-1655.499226,-2220.634859,LLLG
-64.86428478,375.365834,-310.4930034,3863.935055,-1544.118572,-2319.853944,LLLG
-77.26988049,379.636254,-302.3578277,3847.960259,-1431.21409,-2416.783631,LLLG
-89.59926741,383.5320597,-293.9242465,3828.188001,-1316.897201,-2511.328262,LLLG
-101.8402779,387.0494064,-285.2005827,3804.637794,-1201.280723,-2603.394533,LLLG
-113.9808316,390.184823,-276.1954456,3777.332878,-1084.478755,-2692.891585,LLLG
-126.0089472,392.9352151,-266.9177221,3746.300201,-966.6065663,-2779.731096,LLLG
-137.9127545,395.2978684,-257.3765681,3711.570388,-847.7804833,-2863.827366,LLLG
-149.6805057,397.2704513,-247.5813998,3673.177713,-728.1177727,-2945.097402,LLLG
-161.3005876,398.8510171,-237.5418837,3631.160065,-607.736527,-3023.461,LLLG
-172.7615326,400.038006,-227.2679276,3585.558911,-486.755548,-3098.840824,LLLG
-184.05203,400.8302464,-216.7696707,3536.419252,-365.2942293,-3171.162484,LLLG
-195.1609376,401.2269567,-206.0574734,3483.789585,-243.4724386,-3240.354608,LLLG
-206.0772921,401.2277453,-195.1419075,3427.721848,-121.4103992,-3306.34891,LLLG
-216.7903204,400.8326114,-184.0337452,3368.271374,0.771428187,-3369.080263,LLLG
-227.2894501,400.0419449,-172.7439491,3305.496832,122.952465,-3428.486759,LLLG
-237.5643198,398.8565262,-161.2836607,3239.460174,245.0121334,-3484.509769,LLLG
-247.6047895,397.2775251,-149.6641899,3170.22657,366.829975,-3537.094006,LLLG
-257.4009504,395.3064999,-137.8970039,3097.864345,488.2857705,-3586.187577,LLLG
-266.9431348,392.9453958,-125.9937153,3022.444912,609.2596575,-3631.742031,LLLG
-276.2219259,390.1965429,-113.9660713,2944.042701,729.6322496,-3673.712412,LLLG
-285.2281665,387.0626539,-101.8259417,2862.735085,849.2847534,-3712.057299,LLLG
-293.9529686,383.5468217,-89.58530744,2778.602305,968.0990865,-3746.738853,LLLG
-302.3877219,379.652516,-77.25624843,2691.72739,1085.957993,-3777.722844,LLLG
-310.5241022,375.3835799,-64.85093201,2602.196075,1202.745161,-3804.978698,LLLG
-318.35408,370.7442263,-52.38160072,2510.096717,1318.345336,-3828.479514,LLLG
-325.8699279,365.7390339,-39.86056029,2415.520206,1432.644434,-3848.202101,LLLG
-333.0642289,360.372942,-27.30016748,2318.559879,1545.529655,-3864.126995,LLLG
-339.9298829,354.6512464,-14.71281786,2219.311423,1656.889596,-3876.238479,LLLG
-346.4601144,348.5795937,-2.110933653,2117.872784,1766.614357,-3884.524602,LLLG
-352.6484788,342.1639758,10.49304862,2014.344071,1874.595654,-3888.977186,LLLG
-358.4888691,335.4107243,23.08669035,1908.827453,1980.726922,-3889.591836,LLLG
-363.9755213,328.3265038,35.65756312,1801.427063,2084.903423,-3886.367947,LLLG
-369.1030209,320.9183055,48.19326102,1692.248892,2187.022346,-3879.308699,LLLG
-373.8663076,313.1934404,60.6814128,1581.400686,2286.982913,-3868.42106,LLLG
-378.2606807,305.159532,73.10969419,1468.991838,2384.686475,-3853.715774,LLLG
-382.2818033,296.8245089,85.46583996,1355.133282,2480.03661,-3835.207353,LLLG
-385.9257073,288.1965967,97.73765608,1239.937384,2572.939219,-3812.914063,LLLG
-389.1887964,279.2843101,109.9130318,1123.517827,2663.302618,-3786.857906,LLLG
-392.0678503,270.0964445,121.9799514,1005.989504,2751.03763,-3757.064594,LLLG
-394.560028,260.6420671,133.9265064,887.4684,2836.05767,-3723.563531,LLLG
-396.6628697,250.9305084,145.7409068,768.0714823,2918.278835,-3686.387778,LLLG
-398.3743003,240.9713524,157.4114935,647.9165807,2997.619981,-3645.574022,LLLG
-399.6926308,230.7744276,168.9267488,527.1222737,3074.00281,-3601.162544,LLLG
-400.6165603,220.3497971,180.2753087,405.8077706,3147.351939,-3553.19717,LLLG
-401.1451767,209.7077489,191.4459734,284.0927942,3217.594982,-3501.725237,LLLG
-401.2779586,198.8587853,202.4277188,162.0974625,3284.662619,-3446.797542,LLLG
-401.0147748,187.8136129,213.2097074,39.94217025,3348.488661,-3388.468291,LLLG
-400.3558851,176.583132,223.7812986,-82.25253015,3409.010119,-3326.795049,LLLG
-399.3019397,165.1784258,234.1320594,-204.3660472,3466.167267,-3261.83868,LLLG
-397.8539788,153.6107492,244.251775,-326.2778697,3519.903697,-3193.663287,LLLG
-396.0134312,141.8915182,254.1304585,-447.8676853,3570.166378,-3122.336152,LLLG
-393.7821135,130.0322983,263.7583606,-569.0154996,3616.905706,-3047.927666,LLLG
-391.1622276,118.0447931,273.12598,-689.6017542,3660.075555,-2970.511261,LLLG
-388.156359,105.9408327,282.2240718,-809.5074453,3699.633323,-2890.163338,LLLG
-384.7674743,93.73236242,291.0436573,-928.6142401,3735.53997,-2806.96319,LLLG
-380.9989177,81.43143044,299.5760327,-1046.804595,3767.76006,-2720.992925,LLLG
-376.8544085,69.05017633,307.8127776,-1163.96187,3796.261798,-2632.337387,LLLG
-372.3380367,56.60081888,315.7457632,-1279.970445,3821.017053,-2541.084068,LLLG
-367.4542594,44.09564412,323.3671607,-1394.715834,3842.001397,-2447.323023,LLLG
-362.2078964,31.54699313,330.6694487,-1508.084797,3859.19412,-2351.146783,LLLG
-356.6041252,18.96724992,337.6454207,-1619.965452,3872.578256,-2252.650263,LLLG
-350.648476,6.368829185,344.2881922,-1730.247387,3882.140594,-2151.930667,LLLG
-344.3468264,-6.235835966,350.5912077,-1838.821766,3887.8717,-2049.087393,LLLG
-337.7053952,-18.83430624,356.5482469,-1945.581441,3889.765916,-1944.221935,LLLG
-330.7307369,-31.41414848,362.1534307,-2050.421051,3887.821373,-1837.437782,LLLG
-323.4297345,-43.96294789,367.4012277,-2153.237134,3882.039991,-1728.840317,LLLG
-315.8095932,-56.46832033,372.2864589,-2253.928221,3872.427475,-1618.536713,LLLG
-307.8778332,-68.9179245,376.8043031,-2352.394943,3858.993311,-1506.635827,LLLG
-299.6422823,-81.29947414,380.9503018,-2448.540126,3841.750757,-1393.248091,LLLG
-291.1110678,-93.60075016,384.7203633,-2542.268885,3820.71683,-1278.485405,LLLG
-282.2926091,-105.8096127,388.1107671,-2633.488721,3795.912287,-1162.461025,LLLG
-273.1956089,-117.914013,391.1181673,-2722.109613,3767.361608,-1045.289455,LLLG
-263.8290449,-129.9020057,393.7395959,-2808.0441,3735.092969,-927.086328,LLLG
-254.2021607,-141.7617598,395.9724658,-2891.207377,3699.138214,-807.9682963,LLLG
-244.3244569,-153.4815714,397.8145736,-2971.517372,3659.532828,-688.0529152,LLLG
-234.2056816,-165.0498743,399.2641013,-3048.894827,3616.315895,-567.4585265,LLLG
-223.8558209,-176.4552521,400.3196183,-3123.263382,3569.530065,-446.3041425,LLLG
-213.2850887,-187.686449,400.980083,-3194.549643,3519.221511,-324.7093278,LLLG
-202.5039171,-198.7323812,401.2448435,-3262.683258,3465.439881,-202.7940819,LLLG
-191.5229459,-209.5821476,401.1136387,-3327.59699,3408.238251,-80.67872045,LLLG
-180.3530119,-220.2250409,400.586598,-3389.226775,3347.673072,41.51624348,LLLG
-169.0051384,-230.6505579,399.6642415,-3447.511792,3283.804115,163.6702182,LLLG
-157.4905246,-240.8484097,398.3474795,-3502.394521,3216.69441,285.6626526,LLLG
-145.8205339,-250.8085324,396.6376115,-3553.8208,3146.410187,407.3731547,LLLG
-134.0066831,-260.5210965,394.5363248,-3601.739877,3073.020807,528.6816109,LLLG
-122.0606312,-269.9765168,392.0456932,-3646.104461,2996.598698,649.4683047,LLLG
-109.9941674,-279.1654621,389.1681747,-3686.870771,2917.219278,769.6140338,LLLG
-97.8191999,-288.0788639,385.906609,-3723.998574,2834.960886,889.0002293,LLLG
-85.54774391,-296.7079258,382.2642149,-3757.45123,2749.9047,1007.509071,LLLG
-73.19190987,-305.044132,378.244587,-3787.195725,2662.134661,1125.023605,LLLG
-60.7638915,-313.0792555,373.8516922,-3813.202706,2571.737388,1241.42786,LLLG
-48.27595374,-320.8053668,369.0898657,-3835.446505,2478.80209,1356.606957,LLLG
-35.7404207,-328.2148411,363.9638069,-3853.905173,2383.420485,1470.447229,LLLG
-23.16966342,-335.3003661,358.4785746,-3868.560491,2285.686703,1582.836329,LLLG
-10.57608773,-342.0549492,352.6395821,-3879.397996,2185.697194,1693.663344,LLLG
2.027878036,-348.4719246,346.4525917,-3886.406995,2083.550637,1802.818899,LLLG
14.62979529,-354.5449594,339.9237092,-3889.580569,1979.347838,1910.195273,LLLG
27.21722745,-360.2680602,333.0593779,-3888.915586,1873.191632,2015.686496,LLLG
39.77775225,-365.6355792,325.866372,-3884.412704,1765.186782,2119.188463,LLLG
52.29897396,-370.6422191,318.3517902,-3876.076365,1655.439878,2220.599029,LLLG
64.76853566,-375.283039,310.5230484,-3863.914796,1544.059224,2319.818114,LLLG
77.17413138,-379.553459,302.3878727,-3847.94,1431.154742,2416.7478,LLLG
89.50351831,-383.4492647,293.9542915,-3828.167742,1316.837853,2511.292431,LLLG
101.7445288,-386.9666115,285.2306277,-3804.617535,1201.221374,2603.358702,LLLG
113.8850825,-390.102028,276.2254906,-3777.312619,1084.419407,2692.855754,LLLG
125.9131981,-392.8524202,266.9477671,-3746.279942,966.5472183,2779.695266,LLLG
137.8170054,-395.2150735,257.4066131,-3711.550129,847.7211354,2863.791535,LLLG
149.5847567,-397.1876564,247.6114448,-3673.157454,728.0584247,2945.061571,LLLG
161.2048386,-398.7682222,237.5719287,-3631.139806,607.6771791,3023.425169,LLLG
172.6657836,-399.9552111,227.2979726,-3585.538652,486.6962001,3098.804993,LLLG
183.956281,-400.7474516,216.7997156,-3536.398993,365.2348814,3171.126654,LLLG
195.0651886,-401.1441619,206.0875184,-3483.769326,243.4130907,3240.318777,LLLG
205.9815431,-401.1449505,195.1719524,-3427.701589,121.3510515,3306.31308,LLLG
216.6945714,-400.7498166,184.0637902,-3368.251115,-0.83077596,3369.044433,LLLG
227.1937011,-399.9591501,172.773994,-3305.476573,-123.0118128,3428.450928,LLLG
237.4685709,-398.7737315,161.3137056,-3239.439915,-245.0714811,3484.473938,LLLG
247.5090405,-397.1947304,149.6942348,-3170.206311,-366.8893227,3537.058176,LLLG
257.3052014,-395.2237052,137.9270488,-3097.844086,-488.3451181,3586.151746,LLLG
266.8473859,-392.8626011,126.0237602,-3022.424653,-609.3190051,3631.7062,LLLG
276.126177,-390.1137482,113.9961162,-2944.022442,-729.6915972,3673.676581,LLLG
285.1324176,-386.9798593,101.8559866,-2862.714826,-849.344101,3712.021469,LLLG
293.8572197,-383.4640271,89.61535231,-2778.582046,-968.158434,3746.703022,LLLG
302.291973,-379.5697213,77.2862933,-2691.707131,-1086.017341,3777.687014,LLLG
310.4283533,-375.3007852,64.88097687,-2602.175816,-1202.804509,3804.942867,LLLG
318.2583311,-370.6614317,52.41164557,-2510.076458,-1318.404683,3828.443684,LLLG
325.7741791,-365.6562393,39.89060513,-2415.499947,-1432.703781,3848.166271,LLLG
332.96848,-360.2901474,27.33021231,-2318.53962,-1545.589002,3864.091164,LLLG
339.8341341,-354.5684518,14.74286269,-2219.291164,-1656.948943,3876.202649,LLLG
346.3643656,-348.4967991,2.140978467,-2117.852525,-1766.673704,3884.488772,LLLG
352.55273,-342.0811813,-10.46300382,-2014.323812,-1874.655001,3888.941356,LLLG
358.3931203,-335.3279298,-23.05664555,-1908.807194,-1980.78627,3889.556006,LLLG
363.8797725,-328.2437093,-35.62751834,-1801.406804,-2084.96277,3886.332117,LLLG
369.0072721,-320.835511,-48.16321624,-1692.228633,-2187.081694,3879.272869,LLLG
373.7705588,-313.1106459,-60.65136803,-1581.380426,-2287.042261,3868.38523,LLLG
378.1649319,-305.0767376,-73.07964942,-1468.971579,-2384.745822,3853.679944,LLLG
382.1860546,-296.7417145,-85.4357952,-1355.113023,-2480.095957,3835.171523,LLLG
385.8299585,-288.1138023,-97.70761134,-1239.917125,-2572.998566,3812.878233,LLLG
389.0930476,-279.2015158,-109.882987,-1123.497568,-2663.361965,3786.822076,LLLG
391.9721016,-270.0136501,-121.9499067,-1005.969244,-2751.096977,3757.028764,LLLG
394.4642792,-260.5592728,-133.8964616,-887.4481406,-2836.117017,3723.527701,LLLG
396.567121,-250.8477141,-145.7108621,-768.0512228,-2918.338182,3686.351948,LLLG
398.2785516,-240.888558,-157.3814488,-647.8963212,-2997.679328,3645.538193,LLLG
399.5968822,-230.6916333,-168.8967041,-527.1020141,-3074.062157,3601.126714,LLLG
400.5208116,-220.2670028,-180.245264,-405.787511,-3147.411286,3553.16134,LLLG
401.0494281,-209.6249546,-191.4159287,-284.0725346,-3217.654329,3501.689407,LLLG
401.1822099,-198.775991,-202.3976742,-162.077203,-3284.721966,3446.761712,LLLG
400.9190262,-187.7308187,-213.1796627,-39.92191065,-3348.548008,3388.432461,LLLG
400.2601365,-176.5003378,-223.7512539,82.27278975,-3409.069466,3326.75922,LLLG
399.2061911,-165.0956316,-234.1020148,204.3863068,-3466.226614,3261.80285,LLLG
397.7582302,-153.527955,-244.2217304,326.2981293,-3519.963044,3193.627458,LLLG
395.9176826,-141.8087241,-254.1004138,447.8879449,-3570.225724,3122.300323,LLLG
393.6863649,-129.9495042,-263.728316,569.0357592,-3616.965052,3047.891836,LLLG
391.066479,-117.9619989,-273.0959354,689.6220139,-3660.134902,2970.475431,LLLG
388.0606105,-105.8580386,-282.1940272,809.5277049,-3699.69267,2890.127508,LLLG
384.6717257,-93.64956831,-291.0136127,928.6344999,-3735.599316,2806.92736,LLLG
380.9031692,-81.34863635,-299.5459881,1046.824855,-3767.819407,2720.957096,LLLG
376.7586599,-68.96738226,-307.782733,1163.98213,-3796.321144,2632.301558,LLLG
372.2422881,-56.51802483,-315.7157186,1279.990705,-3821.0764,2541.048239,LLLG
367.3585109,-44.01285008,-323.3371161,1394.736094,-3842.060744,2447.287194,LLLG
362.1121479,-31.46419911,-330.6394041,1508.105056,-3859.253467,2351.110954,LLLG
356.5083767,-18.88445592,-337.6153761,1619.985712,-3872.637602,2252.614434,LLLG
350.5527275,-6.286035196,-344.2581477,1730.267646,-3882.199941,2151.894838,LLLG
344.2510779,6.318629937,-350.5611632,1838.842026,-3887.931046,2049.051564,LLLG
337.6096468,18.9171002,-356.5182023,1945.6017,-3889.825262,1944.186105,LLLG
330.6349884,31.49694242,-362.1233862,2050.441311,-3887.880719,1837.401952,LLLG
323.333986,44.04574182,-367.3711832,2153.257393,-3882.099337,1728.804488,LLLG
315.7138448,56.55111423,-372.2564144,2253.948481,-3872.486821,1618.500884,LLLG
307.7820848,69.00071839,-376.7742586,2352.415203,-3859.052657,1506.599998,LLLG
299.5465339,81.38226801,-380.9202573,2448.560386,-3841.810103,1393.212262,LLLG
291.0153194,93.68354402,-384.6903188,2542.289145,-3820.776176,1278.449576,LLLG
282.1968607,105.8924065,-388.0807227,2633.508981,-3795.971634,1162.425196,LLLG
273.0998605,117.9968069,-391.0881228,2722.129873,-3767.420954,1045.253626,LLLG
263.7332965,129.9847995,-393.7095514,2808.06436,-3735.152315,927.0504989,LLLG
254.1064124,141.8445536,-395.9424214,2891.227637,-3699.19756,807.9324673,LLLG
244.2287086,153.5643652,-397.7845292,2971.537632,-3659.592174,688.0170861,LLLG
234.1099333,165.1326681,-399.2340568,3048.915087,-3616.375241,567.4226975,LLLG
223.7600726,176.5380458,-400.2895739,3123.283642,-3569.589411,446.2683135,LLLG
213.1893404,187.7692427,-400.9500386,3194.569903,-3519.280857,324.6734989,LLLG
202.4081688,198.8151749,-401.2147992,3262.703519,-3465.499227,202.758253,LLLG
191.4271976,209.6649413,-401.0835944,3327.61725,-3408.297597,80.64289157,LLLG
180.2572636,220.3078346,-400.5565537,3389.247035,-3347.732418,-41.55207237,LLLG
168.9093902,230.7333515,-399.6341972,3447.532052,-3283.863461,-163.7060471,LLLG
157.3947763,240.9312033,-398.3174352,3502.414781,-3216.753756,-285.6984814,LLLG
145.7247856,250.891326,-396.6075671,3553.84106,-3146.469532,-407.4089834,LLLG
133.9109349,260.6038901,-394.5062804,3601.760137,-3073.080153,-528.7174397,LLLG
121.964883,270.0593104,-392.0156489,3646.124721,-2996.658043,-649.5041334,LLLG
109.8984192,279.2482557,-389.1381304,3686.891031,-2917.278624,-769.6498626,LLLG
97.7234517,288.1616575,-385.8765647,3724.018834,-2835.020231,-889.0360579,LLLG
85.45199571,296.7907193,-382.2341706,3757.47149,-2749.964046,-1007.5449,LLLG
73.09616168,305.1269255,-378.2145427,3787.215985,-2662.194007,-1125.059434,LLLG
60.66814332,313.162049,-373.8216479,3813.222966,-2571.796733,-1241.463688,LLLG
48.18020558,320.8881603,-369.0598214,3835.466766,-2478.861436,-1356.642785,LLLG
35.64467255,328.2976345,-363.9337627,3853.925433,-2383.479831,-1470.483057,LLLG
23.07391528,335.3831595,-358.4485304,3868.580751,-2285.746048,-1582.872158,LLLG
10.4803396,342.1377426,-352.6095378,3879.418257,-2185.75654,-1693.699172,LLLG
-2.123626159,348.554718,-346.4225474,3886.427255,-2083.609982,-1802.854728,LLLG
-14.7255434,354.6277528,-339.893665,3889.600829,-1979.407183,-1910.231101,LLLG
-27.31297555,360.3508536,-333.0293337,3888.935847,-1873.250977,-2015.722325,LLLG
-39.87350034,365.7183725,-325.8363278,3884.432964,-1765.246128,-2119.224291,LLLG
-52.39472204,370.7250124,-318.321746,3876.096625,-1655.499223,-2220.634857,LLLG
-64.86428373,375.3658323,-310.4930042,3863.935057,-1544.11857,-2319.853942,LLLG
-77.26987944,379.6362523,-302.3578285,3847.960261,-1431.214087,-2416.783629,LLLG
-89.59926636,383.532058,-293.9242473,3828.188003,-1316.897198,-2511.32826,LLLG
-101.8402769,387.0494048,-285.2005836,3804.637795,-1201.28072,-2603.39453,LLLG
-113.9808305,390.1848213,-276.1954464,3777.33288,-1084.478752,-2692.891583,LLLG
-126.0089462,392.9352134,-266.9177229,3746.300203,-966.6065635,-2779.731094,LLLG
-137.9127534,395.2978667,-257.376569,3711.570389,-847.7804805,-2863.827364,LLLG
-149.6805047,397.2704496,-247.5814007,3673.177714,-728.1177698,-2945.097399,LLLG
-161.3005866,398.8510154,-237.5418846,3631.160067,-607.7365241,-3023.460997,LLLG
-172.7615315,400.0380043,-227.2679285,3585.558912,-486.7555451,-3098.840822,LLLG
-184.052029,400.8302448,-216.7696715,3536.419254,-365.2942264,-3171.162482,LLLG
-195.1609365,401.2269551,-206.0574743,3483.789587,-243.4724357,-3240.354606,LLLG
-206.077291,401.2277436,-195.1419083,3427.72185,-121.4103964,-3306.348908,LLLG
-216.7903194,400.8326097,-184.0337461,3368.271375,0.771431046,-3369.080261,LLLG
-227.2894491,400.0419433,-172.7439499,3305.496834,122.9524679,-3428.486756,LLLG
-237.5643188,398.8565246,-161.2836615,3239.460176,245.0121362,-3484.509766,LLLG
-247.6047884,397.2775235,-149.6641908,3170.226572,366.8299779,-3537.094004,LLLG
-257.4009493,395.3064983,-137.8970047,3097.864347,488.2857733,-3586.187574,LLLG
-266.9431338,392.9453942,-125.9937161,3022.444914,609.2596604,-3631.742028,LLLG
-276.2219248,390.1965412,-113.9660722,2944.042702,729.6322524,-3673.712409,LLLG
-285.2281655,387.0626523,-101.8259426,2862.735086,849.2847563,-3712.057297,LLLG
-293.9529676,383.5468201,-89.5853083,2778.602307,968.0990893,-3746.73885,LLLG
-302.3877208,379.6525143,-77.25624929,2691.727392,1085.957996,-3777.722842,LLLG
-310.5241011,375.3835782,-64.85093287,2602.196077,1202.745164,-3804.978695,LLLG
-318.3540789,370.7442247,-52.38160158,2510.096719,1318.345339,-3828.479512,LLLG
-325.8699269,365.7390322,-39.86056115,2415.520208,1432.644436,-3848.202098,LLLG
-333.0642278,360.3729403,-27.30016833,2318.55988,1545.529658,-3864.126992,LLLG
-339.9298818,354.6512447,-14.71281872,2219.311424,1656.889598,-3876.238477,LLLG
-346.4601133,348.579592,-2.110934512,2117.872786,1766.61436,-3884.5246,LLLG
-352.6484778,342.1639742,10.49304776,2014.344072,1874.595657,-3888.977183,LLLG
-358.488868,335.4107227,23.08668949,1908.827455,1980.726925,-3889.591834,LLLG
-363.9755203,328.3265021,35.65756226,1801.427065,2084.903426,-3886.367944,LLLG
-369.1030198,320.9183038,48.19326016,1692.248894,2187.022349,-3879.308697,LLLG
-373.8663065,313.1934387,60.68141194,1581.400687,2286.982916,-3868.421057,LLLG
-378.2606796,305.1595304,73.10969333,1468.991839,2384.686478,-3853.715771,LLLG
-382.2818023,296.8245073,85.4658391,1355.133284,2480.036613,-3835.207351,LLLG
-385.9257062,288.1965951,97.73765523,1239.937385,2572.939222,-3812.914061,LLLG
-389.1887953,279.2843085,109.9130309,1123.517828,2663.302621,-3786.857903,LLLG
-392.0678493,270.0964429,121.9799505,1005.989505,2751.037633,-3757.064591,LLLG
-394.5600269,260.6420655,133.9265055,887.4684015,2836.057673,-3723.563528,LLLG
-396.6628686,250.9305067,145.740906,768.0714837,2918.278838,-3686.387775,LLLG
-398.3742993,240.9713507,157.4114926,647.9165821,2997.619984,-3645.57402,LLLG
-399.6926298,230.7744259,168.926748,527.1222751,3074.002812,-3601.162541,LLLG
-400.6165592,220.3497955,180.2753078,405.807772,3147.351942,-3553.197167,LLLG
-401.1451757,209.7077472,191.4459725,284.0927956,3217.594985,-3501.725234,LLLG
-401.2779575,198.8587836,202.427718,162.097464,3284.662622,-3446.797539,LLLG
-401.0147738,187.8136112,213.2097065,39.94217168,3348.488664,-3388.468289,LLLG
-400.355884,176.5831304,223.7812977,-82.25252872,3409.010122,-3326.795047,LLLG
-399.3019387,165.1784241,234.1320586,-204.3660458,3466.16727,-3261.838677,LLLG
-397.8539777,153.6107475,244.2517742,-326.2778683,3519.9037,-3193.663285,LLLG
-396.0134302,141.8915166,254.1304576,-447.8676839,3570.16638,-3122.33615,LLLG
-393.7821124,130.0322966,263.7583598,-569.0154981,3616.905709,-3047.927664,LLLG
-391.1622265,118.0447914,273.1259791,-689.6017528,3660.075558,-2970.511259,LLLG
-388.156358,105.9408311,282.2240709,-809.5074438,3699.633326,-2890.163335,LLLG
-384.7674732,93.73236076,291.0436564,-928.6142387,3735.539973,-2806.963187,LLLG
-380.9989167,81.43142878,299.5760318,-1046.804593,3767.760063,-2720.992923,LLLG
-376.8544074,69.05017467,307.8127767,-1163.961868,3796.2618,-2632.337385,LLLG
-372.3380356,56.60081722,315.7457623,-1279.970444,3821.017056,-2541.084066,LLLG
-367.4542584,44.09564246,323.3671598,-1394.715833,3842.0014,-2447.323021,LLLG
-362.2078954,31.54699147,330.6694478,-1508.084795,3859.194123,-2351.146781,LLLG
-356.6041242,18.96724826,337.6454198,-1619.96545,3872.578258,-2252.650261,LLLG
-350.648475,6.368827524,344.2881914,-1730.247385,3882.140597,-2151.930665,LLLG
-344.3468253,-6.235837626,350.5912069,-1838.821765,3887.871702,-2049.087391,LLLG
-337.7053942,-18.8343079,356.548246,-1945.581439,3889.765919,-1944.221932,LLLG
-330.7307358,-31.41415014,362.1534299,-2050.42105,3887.821376,-1837.437779,LLLG
-323.4297334,-43.96294955,367.4012269,-2153.237132,3882.039994,-1728.840315,LLLG
-315.8095922,-56.46832199,372.286458,-2253.928219,3872.427478,-1618.536711,LLLG
-307.8778322,-68.91792616,376.8043022,-2352.394942,3858.993314,-1506.635825,LLLG
-299.6422812,-81.2994758,380.9503009,-2448.540124,3841.75076,-1393.248088,LLLG
-291.1110668,-93.60075182,384.7203624,-2542.268883,3820.716833,-1278.485402,LLLG
-282.2926081,-105.8096143,388.1107663,-2633.48872,3795.91229,-1162.461023,LLLG
-273.1956079,-117.9140147,391.1181664,-2722.109611,3767.361611,-1045.289453,LLLG
-263.8290438,-129.9020073,393.739595,-2808.044099,3735.092972,-927.0863256,LLLG
-254.2021597,-141.7617615,395.972465,-2891.207376,3699.138217,-807.9682939,LLLG
-244.3244559,-153.481573,397.8145727,-2971.51737,3659.532831,-688.0529127,LLLG
-234.2056806,-165.049876,399.2641004,-3048.894826,3616.315898,-567.4585241,LLLG
-223.8558198,-176.4552538,400.3196174,-3123.263381,3569.530068,-446.30414,LLLG
-213.2850876,-187.6864506,400.9800821,-3194.549641,3519.221514,-324.7093254,LLLG
-202.5039161,-198.7323828,401.2448427,-3262.683257,3465.439884,-202.7940795,LLLG
-191.5229448,-209.5821493,401.1136379,-3327.596988,3408.238254,-80.67871802,LLLG
-180.3530108,-220.2250426,400.5865972,-3389.226773,3347.673075,41.51624592,LLLG
-169.0051374,-230.6505595,399.6642407,-3447.511791,3283.804118,163.6702207,LLLG
-157.4905235,-240.8484114,398.3474787,-3502.39452,3216.694413,285.662655,LLLG
-145.8205328,-250.808534,396.6376106,-3553.820799,3146.410189,407.3731571,LLLG
-134.006682,-260.5210981,394.5363239,-3601.739875,3073.02081,528.6816134,LLLG
-122.0606301,-269.9765185,392.0456923,-3646.10446,2996.598701,649.4683071,LLLG
-109.9941663,-279.1654638,389.1681738,-3686.870769,2917.219281,769.6140363,LLLG
-97.81919885,-288.0788656,385.9066081,-3723.998572,2834.960889,889.0002317,LLLG
-85.54774286,-296.7079275,382.264214,-3757.451228,2749.904703,1007.509073,LLLG
-73.19190882,-305.0441336,378.2445861,-3787.195724,2662.134664,1125.023608,LLLG
-60.76389044,-313.0792572,373.8516913,-3813.202704,2571.73739,1241.427862,LLLG
-48.27595269,-320.8053685,369.0898649,-3835.446504,2478.802093,1356.606959,LLLG
-35.74041965,-328.2148427,363.9638061,-3853.905171,2383.420488,1470.447231,LLLG
-23.16966237,-335.3003677,358.4785738,-3868.560489,2285.686706,1582.836332,LLLG
-10.57608668,-342.0549509,352.6395812,-3879.397995,2185.697197,1693.663346,LLLG
2.027879088,-348.4719262,346.4525908,-3886.406993,2083.55064,1802.818902,LLLG
14.62979634,-354.544961,339.9237083,-3889.580567,1979.347841,1910.195275,LLLG
27.2172285,-360.2680619,333.059377,-3888.915585,1873.191635,2015.686499,LLLG
39.7777533,-365.6355808,325.8663712,-3884.412702,1765.186785,2119.188465,LLLG
52.29897501,-370.6422207,318.3517893,-3876.076363,1655.43988,2220.599031,LLLG
64.76853671,-375.2830406,310.5230476,-3863.914795,1544.059227,2319.818116,LLLG
77.17413243,-379.5534607,302.3878719,-3847.939999,1431.154744,2416.747803,LLLG
89.50351936,-383.4492664,293.9542907,-3828.167741,1316.837856,2511.292434,LLLG
101.7445299,-386.9666131,285.2306269,-3804.617533,1201.221377,2603.358705,LLLG
113.8850836,-390.1020297,276.2254897,-3777.312618,1084.419409,2692.855757,LLLG
125.9131992,-392.8524218,266.9477662,-3746.279941,966.5472212,2779.695268,LLLG
137.8170065,-395.2150752,257.4066123,-3711.550128,847.7211382,2863.791538,LLLG
149.5847577,-397.1876581,247.6114439,-3673.157453,728.0584276,2945.061574,LLLG
161.2048396,-398.7682239,237.5719278,-3631.139805,607.6771819,3023.425171,LLLG
172.6657846,-399.9552128,227.2979717,-3585.53865,486.6962029,3098.804996,LLLG
183.9562821,-400.7474533,216.7997148,-3536.398992,365.2348843,3171.126656,LLLG
195.0651896,-401.1441636,206.0875175,-3483.769325,243.4130936,3240.31878,LLLG
205.9815441,-401.1449522,195.1719516,-3427.701588,121.3510543,3306.313082,LLLG
216.6945725,-400.7498183,184.0637893,-3368.251113,-0.830773102,3369.044435,LLLG
227.1937022,-399.9591518,172.7739931,-3305.476572,-123.0118099,3428.45093,LLLG
237.4685719,-398.7737331,161.3137047,-3239.439914,-245.0714782,3484.473941,LLLG
247.5090416,-397.1947321,149.694234,-3170.20631,-366.8893198,3537.058178,LLLG
257.3052025,-395.2237069,137.9270479,-3097.844085,-488.3451153,3586.151749,LLLG
266.847387,-392.8626028,126.0237593,-3022.424652,-609.3190023,3631.706203,LLLG
276.126178,-390.1137499,113.9961153,-2944.02244,-729.6915943,3673.676584,LLLG
285.1324186,-386.9798609,101.8559858,-2862.714824,-849.3440981,3712.021472,LLLG
293.8572208,-383.4640287,89.61535145,-2778.582044,-968.1584311,3746.703025,LLLG
302.291974,-379.569723,77.28629244,-2691.70713,-1086.017338,3777.687017,LLLG
310.4283544,-375.3007869,64.88097601,-2602.175815,-1202.804506,3804.94287,LLLG
318.2583321,-370.6614334,52.41164471,-2510.076456,-1318.404681,3828.443686,LLLG
325.7741801,-365.656241,39.89060427,-2415.499946,-1432.703778,3848.166273,LLLG
332.9684811,-360.2901491,27.33021145,-2318.539618,-1545.588999,3864.091167,LLLG
339.8341351,-354.5684535,14.74286183,-2219.291162,-1656.94894,3876.202651,LLLG
346.3643666,-348.4968008,2.140977608,-2117.852524,-1766.673702,3884.488774,LLLG
352.5527311,-342.081183,-10.46300467,-2014.32381,-1874.654999,3888.941358,LLLG
358.3931213,-335.3279315,-23.05664641,-1908.807192,-1980.786267,3889.556009,LLLG
363.8797736,-328.243711,-35.62751919,-1801.406802,-2084.962767,3886.332119,LLLG
369.0072732,-320.8355127,-48.1632171,-1692.228631,-2187.081691,3879.272872,LLLG
373.7705599,-313.1106476,-60.65136889,-1581.380425,-2287.042258,3868.385232,LLLG
378.1649329,-305.0767393,-73.07965028,-1468.971577,-2384.74582,3853.679946,LLLG
382.1860556,-296.7417162,-85.43579606,-1355.113022,-2480.095954,3835.171525,LLLG
385.8299596,-288.113804,-97.7076122,-1239.917123,-2572.998563,3812.878236,LLLG
389.0930487,-279.2015174,-109.8829879,-1123.497566,-2663.361962,3786.822078,LLLG
391.9721027,-270.0136518,-121.9499075,-1005.969243,-2751.096974,3757.028766,LLLG
394.4642803,-260.5592745,-133.8964625,-887.4481391,-2836.117014,3723.527703,LLLG
396.567122,-250.8477157,-145.710863,-768.0512213,-2918.338179,3686.35195,LLLG
398.2785527,-240.8885597,-157.3814496,-647.8963197,-2997.679326,3645.538195,LLLG
399.5968832,-230.6916349,-168.896705,-527.1020127,-3074.062154,3601.126716,LLLG
400.5208126,-220.2670045,-180.2452648,-405.7875096,-3147.411283,3553.161342,LLLG
401.0494291,-209.6249563,-191.4159295,-284.0725332,-3217.654326,3501.68941,LLLG
401.182211,-198.7759927,-202.397675,-162.0772015,-3284.721963,3446.761714,LLLG
400.9190272,-187.7308203,-213.1796636,-39.92190922,-3348.548005,3388.432464,LLLG
400.2601375,-176.5003395,-223.7512548,82.27279118,-3409.069463,3326.759222,LLLG
399.2061921,-165.0956332,-234.1020156,204.3863083,-3466.226611,3261.802853,LLLG
397.7582312,-153.5279567,-244.2217313,326.2981307,-3519.963041,3193.62746,LLLG
395.9176837,-141.8087257,-254.1004147,447.8879464,-3570.225721,3122.300325,LLLG
393.6863659,-129.9495058,-263.7283169,569.0357607,-3616.965049,3047.891839,LLLG
391.0664801,-117.9620006,-273.0959362,689.6220154,-3660.134899,2970.475434,LLLG
388.0606115,-105.8580403,-282.194028,809.5277064,-3699.692667,2890.12751,LLLG
384.6717268,-93.64956997,-291.0136136,928.6345013,-3735.599314,2806.927362,LLLG
380.9031702,-81.34863801,-299.545989,1046.824856,-3767.819404,2720.957098,LLLG
376.758661,-68.96738392,-307.7827338,1163.982131,-3796.321141,2632.30156,LLLG
372.2422892,-56.51802649,-315.7157195,1279.990706,-3821.076397,2541.048241,LLLG
367.3585119,-44.01285174,-323.337117,1394.736095,-3842.060741,2447.287196,LLLG
362.112149,-31.46420077,-330.639405,1508.105058,-3859.253464,2351.110956,LLLG
356.5083778,-18.88445758,-337.615377,1619.985713,-3872.637599,2252.614437,LLLG
350.5527286,-6.286036857,-344.2581486,1730.267648,-3882.199938,2151.89484,LLLG
344.251079,6.318628276,-350.5611641,1838.842027,-3887.931043,2049.051566,LLLG
337.6096478,18.91709854,-356.5182032,1945.601702,-3889.825259,1944.186108,LLLG
330.6349895,31.49694076,-362.1233871,2050.441312,-3887.880717,1837.401955,LLLG
323.3339871,44.04574016,-367.3711841,2153.257395,-3882.099334,1728.80449,LLLG
315.7138458,56.55111257,-372.2564153,2253.948482,-3872.486818,1618.500887,LLLG
307.7820859,69.00071672,-376.7742595,2352.415205,-3859.052654,1506.6,LLLG
299.5465349,81.38226635,-380.9202581,2448.560387,-3841.810101,1393.212264,LLLG
291.0153205,93.68354236,-384.6903197,2542.289146,-3820.776173,1278.449578,LLLG
282.1968618,105.8924049,-388.0807235,2633.508983,-3795.971631,1162.425199,LLLG
273.0998616,117.9968052,-391.0881237,2722.129874,-3767.420952,1045.253628,LLLG
263.7332976,129.9847978,-393.7095523,2808.064362,-3735.152312,927.0505014,LLLG
254.1064134,141.844552,-395.9424223,2891.227639,-3699.197558,807.9324697,LLLG
244.2287096,153.5643635,-397.78453,2971.537633,-3659.592171,688.0170886,LLLG
234.1099344,165.1326664,-399.2340577,3048.915089,-3616.375238,567.4226999,LLLG
223.7600736,176.5380442,-400.2895747,3123.283643,-3569.589408,446.2683159,LLLG
213.1893414,187.769241,-400.9500394,3194.569904,-3519.280854,324.6735013,LLLG
202.4081699,198.8151732,-401.2148,3262.70352,-3465.499224,202.7582554,LLLG
191.4271986,209.6649396,-401.0835952,3327.617251,-3408.297594,80.64289401,LLLG
180.2572646,220.3078329,-400.5565545,3389.247036,-3347.732415,-41.55206993,LLLG
168.9093912,230.7333499,-399.634198,3447.532054,-3283.863458,-163.7060446,LLLG
157.3947774,240.9312017,-398.317436,3502.414783,-3216.753753,-285.698479,LLLG
145.7247867,250.8913243,-396.607568,3553.841062,-3146.46953,-407.408981,LLLG
133.9109359,260.6038884,-394.5062813,3601.760138,-3073.08015,-528.7174373,LLLG
121.964884,270.0593087,-392.0156497,3646.124723,-2996.658041,-649.504131,LLLG
109.8984202,279.248254,-389.1381312,3686.891032,-2917.278621,-769.6498602,LLLG
97.72345275,288.1616558,-385.8765656,3724.018835,-2835.020229,-889.0360555,LLLG
85.45199677,296.7907177,-382.2341715,3757.471492,-2749.964043,-1007.544897,LLLG
73.09616274,305.1269238,-378.2145436,3787.215987,-2662.194004,-1125.059432,LLLG
60.66814437,313.1620474,-373.8216488,3813.222967,-2571.79673,-1241.463686,LLLG
48.18020663,320.8881586,-369.0598223,3835.466767,-2478.861433,-1356.642783,LLLG
35.6446736,328.2976329,-363.9337635,3853.925434,-2383.479828,-1470.483055,LLLG
23.07391633,335.3831578,-358.4485312,3868.580752,-2285.746045,-1582.872155,LLLG
10.48034065,342.137741,-352.6095387,3879.418258,-2185.756537,-1693.69917,LLLG
-2.123625107,348.5547163,-346.4225483,3886.427257,-2083.60998,-1802.854725,LLLG
-14.72554235,354.6277511,-339.8936658,3889.600831,-1979.40718,-1910.231099,LLLG
-27.3129745,360.3508519,-333.0293345,3888.935848,-1873.250974,-2015.722322,LLLG
-39.87349929,365.7183709,-325.8363287,3884.432965,-1765.246125,-2119.224289,LLLG
-52.39472099,370.7250108,-318.3217469,3876.096626,-1655.49922,-2220.634855,LLLG
-64.86428267,375.3658307,-310.4930051,3863.935058,-1544.118567,-2319.85394,LLLG
-77.26987839,379.6362507,-302.3578294,3847.960262,-1431.214084,-2416.783626,LLLG
-89.5992653,383.5320564,-293.9242482,3828.188004,-1316.897195,-2511.328257,LLLG
-101.8402758,387.0494031,-285.2005844,3804.637797,-1201.280717,-2603.394528,LLLG
-113.9808295,390.1848197,-276.1954473,3777.332881,-1084.478749,-2692.89158,LLLG
-126.0089451,392.9352118,-266.9177238,3746.300204,-966.6065606,-2779.731091,LLLG
-137.9127524,395.2978651,-257.3765699,3711.570391,-847.7804776,-2863.827361,LLLG
-149.6805036,397.270448,-247.5814015,3673.177716,-728.117767,-2945.097397,LLLG
-161.3005855,398.8510138,-237.5418854,3631.160068,-607.7365212,-3023.460995,LLLG
-172.7615305,400.0380026,-227.2679293,3585.558913,-486.7555422,-3098.840819,LLLG
-184.0520279,400.8302431,-216.7696724,3536.419255,-365.2942235,-3171.16248,LLLG
-195.1609355,401.2269534,-206.0574751,3483.789588,-243.4724329,-3240.354603,LLLG
-206.07729,401.227742,-195.1419092,3427.721851,-121.4103935,-3306.348906,LLLG
-216.7903183,400.8326081,-184.033747,3368.271377,0.771433904,-3369.080258,LLLG
-227.289448,400.0419416,-172.7439508,3305.496835,122.9524708,-3428.486754,LLLG
-237.5643177,398.8565229,-161.2836624,3239.460177,245.0121391,-3484.509764,LLLG
-247.6047874,397.2775218,-149.6641916,3170.226573,366.8299807,-3537.094002,LLLG
-257.4009483,395.3064966,-137.8970056,3097.864348,488.2857762,-3586.187572,LLLG
-266.9431327,392.9453925,-125.993717,3022.444915,609.2596632,-3631.742026,LLLG
-276.2219238,390.1965396,-113.966073,2944.042704,729.6322553,-3673.712407,LLLG
-285.2281644,387.0626506,-101.8259435,2862.735088,849.2847591,-3712.057295,LLLG
-293.9529665,383.5468184,-89.58530916,2778.602308,968.0990922,-3746.738848,LLLG
-302.3877198,379.6525126,-77.25625015,2691.727393,1085.957999,-3777.72284,LLLG
-310.5241001,375.3835765,-64.85093373,2602.196078,1202.745167,-3804.978693,LLLG
-318.3540779,370.744223,-52.38160244,2510.09672,1318.345342,-3828.479509,LLLG
-325.8699258,365.7390306,-39.86056201,2415.520209,1432.644439,-3848.202096,LLLG
-333.0642268,360.3729387,-27.30016919,2318.559882,1545.52966,-3864.12699,LLLG
-339.9298808,354.6512431,-14.71281958,2219.311426,1656.889601,-3876.238474,LLLG
-346.4601123,348.5795904,-2.110935372,2117.872787,1766.614363,-3884.524597,LLLG
-352.6484767,342.1639725,10.4930469,2014.344074,1874.59566,-3888.977181,LLLG
-358.488867,335.410721,23.08668863,1908.827456,1980.726928,-3889.591831,LLLG
-363.9755192,328.3265005,35.6575614,1801.427066,2084.903429,-3886.367942,LLLG
-369.1030188,320.9183022,48.1932593,1692.248895,2187.022352,-3879.308694,LLLG
-373.8663055,313.1934371,60.68141108,1581.400689,2286.982919,-3868.421055,LLLG
-378.2606785,305.1595287,73.10969247,1468.991841,2384.686481,-3853.715769,LLLG
-382.2818012,296.8245056,85.46583824,1355.133285,2480.036616,-3835.207348,LLLG
-385.9257052,288.1965934,97.73765437,1239.937387,2572.939225,-3812.914059,LLLG
-389.1887943,279.2843068,109.9130301,1123.51783,2663.302624,-3786.857901,LLLG
-392.0678482,270.0964412,121.9799497,1005.989507,2751.037636,-3757.064589,LLLG
-394.5600259,260.6420638,133.9265046,887.4684029,2836.057676,-3723.563526,LLLG
-396.6628676,250.9305051,145.7409051,768.0714851,2918.278841,-3686.387773,LLLG
-398.3742982,240.971349,157.4114918,647.9165835,2997.619987,-3645.574018,LLLG
-399.6926287,230.7744242,168.9267471,527.1222765,3074.002815,-3601.162539,LLLG
-400.6165582,220.3497938,180.2753069,405.8077734,3147.351945,-3553.197165,LLLG
-401.1451746,209.7077456,191.4459716,284.0927971,3217.594988,-3501.725232,LLLG
-401.2779565,198.8587819,202.4277171,162.0974654,3284.662625,-3446.797537,LLLG
-401.0147727,187.8136096,213.2097057,39.94217311,3348.488666,-3388.468286,LLLG
-400.355883,176.5831287,223.7812968,-82.25252729,3409.010125,-3326.795044,LLLG
-399.3019376,165.1784224,234.1320577,-204.3660444,3466.167273,-3261.838675,LLLG
-397.8539767,153.6107459,244.2517733,-326.2778668,3519.903703,-3193.663282,LLLG
-396.0134291,141.8915149,254.1304567,-447.8676824,3570.166383,-3122.336147,LLLG
-393.7821114,130.032295,263.7583589,-569.0154967,3616.905711,-3047.927661,LLLG
-391.1622255,118.0447897,273.1259782,-689.6017514,3660.075561,-2970.511256,LLLG
-388.1563569,105.9408294,282.22407,-809.5074424,3699.633329,-2890.163333,LLLG
-384.7674722,93.73235909,291.0436556,-928.6142373,3735.539976,-2806.963185,LLLG
-380.9989156,81.43142712,299.576031,-1046.804592,3767.760066,-2720.992921,LLLG
-376.8544064,69.05017301,307.8127758,-1163.961867,3796.261803,-2632.337383,LLLG
-372.3380346,56.60081556,315.7457615,-1279.970442,3821.017059,-2541.084063,LLLG
-367.4542573,44.0956408,323.367159,-1394.715831,3842.001403,-2447.323018,LLLG
-362.2078943,31.54698981,330.669447,-1508.084794,3859.194126,-2351.146779,LLLG
-356.6041231,18.9672466,337.645419,-1619.965449,3872.578261,-2252.650259,LLLG
-350.6484739,6.368825863,344.2881905,-1730.247384,3882.1406,-2151.930662,LLLG
-344.3468243,-6.235839287,350.591206,-1838.821763,3887.871705,-2049.087388,LLLG
-337.7053931,-18.83430957,356.5482451,-1945.581438,3889.765921,-1944.22193,LLLG
-330.7307348,-31.4141518,362.153429,-2050.421048,3887.821379,-1837.437777,LLLG
-323.4297324,-43.96295122,367.401226,-2153.237131,3882.039997,-1728.840312,LLLG
-315.8095911,-56.46832365,372.2864572,-2253.928218,3872.427481,-1618.536709,LLLG
-307.8778311,-68.91792782,376.8043014,-2352.39494,3858.993317,-1506.635822,LLLG
-299.6422802,-81.29947746,380.9503,-2448.540123,3841.750763,-1393.248086,LLLG
-291.1110657,-93.60075348,384.7203616,-2542.268882,3820.716836,-1278.4854,LLLG
-282.292607,-105.809616,388.1107654,-2633.488719,3795.912293,-1162.461021,LLLG
-273.1956068,-117.9140164,391.1181656,-2722.10961,3767.361614,-1045.28945,LLLG
-263.8290428,-129.902009,393.7395941,-2808.044097,3735.092975,-927.0863232,LLLG
-254.2021586,-141.7617631,395.9724641,-2891.207374,3699.13822,-807.9682914,LLLG
-244.3244548,-153.4815747,397.8145719,-2971.517369,3659.532833,-688.0529103,LLLG
-234.2056795,-165.0498776,399.2640995,-3048.894825,3616.3159,-567.4585216,LLLG
-223.8558188,-176.4552554,400.3196165,-3123.263379,3569.530071,-446.3041376,LLLG
-213.2850866,-187.6864523,400.9800812,-3194.54964,3519.221517,-324.7093229,LLLG
-202.503915,-198.7323845,401.2448418,-3262.683256,3465.439887,-202.7940771,LLLG
-191.5229438,-209.5821509,401.113637,-3327.596987,3408.238257,-80.67871559,LLLG
-180.3530098,-220.2250443,400.5865963,-3389.226772,3347.673078,41.51624835,LLLG
-169.0051363,-230.6505612,399.6642398,-3447.511789,3283.804121,163.6702231,LLLG
-157.4905225,-240.848413,398.3474778,-3502.394519,3216.694416,285.6626574,LLLG
-145.8205317,-250.8085357,396.6376097,-3553.820797,3146.410192,407.3731595,LLLG
-134.006681,-260.5210998,394.5363231,-3601.739874,3073.020813,528.6816158,LLLG
-122.0606291,-269.9765201,392.0456915,-3646.104458,2996.598703,649.4683095,LLLG
-109.9941653,-279.1654654,389.168173,-3686.870768,2917.219284,769.6140387,LLLG
-97.8191978,-288.0788672,385.9066073,-3723.998571,2834.960891,889.0002341,LLLG
-85.54774181,-296.7079291,382.2642132,-3757.451227,2749.904706,1007.509076,LLLG
-73.19190777,-305.0441353,378.2445853,-3787.195722,2662.134667,1125.02361,LLLG
-60.76388939,-313.0792588,373.8516905,-3813.202703,2571.737393,1241.427864,LLLG
-48.27595164,-320.8053701,369.089864,-3835.446503,2478.802096,1356.606962,LLLG
-35.7404186,-328.2148444,363.9638052,-3853.90517,2383.420491,1470.447234,LLLG
-23.16966132,-335.3003694,358.4785729,-3868.560488,2285.686708,1582.836334,LLLG
-10.57608563,-342.0549525,352.6395804,-3879.397994,2185.6972,1693.663349,LLLG
2.02788014,-348.4719279,346.4525899,-3886.406992,2083.550643,1802.818904,LLLG
14.62979739,-354.5449627,339.9237075,-3889.580566,1979.347843,1910.195278,LLLG
27.21722955,-360.2680635,333.0593762,-3888.915583,1873.191637,2015.686501,LLLG
39.77775435,-365.6355825,325.8663703,-3884.412701,1765.186788,2119.188468,LLLG
52.29897607,-370.6422224,318.3517885,-3876.076362,1655.439883,2220.599033,LLLG
64.76853776,-375.2830423,310.5230467,-3863.914793,1544.05923,2319.818118,LLLG
77.17413348,-379.5534623,302.387871,-3847.939997,1431.154747,2416.747805,LLLG
89.50352041,-383.4492681,293.9542898,-3828.167739,1316.837858,2511.292436,LLLG
101.7445309,-386.9666148,285.230626,-3804.617532,1201.22138,2603.358707,LLLG
113.8850846,-390.1020314,276.2254889,-3777.312616,1084.419412,2692.855759,LLLG
125.9132003,-392.8524235,266.9477653,-3746.279939,966.547224,2779.69527,LLLG
137.8170075,-395.2150768,257.4066114,-3711.550126,847.7211411,2863.79154,LLLG
149.5847588,-397.1876597,247.6114431,-3673.157451,728.0584304,2945.061576,LLLG
161.2048407,-398.7682256,237.571927,-3631.139803,607.6771848,3023.425174,LLLG
172.6657857,-399.9552144,227.2979709,-3585.538649,486.6962058,3098.804998,LLLG
183.9562831,-400.7474549,216.7997139,-3536.39899,365.2348871,3171.126659,LLLG
195.0651907,-401.1441652,206.0875167,-3483.769323,243.4130965,3240.318782,LLLG
205.9815452,-401.1449538,195.1719507,-3427.701586,121.3510572,3306.313085,LLLG
216.6945735,-400.7498199,184.0637885,-3368.251112,-0.830770245,3369.044438,LLLG
227.1937032,-399.9591535,172.7739923,-3305.47657,-123.0118071,3428.450933,LLLG
237.468573,-398.7737348,161.3137039,-3239.439912,-245.0714754,3484.473943,LLLG
247.5090426,-397.1947337,149.6942331,-3170.206308,-366.889317,3537.058181,LLLG
257.3052035,-395.2237085,137.927047,-3097.844083,-488.3451124,3586.151751,LLLG
266.847388,-392.8626044,126.0237585,-3022.42465,-609.3189994,3631.706205,LLLG
276.1261791,-390.1137515,113.9961145,-2944.022439,-729.6915915,3673.676586,LLLG
285.1324197,-386.9798626,101.8559849,-2862.714823,-849.3440953,3712.021474,LLLG
293.8572218,-383.4640304,89.6153506,-2778.582043,-968.1584283,3746.703027,LLLG
302.2919751,-379.5697246,77.28629158,-2691.707128,-1086.017335,3777.687019,LLLG
310.4283554,-375.3007886,64.88097515,-2602.175813,-1202.804503,3804.942872,LLLG
318.2583332,-370.6614351,52.41164385,-2510.076455,-1318.404678,3828.443689,LLLG
325.7741812,-365.6562426,39.89060341,-2415.499944,-1432.703775,3848.166276,LLLG
332.9684821,-360.2901508,27.33021059,-2318.539617,-1545.588996,3864.091169,LLLG
339.8341362,-354.5684552,14.74286097,-2219.291161,-1656.948937,3876.202654,LLLG
346.3643677,-348.4968025,2.140976749,-2117.852522,-1766.673699,3884.488777,LLLG
352.5527321,-342.0811847,-10.46300553,-2014.323809,-1874.654996,3888.941361,LLLG
358.3931224,-335.3279332,-23.05664727,-1908.807191,-1980.786264,3889.556011,LLLG
363.8797746,-328.2437126,-35.62752005,-1801.406801,-2084.962765,3886.332122,LLLG
369.0072742,-320.8355143,-48.16321795,-1692.22863,-2187.081688,3879.272874,LLLG
373.7705609,-313.1106493,-60.65136975,-1581.380424,-2287.042255,3868.385235,LLLG
378.164934,-305.0767409,-73.07965114,-1468.971576,-2384.745817,3853.679949,LLLG
382.1860567,-296.7417178,-85.43579692,-1355.11302,-2480.095951,3835.171528,LLLG
385.8299606,-288.1138057,-97.70761306,-1239.917122,-2572.99856,3812.878238,LLLG
389.0930497,-279.2015191,-109.8829888,-1123.497565,-2663.361959,3786.822081,LLLG
391.9721037,-270.0136535,-121.9499084,-1005.969241,-2751.096971,3757.028769,LLLG
394.4642813,-260.5592761,-133.8964634,-887.4481377,-2836.117012,3723.527706,LLLG
396.5671231,-250.8477174,-145.7108639,-768.0512199,-2918.338176,3686.351953,LLLG
398.2785537,-240.8885614,-157.3814505,-647.8963183,-2997.679323,3645.538197,LLLG
399.5968843,-230.6916366,-168.8967058,-527.1020112,-3074.062151,3601.126719,LLLG
400.5208137,-220.2670062,-180.2452657,-405.7875082,-3147.41128,3553.161345,LLLG
401.0494302,-209.6249579,-191.4159304,-284.0725318,-3217.654324,3501.689412,LLLG
401.1822121,-198.7759943,-202.3976759,-162.0772001,-3284.72196,3446.761717,LLLG
400.9190283,-187.730822,-213.1796645,-39.92190779,-3348.548002,3388.432466,LLLG
400.2601386,-176.5003411,-223.7512556,82.27279261,-3409.06946,3326.759224,LLLG
399.2061932,-165.0956349,-234.1020165,204.3863097,-3466.226608,3261.802855,LLLG
397.7582323,-153.5279583,-244.2217321,326.2981322,-3519.963038,3193.627463,LLLG
395.9176847,-141.8087274,-254.1004156,447.8879478,-3570.225719,3122.300327,LLLG
393.686367,-129.9495075,-263.7283177,569.0357621,-3616.965047,3047.891841,LLLG
391.0664811,-117.9620023,-273.0959371,689.6220168,-3660.134896,2970.475436,LLLG
388.0606126,-105.8580419,-282.1940289,809.5277078,-3699.692664,2890.127513,No fault 
384.6717278,-93.64957163,-291.0136144,928.6345027,-3735.599311,2806.927365,No fault 
380.9031713,-81.34863967,-299.5459898,1046.824857,-3767.819401,2720.957101,No fault 
376.758662,-68.96738558,-307.7827347,1163.982132,-3796.321138,2632.301563,No fault 
372.2422902,-56.51802815,-315.7157203,1279.990708,-3821.076394,2541.048243,No fault 
367.358513,-44.0128534,-323.3371179,1394.736097,-3842.060738,2447.287199,No fault 
362.11215,-31.46420243,-330.6394059,1508.105059,-3859.253461,2351.110959,No fault 
356.5083788,-18.88445924,-337.6153779,1619.985714,-3872.637596,2252.614439,No fault 
350.5527297,-6.286038518,-344.2581494,1730.267649,-3882.199935,2151.894843,No fault 
344.25108,6.318626616,-350.5611649,1838.842029,-3887.93104,2049.051569,No fault 
342.5415675,8.1272454,-351.5862854,2002.840488,-4015.049947,2001.424895,No fault 
343.4905224,-2.843876421,-349.267856,2196.463517,-4279.483774,1983.424161,No fault 
340.9734954,-11.5453881,-349.7316777,2345.616395,-4496.231044,1921.163491,No fault 
337.0977024,-10.21605361,-350.8725606,2477.778533,-4578.014775,1842.330938,No fault 
333.4244674,-3.578921689,-351.1318798,2612.209266,-4588.788422,1766.394063,No fault 
328.5768159,-1.094100487,-351.889979,2732.522595,-4643.731567,1677.174473,No fault 
324.2787388,-6.640839472,-351.4269033,2859.219136,-4784.959709,1595.379569,No fault 
321.4994035,-13.65706766,-348.7781837,3003.230109,-4930.357248,1532.146326,No fault 
316.9843816,-13.83356688,-347.2036056,3125.048013,-4982.329063,1448.171769,No fault 
309.979183,-8.946501882,-347.4636688,3217.018058,-4967.633784,1336.004199,No fault 
303.7183646,-7.265378699,-346.330473,3318.414258,-4986.884116,1235.11909,No fault 
298.8211083,-11.11890316,-343.1921333,3435.764135,-5065.074622,1152.243591,No fault 
293.0853963,-15.31327641,-340.2585976,3541.77083,-5137.293927,1060.278442,No fault 
286.1488702,-15.58798514,-337.9007801,3632.670579,-5154.072937,955.6552527,No fault 
278.9156593,-13.16380578,-335.2237234,3719.5654,-5132.935409,849.6689986,No fault 
271.4279479,-11.93176597,-332.1950239,3802.980782,-5121.70395,743.0355186,No fault 
263.8715605,-13.77962843,-328.6392353,3884.737576,-5141.34949,637.7632195,No fault 
256.5637416,-16.6530352,-324.2500794,3968.400397,-5165.766493,537.601292,No fault 
248.759794,-17.31591293,-319.7837972,4044.649161,-5156.460579,433.4110636,No fault 
239.9302272,-15.69640562,-315.7819882,4107.478324,-5114.655347,319.3650637,No fault 
230.9204256,-14.70183709,-311.4119309,4167.076882,-5076.015063,205.8268402,No fault 
222.323507,-15.88677859,-306.0937121,4230.317492,-5058.384064,99.83991766,No fault 
213.5531799,-17.68062707,-300.4273557,4289.566122,-5041.64637,-6.062730253,No fault 
204.1677174,-18.0856494,-294.868836,4339.599485,-5002.279132,-116.9414066,No fault 
194.426089,-17.18289234,-289.1739312,4383.498041,-4942.3201,-229.5568486,No fault 
184.5501609,-16.50679884,-283.1360092,4423.954239,-4880.923085,-341.062149,No fault 
174.5860483,-17.00431456,-276.7246599,4461.163855,-4828.854659,-451.1115624,No fault 
164.5781927,-18.05784395,-269.9116023,4495.535925,-4778.183476,-559.1507269,No fault 
154.3587231,-18.408046,-262.8813077,4524.751322,-4713.751027,-667.3582269,No fault 
143.731071,-17.79114421,-255.847368,4546.528201,-4633.27301,-777.8802872,No fault 
132.8913021,-17.18602525,-248.6311474,4563.081602,-4548.875762,-888.3713048,No fault 
122.1168155,-17.3694922,-240.9730658,4577.674266,-4469.803786,-995.4431612,No fault 
111.3088823,-17.94021219,-232.9900428,4588.737639,-4390.69323,-1100.544342,No fault 
100.2534281,-18.05926076,-224.9146972,4593.674654,-4301.671754,-1206.157274,No fault 
88.98108902,-17.58466214,-216.7352729,4592.700798,-4201.416278,-1311.957371,No fault 
77.62559734,-17.07692467,-208.3372339,4587.448741,-4097.149969,-1416.208512,No fault 
66.24105276,-16.99277364,-199.685975,4578.295437,-3994.176968,-1518.436043,No fault 
54.82586483,-17.17602221,-190.8028595,4565.159267,-3890.545433,-1618.62973,No fault 
43.33357459,-17.14176318,-181.7543783,4547.2369,-3780.367623,-1717.506987,No fault 
31.70903962,-16.70629066,-172.6159452,4523.889299,-3661.900678,-1815.626962,No fault 
20.00324437,-16.1851167,-163.3570662,4495.552656,-3539.122781,-1912.479668,No fault 
8.324260834,-15.92426884,-153.8903589,4463.514319,-3416.350494,-2006.710142,No fault 
-3.321331414,-15.85320815,-144.230112,4427.596667,-3292.537878,-2098.434628,No fault 
-6.998293467,-17.39195131,-139.7411605,4479.850751,-3184.221257,-2249.660764,No fault 
1.76213747,-18.85810827,-139.9454023,4666.809302,-3070.853681,-2451.324058,No fault 
10.47992613,-15.44668482,-138.2768591,4834.175266,-2896.672547,-2622.841438,No fault 
10.71919806,-9.81328436,-136.4053229,4884.422211,-2696.241632,-2785.607762,No fault 
6.072569608,-9.370496947,-131.6648485,4867.557442,-2557.826686,-2909.418824,No fault 
3.523277353,-14.82065451,-123.253969,4869.331019,-2485.498601,-2986.850058,No fault 
5.032821056,-18.30062536,-117.7426425,4911.569871,-2383.329829,-3097.472351,No fault 
7.916119294,-14.93390291,-115.6920025,4959.814127,-2196.122901,-3245.548534,No fault 
10.15637058,-8.881929088,-112.8572144,4990.16866,-1978.165906,-3378.682405,No fault 
11.27222788,-6.937250458,-108.5147346,4997.932999,-1810.606928,-3489.046892,No fault 
10.78386169,-9.901299339,-102.4393152,4979.147566,-1699.675033,-3575.474561,No fault 
8.932765116,-12.89535252,-94.92587044,4937.974512,-1584.534247,-3642.504003,No fault 
7.923818013,-12.07742426,-88.99821743,4901.55589,-1420.816575,-3726.365173,No fault 
9.53701876,-8.643914885,-85.25463914,4889.954955,-1225.582401,-3832.624401,No fault 
12.48518129,-6.0213231,-81.13747069,4886.549181,-1041.165885,-3929.622458,No fault 
13.68484774,-5.710658849,-75.50865039,4854.463878,-884.2516916,-4004.248051,No fault 
12.08295753,-6.688343999,-68.71479869,4783.27908,-741.2836681,-4061.792734,No fault 
9.914195332,-7.27594059,-61.51555722,4701.249406,-591.6689443,-4111.802632,No fault 
9.870847887,-6.511839434,-55.35964055,4640.476646,-424.9347151,-4171.307339,No fault 
11.87744936,-4.581194983,-50.46767899,4598.309406,-244.3448501,-4241.854312,No fault 
13.57791647,-2.580251662,-45.31666567,4545.999472,-63.88477895,-4304.610153,No fault 
13.35192441,-1.666932799,-39.0004564,4464.947748,102.9998809,-4349.065555,No fault 
11.87065117,-1.976925471,-31.91691044,4364.874144,255.3221566,-4380.761461,No fault 
10.86124366,-2.377295324,-24.85576768,4266.845657,407.249983,-4409.317337,No fault 
11.17570355,-1.59365457,-18.55479207,4180.643447,573.335311,-4443.180485,No fault 
12.21775302,0.348006103,-12.96436448,4098.184456,752.3207279,-4480.993353,No fault 
12.84122437,2.156678112,-7.146826138,4005.845313,927.9552225,-4511.219809,No fault 
14.15738385,4.468558986,-4.821898811,3916.842777,1107.739904,-4577.058523,No fault 
14.8805578,5.961591016,-9.204843425,3816.282295,1275.922493,-4713.690226,No fault 
12.85754822,4.823601098,-14.31646364,3679.31495,1411.864295,-4846.566308,No fault 
9.30460108,2.401264597,-15.74583335,3522.634349,1533.112956,-4924.141033,No fault 
6.871264228,1.123840649,-15.8736951,3378.019491,1668.725461,-4977.771271,No fault 
8.1430232,3.412201451,-16.04760197,3274.85879,1845.5801,-5024.812234,No fault 
11.2090443,7.466183934,-15.60462787,3187.935614,2039.900605,-5057.647344,No fault 
12.87402337,10.24770226,-14.01073646,3078.89523,2214.627083,-5070.792543,No fault 
12.51281085,11.09172081,-12.69358235,2941.763464,2363.248475,-5081.750573,No fault 
10.55674985,10.30008221,-14.26009898,2783.600229,2490.686345,-5120.866102,No fault 
8.287564186,9.140324806,-17.75456171,2620.501868,2612.928655,-5174.902489,No fault 
6.530101049,8.530633184,-20.17339204,2462.531629,2740.621411,-5207.592876,No fault 
5.750676559,8.971405006,-20.15008202,2314.474144,2878.934902,-5204.150742,No fault 
6.589849396,11.04426402,-18.40339306,2183.255617,3033.505974,-5175.154033,No fault 
8.219378983,13.87259417,-16.85396949,2057.975931,3192.872335,-5144.367014,No fault 
9.080183026,15.92755349,-16.37304853,1920.229354,3338.471875,-5121.831214,No fault 
8.237388011,16.31471504,-16.8729468,1759.85679,3460.629554,-5105.55612,No fault 
5.930067142,15.26355676,-18.31920902,1581.323872,3563.140703,-5094.473646,No fault 
3.622980219,14.20060089,-20.08035476,1402.776979,3663.689104,-5080.591238,No fault 
2.43026894,14.23640204,-21.14110991,1237.38387,3774.888382,-5052.065744,No fault 
2.513341692,15.55492723,-20.75010387,1086.003648,3897.874877,-5000.840081,No fault 
3.385339494,17.67969597,-19.14037166,942.2362961,4025.850853,-4930.908016,No fault 
4.08101832,19.62670907,-17.6467529,794.2792425,4146.780595,-4858.747457,No fault 
3.849175043,20.63214717,-17.32217855,633.9178568,4251.799409,-4796.55337,No fault 
2.469096657,20.48055995,-18.20623952,459.3992839,4339.225551,-4743.797594,No fault 
0.38714362,19.63022146,-19.57079698,277.1114148,4415.099012,-4691.165622,No fault 
-1.393550717,19.07901561,-20.46719282,99.2237884,4491.524034,-4627.332442,No fault 
-2.148244763,19.5420259,-20.39779,-65.861164,4576.308931,-4547.088267,No fault 
-1.88562986,21.00670198,-19.40354019,-219.1103119,4668.450614,-4451.768816,No fault 
-1.283634237,22.8020517,-18.00137315,-368.9145427,4759.180093,-4348.222579,No fault 
-1.219345778,24.05119176,-16.99945534,-525.673674,4838.108251,-4246.14887,No fault 
-2.110982969,24.33164092,-16.91525269,-693.4670272,4900.653647,-4151.306008,No fault 
-3.761564104,23.83422152,-17.63764198,-869.1918967,4949.861597,-4061.681588,No fault 
-5.542189686,23.19004092,-18.4889583,-1044.675536,4993.499664,-3968.908373,No fault 
-6.762941547,23.08968168,-18.70418633,-1211.835615,5039.679458,-3864.095251,No fault 
-7.138476925,23.81792747,-18.01138527,-1367.577764,5091.069439,-3744.778843,No fault 
-6.919989487,25.11839403,-16.72613621,-1515.496006,5144.041281,-3615.429632,No fault 
-6.734545248,26.36376959,-15.48472154,-1663.046533,5190.735686,-3484.024872,No fault 
-7.170936229,26.96466256,-14.83448848,-1816.975132,5224.436192,-3356.900973,No fault 
-8.368332321,26.78283694,-14.89492101,-1978.089182,5243.961998,-3235.07532,No fault 
-9.968753716,26.17270517,-15.33713102,-2141.593815,5254.108975,-3114.222707,No fault 
-11.37896905,25.72667405,-15.59134702,-2300.040552,5261.949652,-2987.600562,No fault 
-12.16209656,25.879871,-15.2099898,-2448.531098,5272.415377,-2850.280439,No fault 
-12.31567179,26.63583591,-14.16971441,-2587.30929,5284.927092,-2702.683742,No fault 
-12.2245309,27.60732473,-12.8610089,-2721.326963,5294.567091,-2549.953678,No fault 
-12.4036451,28.27885652,-11.8162279,-2856.474012,5295.109882,-2398.614875,No fault 
-13.16481678,28.33636445,-11.35216445,-2996.098888,5283.254031,-2252.185701,No fault 
-14.42515438,27.86350463,-11.37449339,-3138.503864,5260.396327,-2109.246751,No fault 
-15.78456632,27.25852351,-11.47984051,-3278.635389,5231.652983,-1964.826664,No fault 
-16.79553665,26.96892169,-11.22840086,-3411.007285,5202.219043,-1813.949581,No fault 
-17.25263575,27.19787769,-10.4234451,-3533.53042,5174.253219,-1654.747538,No fault 
-17.3155327,27.7862215,-9.221690437,-3648.281597,5145.413843,-1489.666129,No fault 
-17.37632795,28.34021135,-8.011687057,-3760.104919,5110.945631,-1323.624748,No fault 
-17.7987743,28.49645096,-7.158552373,-3872.970295,5066.631879,-1161.01274,No fault 
-18.68458175,28.15124198,-6.770899139,-3987.735778,5011.711558,-1002.887808,No fault 
-19.82637336,27.51238199,-6.642686725,-4101.398554,4948.961856,-846.6538366,No fault 
-20.85856792,26.94390003,-6.407348525,-4209.521464,4882.934964,-687.9743003,No fault 
-21.49843468,26.72909864,-5.781144218,-4308.727311,4816.804489,-523.8443291,No fault 
-21.71986137,26.89241647,-4.742125327,-4399.047122,4750.665841,-354.4558359,No fault 
-21.75735215,27.19984168,-3.527126179,-4483.339056,4681.476782,-183.0681393,No fault 
-21.93743417,27.32340239,-2.46393437,-4565.529128,4605.4537,-13.72664048,No fault 
-22.46725553,27.05664609,-1.758654564,-4647.693864,4520.358801,151.1417181,No fault 
-23.30582676,26.43917153,-1.372646002,-4729.074195,4427.107386,312.1675377,No fault 
-24.20694608,25.71781738,-1.061524946,-4806.387263,4328.840664,472.2603028,No fault 
-24.88747145,25.174442,-0.544480287,-4876.330523,4229.032041,634.6020425,No fault 
-25.21102095,24.94622057,0.315207355,-4937.346262,4129.119674,800.4158055,No fault 
-25.26424907,24.9453484,1.429270363,-4990.75795,4027.965799,968.2729522,No fault 
-25.28944978,24.93033012,2.554367752,-5039.427097,3922.609382,1134.973243,No fault 
-25.5182929,24.66841399,3.456341832,-5086.077016,3810.526848,1297.686417,No fault 
-26.0267223,24.08455519,4.058994948,-5131.259599,3691.087739,1455.545804,No fault 
-26.69324496,23.29931073,4.482318256,-5173.371541,3566.109878,1610.068644,No fault 
-27.28994385,22.54155062,4.953708331,-5209.509815,3438.437767,1763.85412,No fault 
-27.63248745,21.99474345,5.655270592,-5237.6495,3310.324534,1918.8423,No fault 
-27.69656454,21.6842208,6.610811889,-5257.595724,3181.926366,2074.939952,No fault 
-27.62206108,21.46936448,7.678869471,-5271.246406,3051.58766,2230.182925,No fault 
-27.61519287,21.14505406,8.652951259,-5280.978115,2916.912627,2381.924922,No fault 
-27.81092695,20.57567853,9.39620324,-5288.346045,2776.601622,2528.552001,No fault 
-28.19281422,19.77883855,9.924583063,-5292.880853,2631.123511,2670.277692,No fault 
-28.61066515,18.90419195,10.3866731,-5292.756393,2482.57312,2808.884901,No fault 
-28.88605663,18.13139025,10.96070763,-5285.787751,2333.153305,2946.32323,No fault 
-28.92610945,17.55287901,11.73795855,-5271.095806,2184.024341,3083.441001,No fault 
-28.77908802,17.12167798,12.66980832,-5249.350828,2034.551447,3219.34799,No fault 
-28.59351819,16.68892702,13.60619654,-5222.503068,1883.0775,3352.077189,No fault 
-28.51878368,16.1065968,14.39759997,-5192.233232,1727.974328,3479.74827,No fault 
-28.6080754,15.32126145,14.98943035,-5159.147428,1568.940342,3601.753495,No fault 
-28.79175077,14.40397511,15.45114606,-5122.239918,1407.049966,3718.916453,No fault 
-28.92758578,13.49681832,15.92358833,-5079.884977,1244.244108,3832.875364,No fault 
-28.89749178,12.7193532,16.52477835,-5030.708709,1081.980794,3944.841743,No fault 
-28.67990931,12.09309025,17.27505188,-4974.705217,920.5911156,4054.850126,No fault 
-28.35924701,11.53515042,18.08997703,-4912.964989,759.0832609,4161.66667,No fault 
-28.06421077,10.91686462,18.83965626,-4847.16935,596.1102789,4263.653574,No fault 
-27.88446595,10.15015136,19.43446508,-4778.29948,430.8033269,4359.705761,No fault 
-27.81438591,9.240760656,19.87897459,-4706.310038,263.5505314,4449.928436,No fault 
-27.7638821,8.280416871,20.26339873,-4630.048563,95.62942079,4535.369907,No fault 
-27.61966675,7.382610897,20.70003641,-4548.316667,-71.41131725,4617.304035,No fault 
-27.32049429,6.610271369,21.25030998,-4460.477132,-236.7976669,4696.28326,No fault 
-26.89185985,5.938183768,21.88784602,-4367.087127,-400.7298612,4771.842105,No fault 
-26.42601392,5.275826054,22.52066313,-4269.319848,-564.2335656,4842.742397,No fault 
-26.01786413,4.528643577,23.05306698,-4168.440119,-728.2109783,4907.826969,No fault 
-25.70573436,3.660080974,23.44706086,-4064.850349,-892.9073133,4966.647703,No fault 
-25.44917888,2.711005038,23.7424003,-3958.148289,-1057.552972,5019.730469,No fault 
-25.16105399,1.770365257,24.02664313,-3847.300643,-1220.948861,5068.082287,No fault 
-24.76487321,0.915132746,24.37568774,-3731.604121,-1382.020617,5112.545944,No fault 
-24.24450887,0.163273205,24.80614422,-3610.992087,-1540.528313,5153.180756,No fault 
-23.64982524,-0.534534708,25.26765249,-3486.302947,-1696.936583,5189.303372,No fault 
-23.06239458,-1.257996867,25.67920282,-3358.576784,-1852.105844,5219.885173,No fault 
-22.54054665,-2.064846458,25.98207238,-3228.644023,-2006.491086,5244.266199,No fault 
-22.08504536,-2.953957431,26.1761345,-3096.502526,-2159.905272,5262.478392,No fault 
-21.64115123,-3.869945671,26.31582797,-2961.634138,-2311.454209,5275.225321,No fault 
-21.13842037,-4.740458458,26.47230923,-2823.269081,-2460.179138,5283.324479,No fault 
-20.53575006,-5.523705395,26.68647928,-2681.157568,-2605.454698,5287.225698,No fault 
-19.84736543,-6.231988644,26.94490166,-2535.608072,-2747.397449,5286.685643,No fault 
-19.12958777,-6.920904492,27.19114574,-2387.521661,-2886.534432,5281.017381,No fault 
-18.44386306,-7.649966894,27.36462651,-2237.698394,-3023.472022,5269.502812,No fault 
-17.8164576,-8.444685193,27.43906215,-2086.597073,-3158.297616,5251.910862,No fault 
-17.22531833,-9.281070203,27.43744051,-1933.986825,-3290.586047,5228.57059,No fault 
-16.61633292,-10.10422633,27.41394883,-1779.399625,-3419.501578,5200.190732,No fault 
-15.94130835,-10.86402555,27.4177844,-1622.373483,-3544.388471,5167.346966,No fault 
-15.18769476,-11.54711412,27.46166029,-1463.009551,-3664.984932,5130.191183,No fault 
-14.38595314,-12.18202418,27.51618925,-1301.809584,-3781.60065,5088.350108,No fault 
-13.58687767,-12.8187311,27.53082652,-1139.592698,-3894.697625,5041.269288,No fault 
-12.82944426,-13.49429336,27.46773556,-976.8946464,-4004.622352,4988.555433,No fault 
-12.11603671,-14.21026671,27.3248645,-813.9023369,-4111.211493,4930.297155,No fault 
-11.41461674,-14.93271205,27.13545483,-650.3016215,-4213.965565,4866.964209,No fault 
-10.68067939,-15.61629277,26.94442354,-485.7654248,-4312.21514,4799.169245,No fault 
-9.887893283,-16.23279845,26.77936573,-320.1137769,-4405.599918,4727.260094,No fault 
-9.043280696,-16.78842183,26.63374708,-153.6749002,-4494.114665,4651.203299,No fault 
-8.182197756,-17.31666693,26.47353246,13.00053598,-4578.135785,4570.627373,No fault 
-7.343556452,-17.85562382,26.26037062,179.2519793,-4658.000242,4485.174831,No fault 
-6.546230731,-18.42234636,25.97676255,344.7794841,-4733.840808,4394.735263,No fault 
-5.777740813,-19.00354602,25.63581713,509.5641897,-4805.363565,4299.600233,No fault 
-5.005553534,-19.56490658,25.27149243,673.9027144,-4872.112806,4200.265241,No fault 
-4.19861043,-20.07457938,24.91554044,837.9529363,-4933.629589,4097.204983,No fault 
-3.348496979,-20.52240876,24.57784679,1001.678377,-4989.800342,3990.59017,No fault 
-2.473028802,-20.92544399,24.24134924,1164.641055,-5040.774563,3880.305033,No fault 
-1.604716258,-21.31450103,23.87505035,1326.340062,-5086.913057,3766.063093,No fault 
-0.76872711,-21.71401026,23.45459099,1486.297065,-5128.419083,3647.712589,No fault 
0.031338574,-22.12592871,22.97792158,1644.393583,-5165.281828,3525.355632,No fault 
0.8148285,-22.53020528,22.46524893,1800.691364,-5197.178655,3399.383855,No fault 
1.608926708,-22.89806871,21.94534045,1955.414343,-5223.767961,3270.24683,No fault 
2.431191845,-23.21129576,21.43665931,2108.567111,-5244.799177,3138.281279,No fault 
3.277569409,-23.47241385,20.93676257,2259.976802,-5260.339894,3003.543899,No fault 
4.126628891,-23.7022323,20.42516464,2409.190407,-5270.612729,2865.914977,No fault 
4.95295347,-23.92470511,19.87808354,2555.812255,-5275.921175,2725.231199,No fault 
5.743940022,-24.15186199,19.2838961,2699.534851,-5276.358545,2581.518437,No fault 
6.505760495,-24.37613633,18.65042742,2840.361553,-5271.843048,2435.014059,No fault 
7.25861699,-24.57680458,17.99888929,2978.373168,-5262.096465,2286.13122,No fault 
8.021714312,-24.73333911,17.35015285,3113.704088,-5246.920313,2135.23883,No fault 
8.801377844,-24.83894894,16.71157744,3246.246761,-5226.241998,1982.559567,No fault 
9.586531265,-24.90346282,16.07376105,3375.768378,-5200.245106,1828.094516,No fault 
10.35712607,-24.94652322,15.41770792,3501.866841,-5169.169302,1671.768593,No fault 
11.09624834,-24.98387488,14.72818116,3624.272564,-5133.250274,1513.544351,No fault 
11.80103494,-25.01803784,14.00338362,3742.819012,-5092.510212,1353.577973,No fault 
12.48245428,-25.03695579,13.25595818,3857.579575,-5046.857553,1192.172107,No fault 
13.15777869,-25.02307938,12.50425077,3968.619566,-4996.101034,1029.709419,No fault 
13.83800959,-24.96440317,11.76092944,4075.993988,-4940.183535,866.4701843,No fault 
14.52153967,-24.86232626,11.02546254,4179.533435,-4879.167152,702.5959267,No fault 
15.19480125,-24.72949858,10.28593583,4279.007244,-4813.296742,538.0761891,No fault 
15.84195724,-24.58162035,9.527584404,4374.102152,-4742.797072,372.9011828,No fault 
16.45404485,-24.4268248,8.743080465,4464.671588,-4667.845413,207.1384122,No fault 
17.03459792,-24.26151473,7.937021035,4550.654465,-4588.433275,41.02180006,No fault 
17.59557192,-24.07299504,7.12297288,4632.156518,-4504.502248,-125.1360038,No fault 
18.14952652,-23.84871808,6.31454439,4709.215758,-4415.963699,-291.0114233,No fault 
18.70054153,-23.58395567,5.517397838,4781.83318,-4322.880631,-456.404709,No fault 
19.24245261,-23.28496111,4.726397748,4849.825243,-4225.404884,-621.2242255,No fault 
19.76241033,-22.96402774,3.930243266,4913.006694,-4123.802365,-785.4655977,No fault 
20.24982457,-22.63191273,3.119348013,4971.167851,-4018.269871,-949.0746298,No fault 
20.70203476,-22.2908136,2.29256112,5024.268354,-3908.944975,-1111.912102,No fault 
21.12588203,-21.93413521,1.457697225,5072.319823,-3795.821819,-1273.71468,No fault 
21.531856,-21.55101829,0.626711901,5115.437826,-3678.898448,-1434.19815,No fault 
21.92754315,-21.13420178,-0.191870083,5153.637187,-3558.1842,-1593.108961,No fault 
22.31208508,-20.68426786,-0.997489578,5186.895362,-3433.831402,-1750.312775,No fault 
22.67761311,-20.20949025,-1.797117045,5215.052754,-3306.041904,-1905.744226,No fault 
23.01386073,-19.71995235,-2.599654382,5237.994014,-3175.076708,-2059.374332,No fault 
23.3152553,-19.22171126,-3.409820726,5255.611073,-3041.103852,-2211.100685,No fault 
23.58340212,-18.71307109,-4.224703443,5267.947386,-2904.241031,-2360.748779,No fault 
23.82603794,-18.18685838,-5.035761426,5275.061552,-2764.506894,-2508.0647,No fault 
24.05097486,-17.63526196,-5.833936631,5277.069308,-2621.96192,-2652.815615,No fault 
24.26153691,-17.05559914,-6.615154102,5273.975109,-2476.695669,-2794.817525,No fault 
24.45400272,-16.4516824,-7.381954549,5265.760986,-2328.916901,-2933.985878,No fault 
24.6208516,-15.83175057,-8.141165143,5252.316659,-2178.846108,-3070.267741,No fault 
24.75513042,-15.20293646,-8.898627334,5233.605225,-2026.725001,-3203.612623,No fault 
24.85532354,-14.56754911,-9.655224378,5209.607938,-1872.698108,-3333.892879,No fault 
24.92537358,-13.92191218,-10.40597439,5180.429566,-1716.878865,-3460.931971,No fault 
24.97232141,-13.2598516,-11.14326875,5146.157991,-1559.320062,-3584.512883,No fault 
25.00104897,-12.57683605,-11.86126182,5106.908345,-1400.137491,-3704.464758,No fault 
25.01179841,-11.8735614,-12.55921155,5062.68997,-1239.476631,-3820.666745,No fault 
24.9997638,-11.15526593,-13.24103859,5013.510739,-1077.572525,-3933.07166,No fault 
24.958989,-10.42891254,-13.91226997,4959.322268,-914.6417351,-4041.634294,No fault 
24.8857489,-9.698737554,-14.57582653,4900.162741,-750.9002065,-4146.293861,No fault 
24.78133997,-8.964517215,-15.23005609,4836.085384,-586.4754054,-4246.921696,No fault 
24.65050292,-8.222097704,-15.86949699,4767.236683,-421.4853641,-4343.365642,No fault 
24.498757,-7.467095387,-16.48834999,4693.723055,-256.0159834,-4435.462157,No fault 
24.32842465,-6.697846956,-17.08365697,4615.66287,-90.22292688,-4523.10429,No fault 
24.13793012,-5.91712333,-17.65679142,4533.083503,75.71816324,-4606.225949,No fault 
23.92267631,-5.13024926,-18.21180167,4446.031176,241.5708753,-4684.809505,No fault 
23.67877059,-4.342368494,-18.7524575,4354.520977,407.1375467,-4758.819586,No fault 
23.40514448,-3.555341773,-19.27936689,4258.655076,572.2300644,-4828.199804,No fault 
23.10469545,-2.76757484,-19.78959026,4158.54001,736.7334838,-4892.841724,No fault 
22.781916,-1.975427858,-20.27826387,4054.348333,900.5234134,-4952.635706,No fault 
22.44057954,-1.176478636,-20.7416539,3946.19907,1063.489699,-5007.479097,No fault 
22.08113163,-0.371190307,-21.17903354,3834.218623,1225.456144,-5057.32542,No fault 
21.70127488,0.436744786,-21.59282215,3718.460758,1386.2407,-5102.155362,No fault 
21.29739555,1.242752798,-21.98644248,3599.013834,1545.624519,-5141.9773,No fault 
20.86763731,2.043543187,-22.36195556,3475.949687,1703.438066,-5176.771684,No fault 
20.41281245,2.838921527,-22.71844834,3349.419205,1859.521475,-5206.500909,No fault 
19.93642839,3.630926414,-23.05270081,3219.564552,2013.771085,-5231.092603,No fault 
19.44215433,4.422178649,-23.36103291,3086.572375,2166.060319,-5250.489618,No fault 
18.93219203,5.213381378,-23.64161263,2950.570873,2316.268218,-5264.650665,No fault 
18.40586099,6.002769108,-23.8951988,2811.697628,2464.217761,-5273.583479,No fault 
17.86094513,6.786602327,-24.12445889,2670.035344,2609.740279,-5277.308932,No fault 
17.2951353,7.561455475,-24.33186857,2525.710909,2752.647785,-5275.860801,No fault 
16.70826254,8.325616444,-24.51812873,2378.840748,2892.804251,-5269.242386,No fault 
16.10224421,9.079860086,-24.68157539,2229.607771,3030.078538,-5257.446273,No fault 
15.48050174,9.826050091,-24.81939824,2078.174116,3164.380386,-5240.445612,No fault 
14.84568308,10.56567125,-24.92928783,1924.731296,3295.58919,-5218.238626,No fault 
14.19879869,11.29816694,-25.01092233,1769.413789,3423.588211,-5190.841059,No fault 
13.53870039,12.02121061,-25.06587153,1612.370434,3548.217205,-5158.307399,No fault 
12.863735,12.73157796,-25.09655272,1453.709866,3669.335897,-5120.693465,No fault 
12.17288183,13.42706021,-25.104489,1293.58846,3786.795696,-5078.059108,No fault 
11.46716651,14.10711321,-25.08949196,1132.152226,3900.497119,-5030.436256,No fault 
10.74895955,14.77291515,-25.04977169,969.5997939,4010.33903,-4977.854639,No fault 
10.02119052,15.42583252,-24.9833063,806.0999142,4116.249197,-4920.336135,No fault 
9.285543596,16.0663585,-24.88906748,641.8414169,4218.122938,-4857.931608,No fault 
8.54227217,16.69319539,-24.76777707,476.961371,4315.861927,-4790.706454,No fault 
7.790243299,17.3040261,-24.62129591,311.6165254,4409.336695,-4718.7541,No fault 
7.028563928,17.8964238,-24.45155663,145.9339841,4498.445582,-4642.160853,No fault 
6.257275348,18.46925793,-24.25931438,-19.9127672,4583.084161,-4561.012993,No fault 
5.478093234,19.02273295,-24.04395391,-185.7638972,4663.191156,-4475.374108,No fault 
4.693367227,19.55804435,-23.80398687,-351.4198872,4738.697453,-4385.3131,No fault 
3.905366837,20.07597821,-23.53830128,-516.7166373,4809.554689,-4290.89833,No fault 
3.115007772,20.57631904,-23.24690357,-681.4747592,4875.683852,-4192.226512,No fault 
2.322172357,21.05749862,-22.93112206,-845.5596527,4937.016669,-4089.403541,No fault 
1.526029664,21.51758301,-22.59276649,-1008.813012,4993.464187,-3982.553894,No fault 
0.726430017,21.95500984,-22.23324611,-1171.099672,5044.969201,-3871.789903,No fault 
-0.075847228,22.36948871,-21.85281259,-1332.242775,5091.473315,-3757.22314,No fault 
-0.87883011,22.76162159,-21.45079809,-1492.083693,5132.95416,-3638.948414,No fault 
-1.680483105,23.13241243,-21.02624572,-1650.434846,5169.376887,-3517.071169,No fault 
-2.479199336,23.48214551,-20.57889268,-1807.146276,5200.722649,-3391.699741,No fault 
-3.274592807,23.81021819,-20.10947441,-1962.054524,5226.946079,-3262.967213,No fault 
-4.066868202,24.11515513,-19.61957486,-2115.033865,5248.017054,-3131.009911,No fault 
-4.856442935,24.39559778,-19.11077078,-2265.932841,5263.89253,-2995.97535,No fault 
-5.642874522,24.65077423,-18.5840292,-2414.619975,5274.561814,-2857.996745,No fault 
-6.424981167,24.88097702,-18.03936045,-2560.928532,5280.012126,-2717.207662,No fault 
-7.200858882,25.08695616,-17.47629531,-2704.714366,5280.259782,-2573.730168,No fault 
-7.968926929,25.26945915,-16.89447275,-2845.812456,5275.305887,-2427.699762,No fault 
-8.728149061,25.42843256,-16.29431135,-2984.094981,5265.165369,-2279.255232,No fault 
-9.478451076,25.5631773,-15.67697891,-3119.42075,5249.831656,-2128.555013,No fault 
-10.21995713,25.67254752,-15.04406927,-3251.680175,5229.316922,-1975.755396,No fault 
-10.95269172,25.75580904,-14.39686581,-3380.737924,5203.625376,-1821.018673,No fault 
-11.67583389,25.8128325,-13.73602679,-3506.477821,5172.791736,-1664.492695,No fault 
-12.38809168,25.8442672,-13.06153061,-3628.755296,5136.846515,-1506.327409,No fault 
-13.08783777,25.85086466,-12.37323334,-3747.451613,5095.84336,-1346.665141,No fault 
-13.77397622,25.83314831,-11.67131538,-3862.432688,5049.819723,-1185.662132,No fault 
-14.44591308,25.79091369,-10.95666494,-3973.599448,4998.826303,-1023.4763,No fault 
-15.1037232,25.72358643,-10.23063373,-4080.838962,4942.897119,-860.2797659,No fault 
-15.74738723,25.63046739,-9.494677963,-4184.065122,4882.086896,-696.2382693,No fault 
-16.37663956,25.51139822,-8.749803913,-4283.167689,4816.444909,-531.5202862,No fault 
-16.99050127,25.36672153,-7.996496243,-4378.056069,4746.047566,-366.2808664,No fault 
-17.58779166,25.19727183,-7.234835706,-4468.617604,4670.964665,-200.6786999,No fault 
-18.16726774,25.00373999,-6.465025568,-4554.767243,4591.28441,-34.86713608,No fault 
-18.72828053,24.7865084,-5.687662513,-4636.40798,4507.079136,130.9878534,No fault 
-19.27055379,24.54538701,-4.903893935,-4713.47466,4418.43456,296.7212706,No fault 
-19.79421398,24.28006403,-4.11507081,-4785.887834,4325.423666,462.158935,No fault 
-20.29911335,23.99030801,-3.322441234,-4853.591455,4228.140468,627.135956,No fault 
-20.78483535,23.67643264,-2.526786798,-4916.507993,4126.674186,791.4865223,No fault 
-21.25043388,23.33909292,-1.728524333,-4974.5805,4021.137069,955.0567938,No fault 
-21.6949836,22.97919476,-0.92789513,-5027.735196,3911.632615,1117.688396,No fault 
-22.11765675,22.59736348,-0.125396518,-5075.926205,3798.279196,1279.227458,No fault 
-22.51818146,22.19393553,0.678113241,-5119.0975,3681.180392,1439.509896,No fault 
-22.89650051,21.76885471,1.481409018,-5157.221407,3560.453355,1598.375524,No fault 
-23.25275311,21.32213058,2.283262782,-5190.255884,3436.205256,1755.65913,No fault 
-23.58672518,20.85395278,3.082653632,-5218.179991,3308.563214,1911.206481,No fault 
-23.89798903,20.36498189,3.878966474,-5240.954377,3177.648953,2064.863289,No fault 
-24.18577321,19.85605347,4.671789634,-5258.561024,3043.603025,2216.485833,No fault 
-24.449482,19.32807979,5.460726517,-5270.96899,2906.555596,2365.92574,No fault 
-24.68868292,18.78164533,6.24508268,-5278.174286,2766.649127,2513.039388,No fault 
-24.90340467,18.21712075,7.023891841,-5280.163505,2624.012641,2657.675849,No fault 
-25.09374337,17.63464877,7.795991242,-5276.948176,2478.78854,2799.690743,No fault 
-25.25985493,17.03455456,8.560346173,-5268.525806,2331.110798,2938.937803,No fault 
-25.40153923,16.41736247,9.316154229,-5254.913463,2181.131202,3075.28245,No fault 
-25.51847387,15.78395626,10.06292162,-5236.112786,2028.994875,3208.590396,No fault 
-25.61014996,15.13525275,10.80022247,-5212.146935,1874.861829,3338.736822,No fault 
-25.67632003,14.47213922,11.52755418,-5183.028748,1718.880624,3465.592824,No fault 
-25.71689852,13.79519083,12.24413864,-5148.79613,1561.210191,3589.035144,No fault 
-25.73214612,13.10486307,12.94903453,-5109.477674,1401.997271,3708.936115,No fault 
-25.72227654,12.40151112,13.64123864,-5065.123781,1241.401244,3825.176672,No fault 
-25.68749026,11.68572464,14.31994232,-5015.771504,1079.573574,3937.638022,No fault 
-25.62767715,10.95825928,14.98454312,-4961.476288,916.6807794,4046.213068,No fault 
-25.54270084,10.22011279,15.6346444,-4902.280691,752.8811955,4150.795121,No fault 
-25.43235281,9.472212908,16.26982157,-4838.248258,588.3446037,4251.286243,No fault 
-25.29671322,8.715409057,16.88953902,-4769.433672,423.2287397,4347.585434,No fault 
-25.13598325,7.950289754,17.49304409,-4695.914203,257.7001646,4439.598478,No fault 
-24.95060067,7.177411739,18.07952322,-4617.757591,91.9141849,4527.229268,No fault 
-24.74088211,6.397315052,18.64819181,-4535.050609,-73.96254512,4610.391638,No fault 
-24.50710712,5.610776029,19.19847598,-4447.867508,-239.7715359,4689.000994,No fault 
-24.24931253,4.818677711,19.72995597,-4356.299833,-405.3422531,4762.983993,No fault 
-23.96758969,4.022042226,20.24232897,-4260.428135,-570.5137892,4832.267756,No fault 
-23.66202742,3.221759813,20.73520952,-4160.352711,-735.1166882,4896.787756,No fault 
-23.33298838,2.41863484,21.2081075,-4056.165559,-898.9937783,4956.477613,No fault 
-22.98089892,1.613275027,21.6603871,-3947.978469,-1061.980434,5011.278774,No fault 
-22.60633205,0.806323649,22.0914326,-3835.893368,-1223.922737,5061.132733,No fault 
-22.2097032,-0.001550101,22.50070685,-3720.028745,-1384.657138,5105.991536,No fault 
-21.79139882,-0.809471546,22.88786588,-3600.491377,-1544.028955,5145.809418,No fault 
-21.35163331,-1.616524532,23.25266149,-3477.404088,-1701.874412,5180.551149,No fault 
-20.89073131,-2.4217324,23.59489685,-3350.879909,-1858.04055,5210.18202,No fault 
-20.4090462,-3.224276845,23.91427255,-3221.049774,-2012.368221,5234.675447,No fault 
-19.9071651,-4.023408296,24.21041433,-3088.03625,-2164.710572,5254.004144,No fault 
-19.38568167,-4.818512565,24.48286985,-2951.978811,-2314.914607,5268.149372,No fault 
-18.84527153,-5.608898164,24.73126078,-2813.006707,-2462.837841,5277.093704,No fault 
-18.28644576,-6.393837226,24.95530387,-2671.263526,-2608.33011,5280.830232,No fault 
-17.70971058,-7.172443519,25.15487375,-2526.881782,-2751.250992,5279.354335,No fault 
-17.11546089,-7.943847131,25.32988869,-2380.00855,-2891.453646,5272.671056,No fault 
-16.50423093,-8.70716969,25.48027757,-2230.781656,-3028.802885,5260.785989,No fault 
-15.87658648,-9.46169157,25.60587168,-2079.354576,-3163.159215,5243.712652,No fault 
-15.23327643,-10.20673418,25.70646591,-1925.871944,-3294.395306,5221.464757,No fault 
-14.57500906,-10.9417052,25.78183113,-1770.492488,-3422.378974,5194.064821,No fault 
-13.90253414,-11.66591737,25.83184011,-1613.364371,-3546.98858,5161.537294,No fault 
-13.21644924,-12.37865787,25.85645438,-1454.648017,-3668.096802,5123.916568,No fault 
-12.51737487,-13.07910604,25.85575251,-1294.493181,-3785.586866,5081.239048,No fault 
-11.80586479,-13.76650093,25.82981735,-1133.06243,-3899.337846,5033.549823,No fault 
-11.08261798,-14.44010162,25.77872297,-970.5091103,-4009.240928,4980.894489,No fault 
-10.34835016,-15.09931025,25.70246507,-806.9997267,-4115.184454,4923.326244,No fault 
-9.60390966,-15.7435419,25.60103952,-642.6912706,-4217.068702,4860.899003,No fault 
-8.850071153,-16.3722643,25.4744548,-477.7521765,-4314.79033,4793.675253,No fault 
-8.087629975,-16.98485158,25.32282783,-312.3400012,-4408.25668,4721.719439,No fault 
-7.317251324,-17.58067404,25.14634501,-146.622591,-4497.371241,4645.104974,No fault 
-6.539646677,-18.15903933,24.94527175,19.2427297,-4582.04865,4563.906728,No fault 
-5.755487989,-18.71934194,24.71985258,185.0877765,-4662.201157,4478.207189,No fault 
-4.965581304,-19.26100675,24.47031931,350.753921,-4737.753224,4388.089168,No fault 
-4.170726344,-19.78357874,24.19684979,516.0719155,-4808.627563,4293.642545,No fault 
-3.371811662,-20.28659318,23.89965039,680.8827468,-4874.758504,4194.958009,No fault 
-2.569633317,-20.76961929,23.57895962,845.0183859,-4936.077871,4092.134121,No fault 
-1.765000749,-21.23214623,23.23511593,1008.32196,-4992.528262,3985.270957,No fault 
-0.958617514,-21.6736837,22.86850306,1170.628202,-5044.049965,3874.476282,No fault 
-0.15124827,-22.09371402,22.47955285,1331.782433,-5090.594675,3759.858567,No fault 
0.656369791,-22.4918185,22.06866364,1491.621167,-5132.112978,3641.532748,No fault 
1.463386838,-22.8676074,21.63622617,1649.991002,-5168.567419,3519.613714,No fault 
2.268983515,-23.22078696,21.1826002,1806.730359,-5199.919561,3394.222626,No fault 
3.072285735,-23.55103911,20.70819157,1961.688548,-5226.14215,3265.481134,No fault 
3.872518918,-23.85807269,20.21344356,2114.70803,-5247.206349,3133.517674,No fault 
4.66889464,-24.14153591,19.69888215,2265.642657,-5263.094013,2998.461385,No fault 
5.460708886,-24.40111884,19.16505493,2414.339692,-5273.785844,2860.447632,No fault 
6.247191104,-24.63650801,18.61253524,2560.657185,-5279.273831,2719.611593,No fault 
7.027597412,-24.84748939,18.04185943,2704.446416,-5279.549645,2576.093666,No fault 
7.801097041,-25.03386999,17.45356496,2845.569315,-5274.616355,2430.033625,No fault 
8.56691041,-25.19553152,16.84817589,2983.881857,-5264.476509,2281.576467,No fault 
9.324227245,-25.33232457,16.22626928,3119.251414,-5249.143256,2130.867002,No fault 
10.07233537,-25.44412722,15.58845471,3251.540396,-5228.628811,1978.05545,No fault 
10.81050522,-25.53077704,14.9354037,3380.622764,-5202.955756,1823.291686,No fault 
11.5380754,-25.59216859,14.26778938,3506.36757,-5172.146234,1666.730245,No fault 
12.25432071,-25.62820609,13.58629601,3628.654885,-5136.233176,1508.524479,No fault 
12.95854868,-25.63888567,12.89157295,3747.35991,-5095.24954,1348.831641,No fault 
13.65000543,-25.62421427,12.18427881,3862.368967,-5049.238846,1187.807594,No fault 
14.32800326,-25.58425671,11.46506951,3973.564346,-4998.244258,1025.612166,No fault 
14.99183898,-25.519046,10.734652,4080.84003,-4942.318778,862.4040534,No fault 
15.64090109,-25.4286469,9.993754749,4184.086635,-4881.514808,698.3458183,No fault 
16.27455715,-25.31310092,9.243147607,4283.206375,-4815.894497,533.598497,No fault 
16.89223247,-25.17251443,8.483586849,4378.098045,-4745.519827,368.3261903,No fault 
17.49329694,-25.00700802,7.715831401,4468.671637,-4670.46272,202.6907743,No fault 
18.07716227,-24.81678216,6.940609496,4554.833919,-4590.795072,36.85665568,No fault 
18.64320088,-24.60203812,6.158664012,4636.503068,-4506.598265,-129.014056,No fault 
19.1908601,-24.36302295,5.370739024,4713.59478,-4417.953213,-294.7566869,No fault 
19.71958018,-24.09995482,4.577621414,4786.036508,-4324.949696,-460.2087881,No fault 
20.22888432,-23.81308849,3.780106074,4853.753604,-4227.676904,-625.2056539,No fault 
20.71827295,-23.50266788,2.979011044,4916.682923,-4126.232848,-789.5853154,No fault 
21.18729873,-23.16900288,2.175130476,4974.759146,-4020.71524,-953.18429,No fault 
21.63547035,-22.81241593,1.369256591,5027.928162,-3911.230574,-1115.842364,No fault 
22.06234727,-22.43329545,0.562155111,5076.133971,-3797.884941,-1277.398167,No fault 
22.46746692,-22.03202239,-0.245392032,5119.331999,-3680.792636,-1437.693607,No fault 
22.85044469,-21.60901495,-1.052603313,5157.476357,-3560.067112,-1596.569472,No fault 
23.21089249,-21.164667,-1.858666101,5190.532704,-3435.829522,-1753.869914,No fault 
23.54849615,-20.69941206,-2.662773311,5218.465539,-3308.200112,-1909.438395,No fault 
23.86291889,-20.21367992,-3.464109424,5241.25057,-3177.306752,-2063.122261,No fault 
24.15387412,-19.70796193,-4.261889169,5258.862276,-3043.276539,-2214.768796,No fault 
24.42104329,-19.1827564,-5.055331652,5271.286135,-2906.243951,-2364.229537,No fault 
24.66416544,-18.63861376,-5.843679712,5278.506695,-2766.342422,-2511.356185,No fault 
24.88296957,-18.07607067,-6.626161994,5280.519643,-2623.712151,-2656.004692,No fault 
25.07726108,-17.49569498,-7.402012875,5277.320115,-2478.491896,-2798.031283,No fault 
25.24684255,-16.8980344,-8.17044847,5268.914312,-2330.826763,-2937.296626,No fault 
25.39158203,-16.28367658,-8.930702305,5255.307874,-2180.860368,-3073.662122,No fault 
25.5113269,-15.65320761,-9.682010542,5236.51713,-2028.742533,-3206.994082,No fault 
25.60597434,-15.00726677,-10.42364303,5212.557788,-1874.621559,-3337.160029,No fault 
25.67540034,-14.34649283,-11.15487564,5183.45608,-1718.65157,-3464.03262,No fault 
25.7195421,-13.67156387,-11.87500709,5149.237862,-1560.984807,-3587.485865,No fault 
25.73833379,-12.98313959,-12.58332662,5109.939541,-1401.778735,-3707.398912,No fault 
25.73178115,-12.28190606,-13.2791364,5065.597333,-1241.188596,-3823.652424,No fault 
25.69988605,-11.56853195,-13.96173251,5016.257772,-1079.374501,-3936.132436,No fault 
25.6427084,-10.84372305,-14.63043775,4961.967082,-916.4942696,-4044.726928,No fault 
25.56029018,-10.10818179,-15.28458531,4902.781416,-752.7103668,-4149.329614,No fault 
25.45272311,-9.362653187,-15.92354354,4838.756564,-588.1828142,-4249.836479,No fault 
25.32008593,-8.607873734,-16.54668843,4769.958074,-423.0758093,-4346.149347,No fault 
25.16251871,-7.844607943,-17.15341959,4696.451287,-257.5507141,-4438.1724,No fault 
24.98016142,-7.07359854,-17.74313338,4618.311202,-91.77252103,-4525.815666,No fault 
24.77321852,-6.29561005,-18.31524654,4535.612623,74.09689364,-4608.991711,No fault 
24.54188873,-5.511390332,-18.86918003,4448.439667,239.8923416,-4687.619173,No fault 
24.28642221,-4.721718902,-19.40438801,4356.876069,405.4518499,-4761.619575,No fault 
24.00705394,-3.927367362,-19.92033992,4261.014486,570.6104236,-4830.920741,No fault 
23.70406764,-3.129138439,-20.41654072,4160.947127,735.2065217,-4895.453575,No fault 
23.37773923,-2.327818716,-20.89250477,4056.774922,899.0760738,-4955.155291,No fault 
23.02840286,-1.524213066,-21.34777188,3948.598398,1062.058839,-5009.966219,No fault 
22.65639227,-0.719101874,-21.78188515,3836.526582,1223.992521,-5059.833005,No fault 
22.26209741,0.086717574,-22.19441449,3720.667978,1384.718882,-5104.705571,No fault 
21.84590009,0.892465858,-22.58494189,3601.13917,1544.077917,-5144.540327,No fault 
21.40822749,1.697339307,-22.95308617,3478.055992,1701.913811,-5179.297194,No fault 
20.94949358,2.500548212,-23.29848419,3351.541972,1858.069316,-5208.942682,No fault 
20.47015847,3.301282988,-23.62080783,3221.719792,2012.391644,-5233.44688,No fault 
19.97067664,4.098756847,-23.91974023,3088.719578,2164.727048,-5252.786402,No fault 
19.45155498,4.89217302,-24.19499208,2952.670553,2314.926566,-5266.941434,No fault 
18.91329742,5.680761613,-24.44628317,2813.709057,2462.840671,-5275.898668,No fault 
18.35645516,6.463741226,-24.67336472,2671.970314,2608.324802,-5279.648483,No fault 
17.78156865,7.240351049,-24.87600514,2527.596211,2751.234098,-5278.187845,No fault 
17.18921762,8.00981444,-25.05401085,2380.727269,2891.42881,-5271.517521,No fault 
16.57996931,8.771375179,-25.2072073,2231.510288,3028.76923,-5259.644848,No fault 
15.95443275,9.524267429,-25.33545388,2080.090572,3163.121029,-5242.580925,No fault 
15.31321073,10.26775359,-25.43862274,1926.619403,3294.350333,-5220.343296,No fault 
14.65695074,11.00109313,-25.51661529,1771.246419,3422.328904,-5192.953213,No fault 
13.98629325,11.72357463,-25.56934629,1614.126839,3546.92927,-5160.438314,No fault 
13.30191692,12.43448091,-25.59676437,1455.41397,3668.029725,-5122.829985,No fault 
12.60448675,13.13311901,-25.59883778,1295.266235,3785.509569,-5080.165982,No fault 
11.89470068,13.81878866,-25.57557188,1133.839888,3899.25401,-5032.487806,No fault 
11.17324344,14.49081599,-25.52699063,971.2959231,4009.149574,-4979.843199,No fault 
10.44083552,15.14852633,-25.45315014,807.792999,4115.088917,-4922.283529,No fault 
9.698188379,15.79127735,-25.35412021,643.4941704,4216.966354,-4859.866223,No fault 
8.946049325,16.41842968,-25.23000045,478.5599438,4314.6825,-4792.652232,No fault 
8.185153747,17.02937516,-25.08090616,313.1547914,4408.139858,-4720.708451,No fault 
7.416266289,17.62350561,-24.90698663,147.4403424,4497.247315,-4644.105255,No fault 
6.640134695,18.20024085,-24.70841082,-18.41825847,4581.915841,-4562.918851,No fault 
5.85753296,18.75900125,-24.48538215,-184.2589581,4662.062906,-4477.22881,No fault 
5.069219742,19.2992385,-24.23812099,-349.9165573,4737.60832,-4387.120324,No fault 
4.275982124,19.82041051,-23.96687738,-515.2291412,4808.478548,-4292.681761,No fault 
3.478593957,20.32201033,-23.67191488,-680.0320152,4874.60264,-4194.006879,No fault 
2.67785554,20.80353872,-23.35352599,-844.1640167,4935.916384,-4091.19246,No fault 
1.87455008,21.26452941,-23.01201916,-1007.461638,4992.358303,-3984.340499,No fault 
1.069481425,21.70452139,-22.64773473,-1169.765193,5043.873687,-3873.555887,No fault 
0.263433049,22.12308496,-22.26103078,-1330.913068,5090.410701,-3758.948526,No fault 
-0.542792371,22.51979754,-21.85229578,-1490.747701,5131.924346,-3640.631014,No fault 
-1.348410711,22.89427126,-21.42193246,-1649.109958,5168.372676,-3518.720677,No fault 
-2.152617505,23.24612968,-20.97036984,-1805.844958,5199.720656,-3393.337303,No fault 
-2.954626509,23.57503294,-20.49804906,-1960.796613,5225.936444,-3264.605132,No fault 
-3.753634325,23.88065248,-20.00543775,-2113.813342,5246.995109,-3132.650663,No fault 
-4.548859697,24.16269382,-19.4930177,-2264.742768,5262.874984,-2997.604616,No fault 
-5.339508848,24.42087214,-18.9612987,-2413.437279,5273.56128,-2859.599766,No fault 
-6.124811968,24.65493622,-18.41080463,-2559.748836,5279.042548,-2718.772833,No fault 
-6.90398723,24.86464681,-17.84208468,-2703.534373,5279.314219,-2575.262329,No fault 
-7.676275225,25.0498011,-17.25569858,-2844.650717,5274.375156,-2429.210385,No fault 
-8.440904469,25.21021099,-16.65222816,-2982.959862,5264.231083,-2280.760646,No fault 
-9.197126816,25.34572506,-16.03226462,-3118.324039,5248.891201,-2130.060074,No fault 
-9.944185672,25.45620556,-15.39642163,-3250.610874,5228.371488,-1977.256898,No fault 
-10.68135119,25.54154903,-14.74532356,-3379.68859,5202.691389,-1822.502383,No fault 
-11.40788842,25.60166476,-14.07961738,-3505.431016,5171.877032,-1665.948803,No fault 
-12.12308991,25.63649651,-13.39995931,-3627.712894,5135.958018,-1507.751139,No fault 
-12.82624317,25.64600302,-12.70702498,-3746.414733,5094.970552,-1348.065078,No fault 
-13.51666216,25.63017933,-12.00149609,-3861.418233,5048.954316,-1187.048664,No fault 
-14.19365663,25.58903671,-11.28407129,-3972.611027,4997.955489,-1024.860344,No fault 
-14.85656437,25.52262187,-10.55545472,-4079.882236,4942.023673,-861.660602,No fault 
-15.50472246,25.4309962,-9.816367698,-4183.127095,4881.214811,-697.6100523,No fault 
-16.13749856,25.31425446,-9.067537401,-4282.242619,4815.588185,-532.8710279,No fault 
-16.75426184,25.1725057,-8.309707183,-4377.132088,4745.209259,-367.6056963,No fault 
-17.35441205,25.00589275,-7.543624054,-4467.700807,4670.146768,-201.9775941,No fault 
-17.93735039,24.81457438,-6.770047962,-4553.860454,4590.475474,-36.14976899,No fault 
-18.50250814,24.59874386,-5.989739837,-4635.524957,4506.273321,129.7137172,No fault 
-19.04931939,24.3586105,-5.20347176,-4712.614734,4417.624096,295.4495971,No fault 
-19.57725009,24.09441648,-4.412016416,-4785.05268,4324.614628,460.8939168,No fault 
-20.0857719,23.80641828,-3.616157479,-4852.768302,4227.337367,625.8838045,No fault 
-20.57439001,23.49490357,-2.816678775,-4915.693795,4125.887659,790.2560309,No fault 
-21.04261657,23.16017419,-2.014373328,-4973.768042,4020.366245,953.8487567,No fault 
-21.48999679,22.80256336,-1.210031793,-5026.932783,3910.876621,1116.500136,No fault 
-21.91608282,22.4224194,-0.40445107,-5075.136497,3797.527458,1278.050032,No fault 
-22.32045978,22.02012177,0.401576424,-5118.330673,3680.430013,1438.33864,No fault 
-22.7027213,21.59606417,1.207253352,-5156.47359,3559.70046,1597.208161,No fault 
-23.06249547,21.15066937,2.011787247,-5189.526691,3435.457356,1754.501443,No fault 
-23.39942108,20.68437274,2.814381331,-5217.458252,3307.823899,1910.063622,No fault 
-23.71317217,20.19763728,3.614244781,-5240.239833,3176.925458,2063.740803,No fault 
-24.00343397,19.69093844,4.410584643,-5257.849832,3042.891774,2215.381673,No fault 
-24.26992624,19.16477916,5.202616393,-5270.270017,2905.854553,2364.836218,No fault 
-24.51237999,18.61967491,5.989555886,-5277.488973,2765.949589,2511.957296,No fault 
-24.73056085,18.05616759,6.770628999,-5279.498734,2623.314413,2656.599376,No fault 
-24.9242471,17.47481022,7.545063014,-5276.29813,2478.090334,2798.620064,No fault 
-25.09325271,16.87618,8.312095743,-5267.889505,2330.420142,2937.878864,No fault 
-25.23740568,16.26086372,9.070967375,-5254.281961,2180.450086,3074.238676,No fault 
-25.35656967,15.62947103,9.820930079,-5235.488147,2028.327646,3207.564585,No fault 
-25.45062231,14.98262085,10.56124064,-5211.527393,1874.203445,3337.725337,No fault 
-25.51947608,14.32095438,11.29117001,-5182.42258,1718.229086,3464.592149,No fault 
-25.56305744,13.64512143,12.00999575,-5148.203183,1560.55899,3588.040145,No fault 
-25.5813278,12.95579248,12.71701071,-5108.902218,1401.348281,3707.947183,No fault 
-25.57426361,12.25364486,13.41151522,-5064.559201,1240.754561,3824.195249,No fault 
-25.54187667,11.5393743,14.09282552,-5015.217169,1078.935847,3936.669305,No fault 
-25.48419445,10.81368202,14.76026651,-4960.925535,916.052288,4045.258655,No fault 
-25.40127912,10.07728634,15.41318054,-4901.737181,752.2641694,4149.855821,No fault 
-25.29320808,9.330910464,16.05092063,-4837.711216,587.7335728,4250.357876,No fault 
-25.16009247,8.575293678,16.67285906,-4768.910141,422.6224299,4346.665337,No fault 
-25.00205864,7.811178988,17.27838021,-4695.402521,257.094123,4438.683459,No fault 
-24.81926653,7.039323469,17.86688848,-4617.260233,91.31158601,4526.321144,No fault 
-24.61189185,6.260486046,18.43780109,-4534.561042,-74.56115274,4609.492192,No fault 
-24.38014374,5.475437624,18.99055593,-4447.385923,-240.3608137,4688.114235,No fault 
-24.12424694,4.684949624,19.52460496,-4355.821546,-405.923372,4762.109959,No fault 
-23.84445859,3.889804147,20.0394222,-4259.957653,-571.0858432,4831.406053,No fault 
-23.54105069,3.090782962,20.53449737,-4159.889465,-735.6848399,4895.934404,No fault 
-23.21432654,2.288677098,21.00934351,-4055.715132,-899.5583089,4955.631058,No fault 
-22.8646041,1.48427577,21.46349033,-3947.53805,-1062.544142,5010.437376,No fault 
-22.49223218,0.678375319,21.89649131,-3835.464387,-1224.481864,5060.299005,No fault 
-22.09757426,-0.128231557,22.30791714,-3719.605325,-1385.211296,5105.167001,No fault 
-21.68102393,-0.93474695,22.6973629,-3600.074637,-1544.574182,5144.996817,No fault 
-21.24298873,-1.74037784,23.06444196,-3476.990848,-1702.412901,5179.749401,No fault 
-20.78390492,-2.544327331,23.40879314,-3350.47488,-1858.572037,5209.390196,No fault 
-20.30422178,-3.345804474,23.73007472,-3220.652129,-2012.897137,5233.890203,No fault 
-19.80441609,-4.144016082,24.02797118,-3087.650178,-2165.236237,5253.224994,No fault 
-19.28497716,-4.938176535,24.30218693,-2951.600805,-2315.438661,5267.375738,No fault 
-18.74642102,-5.727500046,24.55245276,-2812.637757,-2463.356505,5276.328226,No fault 
-18.18927572,-6.511210067,24.77851974,-2670.898684,-2608.843471,5280.073861,No fault 
-17.61409477,-7.288531588,24.98016576,-2526.522966,-2751.756303,5278.608704,No fault 
-17.02144265,-8.058699982,25.15718976,-2379.653582,-2891.953655,5271.934433,No fault 
-16.41190762,-8.820953502,25.30941817,-2230.434989,-3029.297477,5260.057399,No fault 
-15.78608781,-9.574541951,25.43669911,-2079.014923,-3163.651927,5242.989554,No fault 
-15.14460381,-10.3187197,25.53890837,-1925.542346,-3294.884705,5220.747516,No fault 
-14.48808531,-11.05275424,25.61594355,-1770.169177,-3422.86601,5193.353462,No fault 
-13.8171833,-11.77591953,25.66772979,-1613.048294,-3547.469825,5160.8342,No fault 
-13.13255693,-12.48750405,25.69421415,-1454.335207,-3668.572905,5123.222044,No fault 
-12.43488509,-13.18680421,25.6953714,-1294.18611,-3786.056014,5080.553887,No fault 
-11.72485345,-13.87313198,25.6711986,-1132.759483,-3899.802942,5032.872054,No fault 
-11.00316564,-14.54580852,25.62172071,-970.2142102,-4009.701701,4980.223383,No fault 
-10.27053082,-15.20417173,25.5469851,-806.7111201,-4115.643573,4922.660047,No fault 
-9.527674692,-15.84757025,25.44706676,-642.411158,-4217.52426,4860.238644,No fault 
-8.775327455,-16.47537086,25.32206283,-477.4768702,-4315.242968,4793.020985,No fault 
-8.014234386,-17.08695265,25.17209765,-312.0706317,-4408.703506,4721.073197,No fault 
-7.245144044,-17.68171398,24.99731752,-146.3560696,-4497.813404,4644.466485,No fault 
-6.468818243,-18.25906674,24.79789579,19.50365622,-4582.484958,4563.276246,No fault 
-5.686020568,-18.81844288,24.57402769,185.344486,-4662.63438,4477.582803,No fault 
-4.89752605,-19.35928904,24.32593521,351.0031249,-4738.182796,4387.470528,No fault 
-4.104110171,-19.88107296,24.05386186,516.3157269,-4809.055428,4293.028545,No fault 
-3.306558303,-20.38327836,23.75807723,681.1195057,-4875.182549,4194.349866,No fault 
-2.505655079,-20.86541118,23.4388718,845.2514705,-4936.498688,4091.532064,No fault 
-1.702193384,-21.32699454,23.09656143,1008.549985,-4992.943543,3984.676416,No fault 
-0.896963925,-21.76757456,22.73148241,1170.853554,-5044.461209,3873.888562,No fault 
-0.090763783,-22.18671542,22.34399584,1332.002333,-5091.001045,3759.277648,No fault 
0.715613684,-22.58400495,21.93448275,1491.836964,-5132.516928,3640.956962,No fault 
1.521370529,-22.95904991,21.50334827,1650.200029,-5168.968078,3519.043093,No fault 
2.325713863,-23.31148145,21.05101664,1806.93493,-5200.318333,3393.656535,No fault 
3.127847794,-23.64095073,20.57793519,1961.887298,-5226.536938,3264.920851,No fault 
3.926982785,-23.94713393,20.08456945,2114.903911,-5247.59784,3132.963261,No fault 
4.722328003,-24.22972806,19.57140707,2265.834054,-5263.480433,2997.913816,No fault 
5.513100459,-24.4884556,19.03895308,2414.528486,-5274.168872,2859.905964,No fault 
6.298517702,-24.72306036,18.48773376,2560.840748,-5279.652779,2719.07573,No fault 
7.077806602,-24.933312,17.91829185,2704.626169,-5279.926577,2575.562263,No fault 
7.850196246,-25.11900209,17.33119024,2845.743123,-5274.990156,2429.50703,No fault 
8.614926321,-25.27994847,16.72700716,2984.05208,-5264.848231,2281.054332,No fault 
9.371240283,-25.41599149,16.10633968,3119.416806,-5249.510964,2130.350511,No fault 
10.11839348,-25.52699806,15.46979905,3251.703456,-5228.993345,1977.544453,No fault 
10.85564668,-25.61285795,14.81801417,3380.781728,-5203.315768,1822.786799,No fault 
11.58227396,-25.67348757,14.15162701,3506.523992,-5172.503434,1666.23043,No fault 
12.29755651,-25.70882637,13.47129598,3628.806395,-5136.586889,1508.029693,No fault 
13.00079012,-25.71884044,12.77769137,3747.508025,-5095.601445,1348.340866,No fault 
13.6912792,-25.70351916,12.07149851,3862.511967,-5049.58768,1187.321391,No fault 
14.36834394,-25.66287858,11.35341322,3973.704504,-4998.590877,1025.130324,No fault 
15.03131456,-25.5969582,10.62414487,4080.97612,-4942.661488,861.9275796,No fault 
15.67953823,-25.50582404,9.884412003,4184.220735,-4881.85459,697.8743634,No fault 
16.31237364,-25.38956554,9.134945279,4283.336669,-4816.23031,533.1324296,No fault 
16.92919769,-25.24829834,8.376483221,4378.225901,-4745.8533,367.8645011,No fault 
17.52940019,-25.08216127,7.609775044,4468.794986,-4670.793123,202.2335347,No fault 
18.11239024,-24.89131908,6.835576394,4554.95435,-4591.123747,36.40312859,No fault 
18.67759117,-24.67595955,6.054652026,4636.619154,-4506.923901,-129.4632018,No fault 
19.2244465,-24.436296,5.2677716,4713.708619,-4418.27658,-295.2016299,No fault 
19.75241519,-24.17256451,4.475712285,4786.146848,-4325.269367,-460.6487288,No fault 
20.2609774,-23.88502614,3.679254687,4853.862174,-4227.993954,-625.6410894,No fault 
20.74962991,-23.57396429,2.879185404,4916.787945,-4126.546434,-790.0160182,No fault 
21.21789167,-23.23968663,2.076293018,4974.86189,-4021.026836,-953.6111665,No fault 
21.66529937,-22.88252265,1.271370533,5028.026862,-3911.539381,-1116.265216,No fault 
22.09141266,-22.50282542,0.465211392,5076.230234,-3798.192035,-1277.817518,No fault 
22.49580987,-22.10096929,-0.341388197,5119.424591,-3681.096741,-1438.108768,No fault 
22.87809297,-21.67735148,-1.147633169,5157.567154,-3560.368981,-1596.980654,No fault 
23.23788356,-21.23238976,-1.952727309,5190.620427,-3436.127974,-1754.276512,No fault 
23.57482754,-20.76652387,-2.755877048,5218.551647,-3308.496259,-1909.840989,No fault 
23.8885913,-20.28021332,-3.556289228,5241.333388,-3177.599865,-2063.520686,No fault 
24.17886619,-19.77393856,-4.353174825,5258.943031,-3043.567904,-2215.163818,No fault 
24.44536476,-19.24819894,-5.145746824,5271.36333,-2906.532713,-2364.620851,No fault 
24.68782495,-18.70351377,-5.9332239,5278.5819,-2766.629468,-2511.744172,No fault 
24.90600653,-18.14042038,-6.71482836,5280.591741,-2623.996298,-2656.388705,No fault 
25.09969504,-17.55947496,-7.489789733,5277.390749,-2478.773907,-2798.41159,No fault 
25.26869838,-16.96125068,-8.257342736,5268.982198,-2331.105667,-2937.672781,No fault 
25.41285055,-16.34633837,-9.016730753,5255.374274,-2181.13726,-3074.034734,No fault 
25.53200843,-15.71534474,-9.767203853,5236.580515,-2029.016734,-3207.362987,No fault 
25.6260552,-15.06889287,-10.50802221,5212.619363,-1874.894169,-3337.525853,No fault 
25.69489727,-14.40762059,-11.23845421,5183.514565,-1718.921709,-3464.394984,No fault 
25.73846744,-13.73218084,-11.95777977,5149.294748,-1561.253239,-3587.84507,No fault 
25.75672192,-13.04324011,-12.66528854,5109.993776,-1402.044398,-3707.754387,No fault 
25.74964337,-12.34147866,-13.3602831,5065.650344,-1241.452271,-3824.004495,No fault 
25.717238,-11.627589,-14.04207712,5016.308298,-1079.635378,-3936.480775,No fault 
25.65953842,-10.90227597,-14.70999853,4962.016251,-916.7533809,-4045.072123,No fault 
25.5766009,-10.16625533,-15.36338772,4902.827862,-752.9670547,-4149.671476,No fault 
25.46850787,-9.42025369,-16.0016006,4838.801466,-588.4380102,-4250.175506,No fault 
25.33536542,-8.665007232,-16.62400686,4770.000322,-423.3286426,-4346.485127,No fault 
25.17730546,-7.901261525,-17.22999299,4696.49226,-257.8018731,-4438.505197,No fault 
24.99448338,-7.129770328,-17.81896052,4618.349888,-92.02107733,-4526.145,No fault 
24.78708008,-6.351295235,-18.39032896,4535.65026,73.85015617,-4609.317952,No fault 
24.55529967,-5.566604574,-18.94353403,4448.475051,239.648116,-4687.942066,No fault 
24.29937134,-4.776472918,-19.47803049,4356.910234,405.2091927,-4761.939656,No fault 
24.01954716,-3.981680095,-19.99329042,4261.046228,570.3699855,-4831.23779,No fault 
23.71610371,-3.183010599,-20.488806,4160.977586,734.96751,-4895.767987,No fault 
23.38933999,-2.381252708,-20.9640878,4056.803113,898.8393202,-4955.466654,No fault 
23.03957884,-1.57719778,-21.41866745,3948.625571,1061.8237,-5010.274788,No fault 
22.667165,-0.771639461,-21.85209595,3836.55176,1223.759798,-5060.138389,No fault 
22.2724663,0.034627158,-22.26394623,3720.692244,1384.487805,-5105.00816,No fault 
21.85587187,0.840806227,-22.65381148,3601.161398,1543.8491,-5144.839908,No fault 
21.41779312,1.646102087,-23.02130757,3478.07715,1701.686412,-5179.594238,No fault 
20.95866204,2.449719847,-23.36607147,3351.561002,1857.843977,-5209.236938,No fault 
20.478932,3.25086641,-23.68776353,3221.73778,2012.167681,-5233.738669,No fault 
19.97907613,4.04875095,-23.98606592,3088.73563,2164.505232,-5253.075336,No fault 
19.45958794,4.842586034,-24.26068487,2952.685787,2314.70628,-5267.227775,No fault 
18.9209798,5.631588011,-24.51134903,2813.722533,2462.622608,-5276.182099,No fault 
18.36378342,6.414978237,-24.73781164,2671.982993,2608.108224,-5279.929393,No fault 
17.78854843,7.191983354,-24.93984885,2527.607059,2751.019567,-5278.466039,No fault 
17.19584268,7.961836602,-25.11726187,2380.737202,2891.215583,-5271.793402,No fault 
16.5862509,8.723777974,-25.26987527,2231.518373,3028.557935,-5259.918146,No fault 
15.96037479,9.477055602,-25.39753899,2080.097827,3162.91106,-5242.851914,No fault 
15.31883184,10.2209258,-25.50012674,1926.625001,3294.142391,-5220.611625,No fault 
14.66225524,10.95465455,-25.57753782,1771.251353,3422.122394,-5193.219153,No fault 
13.9912928,11.67751743,-25.62969556,1614.130216,3546.724792,-5160.701605,No fault 
13.30660671,12.38880116,-25.65654901,1455.416653,3667.826591,-5123.091,No fault 
12.60887257,13.08780348,-25.65807138,1295.26729,3785.308305,-5080.424528,No fault 
11.89877898,13.77383469,-25.63426169,1133.840181,3899.053965,-5032.744225,No fault 
11.17702663,14.44621743,-25.58514314,971.2946266,4008.951347,-4980.097216,No fault 
10.44432779,15.1042883,-25.5107647,807.7910509,4114.891964,-4922.535388,No fault 
9.701405493,15.74739749,-25.41119951,643.4907978,4216.771299,-4860.115617,No fault 
8.948992856,16.37491051,-25.28654634,478.5560278,4314.488772,-4792.899436,No fault 
8.187832389,16.98620768,-25.13692794,313.149493,4407.947985,-4720.953248,No fault 
7.418675184,17.58068593,-24.96249245,147.4344498,4497.056666,-4644.347989,No fault 
6.642280317,18.15775818,-24.76341175,-18.42558383,4581.726915,-4563.159326,No fault 
5.859413895,18.71685516,-24.53988279,-184.2668994,4661.875131,-4477.467316,No fault 
5.070848552,19.25742469,-24.2921259,-349.9258585,4737.42226,-4387.356592,No fault 
4.277362372,19.77893354,-24.02038605,-515.2389471,4808.293701,-4292.91602,No fault 
3.479738485,20.2808666,-23.72493118,-680.0430525,4874.419558,-4194.238865,No fault 
2.678763883,20.76272878,-23.40605332,-844.1755001,4935.734525,-4091.422447,No fault 
1.875229114,21.22404409,-23.06406694,-1007.474346,4992.17814,-3984.568295,No fault 
1.069926983,21.66435753,-22.69930997,-1169.778398,5043.69465,-3873.781802,No fault 
0.263652344,22.08323411,-22.31214215,-1330.92752,5090.233264,-3759.172361,No fault 
-0.542799316,22.48026076,-21.902946,-1490.762637,5131.748001,-3640.853019,No fault 
-1.348631985,22.85504517,-21.47212511,-1649.126053,5168.197946,-3518.940601,No fault 
-2.153050645,23.20721779,-21.02010509,-1805.861439,5199.547071,-3393.555363,No fault 
-2.955261272,23.53643057,-20.54733181,-1960.814163,5225.764495,-3264.821103,No fault 
-3.754472449,23.84235893,-20.05427225,-2113.831257,5246.824284,-3132.86481,No fault 
-4.549895265,24.12470046,-19.54141279,-2264.761761,5262.705716,-2997.816765,No fault 
-5.340745018,24.38317686,-19.00925997,-2413.456675,5273.393055,-2859.810189,No fault 
-6.126241019,24.61753253,-18.45833876,-2559.769307,5278.875817,-2718.981334,No fault 
-6.905608385,24.82753656,-17.88919322,-2703.555211,5279.148527,-2575.469126,No fault 
-7.678077739,25.01298115,-17.30238485,-2844.672543,5274.210979,-2429.41525,No fault 
-8.442887085,25.17368368,-16.69849314,-2982.981979,5264.067981,-2280.963789,No fault 
-9.199281393,25.30948499,-16.07811387,-3118.347086,5248.729609,-2130.2613,No fault 
-9.946514553,25.42025145,-15.44185966,-3250.634213,5228.210932,-1977.456458,No fault 
-10.68384885,25.50587319,-14.79035822,-3379.712871,5202.532267,-1822.700114,No fault 
-11.41055701,25.56626612,-14.12425288,-3505.455612,5171.718887,-1666.144943,No fault 
-12.12592155,25.60137007,-13.44420082,-3627.738408,5135.80127,-1507.945497,No fault 
-12.82923688,25.61115082,-12.75087352,-3746.440514,5094.814792,-1348.257851,No fault 
-13.5198086,25.59559812,-12.04495505,-3861.444855,5048.799973,-1187.239645,No fault 
-14.19695562,25.55472777,-11.3271424,-3972.637865,4997.80215,-1025.049739,No fault 
-14.86000934,25.48857948,-10.59814382,-4079.909882,4941.871726,-861.8482413,No fault 
-15.50831584,25.397219,-9.858679065,-4183.154967,4881.063821,-697.7961662,No fault 
-16.14123496,25.28073587,-9.109477748,-4282.271307,4815.438523,-533.0554599,No fault 
-16.75814254,25.13924552,-8.351279565,-4377.161009,4745.060517,-367.7886562,No fault 
-17.35842938,24.97288695,-7.584832611,-4467.730506,4669.999337,-202.1588989,No fault 
-17.94150355,24.78182482,-6.810893596,-4553.890338,4590.328978,-36.32960048,No fault 
-18.50678922,24.56624706,-6.030226158,-4635.555556,4506.128145,129.5355412,No fault 
-19.05372903,24.3263669,-5.243601039,-4712.645485,4417.479854,295.2728803,No fault 
-19.58178278,24.06242042,-4.451794402,-4785.084131,4324.471672,460.7188108,No fault 
-20.09042988,23.77466861,-3.655587968,-4852.79992,4227.195301,625.7100996,No fault 
-20.57916791,23.4633948,-2.85576736,-4915.726112,4125.746827,790.0838778,No fault 
-21.04751507,23.12890669,-2.053122197,-4973.800518,4020.226282,953.6779697,No fault 
-21.4950087,22.77153372,-1.248444463,-5026.965916,3910.737887,1116.330886,No fault 
-21.92120773,22.3916291,-0.442528565,-5075.169746,3797.389606,1277.882148,No fault 
-22.32569108,21.98956707,0.363830277,-5118.364531,3680.293389,1438.172285,No fault 
-22.70806014,21.56574496,1.169836003,-5156.507548,3559.564706,1597.043147,No fault 
-23.06793708,21.12058034,1.974693301,-5189.561251,3435.32279,1754.33791,No fault 
-23.40496731,20.65451309,2.777607602,-5217.492923,3307.690164,1909.90138,No fault 
-23.71881772,20.16800246,3.577786643,-5240.275097,3176.792875,2063.579997,No fault 
-24.00917917,19.66152916,4.37444048,-5257.88519,3042.760013,2215.222136,No fault 
-24.2757646,19.13559229,5.166783022,-5270.305925,2905.723942,2364.678107,No fault 
-24.51831152,18.59071149,5.954032062,-5277.524942,2765.819808,2511.800452,No fault 
-24.73658003,18.02742374,6.735410784,-5279.53522,2623.185772,2656.443941,No fault 
-24.93035537,17.44628555,7.51014781,-5276.334671,2477.962503,2798.465864,No fault 
-25.09944573,16.8478697,8.277478668,-5267.926559,2330.293412,2937.726028,No fault 
-25.24368491,16.23276735,9.03664585,-5254.319076,2180.324137,3074.087033,No fault 
-25.36292996,15.60158481,9.786900249,-5235.525758,2028.202773,3207.414274,No fault 
-25.45706388,14.95494557,10.52750121,-5211.565045,1874.07935,3337.576206,No fault 
-25.52599318,14.29348706,11.25771796,-5182.46069,1718.106066,3464.444341,No fault 
-25.56965051,13.61786268,11.97682961,-5148.241308,1560.436748,3587.893508,No fault 
-25.58799218,12.92873842,12.68412657,-5108.94078,1401.227098,3707.801845,No fault 
-25.58100079,12.22679501,13.37891061,-5064.597778,1240.634134,3824.051049,No fault 
-25.54868262,11.51272441,14.06049614,-5015.256178,1078.816444,3936.526364,No fault 
-25.49107026,10.78723197,14.7282103,-4960.96456,915.9336191,4045.116821,No fault 
-25.40821994,10.0510329,15.38139421,-4901.776618,752.1465083,4149.715223,No fault 
-25.30021413,9.304854379,16.01940306,-4837.750647,587.6166462,4250.218375,No fault 
-25.1671588,8.549432025,16.64160727,-4768.949951,422.5065069,4346.527062,No fault 
-25.00918596,7.785512007,17.24739259,-4695.44231,256.9789301,4438.546268,No fault 
-24.82645087,7.013847435,17.83616127,-4617.300386,91.19737563,4526.185151,No fault 
-24.61913461,6.235200519,18.40733205,-4534.601177,-74.67465541,4609.357251,No fault 
-24.38744111,5.450338898,18.96034133,-4447.426417,-240.473362,4687.980459,No fault 
-24.13159976,4.660037815,19.49464316,-4355.862016,-406.0352272,4761.97721,No fault 
-23.85186238,3.865076404,20.00971031,-4259.998459,-571.1967551,4831.274452,No fault 
-23.54850579,3.06623988,20.50503428,-4159.930229,-735.7950586,4895.803822,No fault 
-23.22182868,2.264315794,20.98012631,-4055.756206,-899.6675916,4955.501612,No fault 
-22.87215421,1.460096242,21.43451735,-3947.579073,-1062.65274,5010.308932,No fault 
-22.49982678,0.654374079,21.86775903,-3835.505712,-1224.589549,5060.171668,No fault 
-22.10521459,-0.152054843,22.27942362,-3719.6466,-1385.318317,5105.040638,No fault 
-21.68870639,-0.958395492,22.6691049,-3600.116204,-1544.680312,5144.871534,No fault 
-21.250714,-1.763851396,23.03641813,-3477.032359,-1702.518376,5179.625074,No fault 
-20.79166894,-2.567628493,23.38100087,-3350.516661,-1858.676629,5209.266935,No fault 
-20.31202505,-3.368932834,23.70251289,-3220.693837,-2013.001076,5233.767889,No fault 
-19.81225494,-4.166974459,24.00063693,-3087.692138,-2165.339303,5253.103731,No fault 
-19.29285263,-4.960965073,24.27507863,-2951.642688,-2315.541086,5267.255403,No fault 
-18.75432998,-5.750121939,24.52556718,-2812.679885,-2463.458079,5276.208915,No fault 
-18.19721925,-6.533665521,24.75185523,-2670.940735,-2608.94442,5279.955454,No fault 
-17.6220695,-7.310823399,24.95371949,-2526.565252,-2751.856418,5278.491299,No fault 
-17.02944917,-8.080827871,25.1309606,-2379.695782,-2892.053152,5271.817918,No fault 
-16.41994233,-8.842919883,25.28340368,-2230.477403,-3029.396148,5259.941874,No fault 
-15.79415133,-9.596346597,25.41089813,-2079.05724,-3163.749982,5242.874909,No fault 
-15.15269299,-10.34036532,25.51331817,-1925.584864,-3294.981947,5220.633844,No fault 
-14.49620119,-11.07424106,25.59056258,-1770.211595,-3422.96265,5193.240649,No fault 
-13.82532304,-11.7972504,25.64255515,-1613.090907,-3547.565672,5160.722337,No fault 
-13.14072146,-12.50867908,25.66924443,-1454.37772,-3668.668162,5123.111021,No fault 
-12.44307129,-13.20782586,25.67060412,-1294.228805,-3786.150491,5080.443796,No fault 
-11.73306189,-13.894,25.64663273,-1132.802069,-3899.896834,5032.762791,No fault 
-11.01139314,-14.5665252,25.59735396,-970.2569617,-4009.794821,4980.11504,No fault 
-10.27877814,-15.22473699,25.52281629,-806.7537551,-4115.736114,4922.552521,No fault 
-9.535939066,-15.86798665,25.42309332,-642.4539481,-4217.616042,4860.13202,No fault 
-8.783609902,-16.49563862,25.29828332,-477.5195436,-4315.334183,4792.915159,No fault 
-8.022532286,-17.10707434,25.14850949,-312.113454,-4408.793981,4720.968252,No fault 
-7.253458203,-17.70168961,24.97391952,-146.3987728,-4497.903322,4644.362321,No fault 
-6.477145809,-18.27889851,24.77468572,19.46081637,-4582.574146,4563.172949,No fault 
-5.69436213,-18.83813062,24.5510046,185.3017736,-4662.723015,4477.480278,No fault 
-4.905878847,-19.37883491,24.30309691,350.9602895,-4738.270709,4387.368856,No fault 
-4.112475004,-19.900477,24.03120719,516.2730236,-4809.142795,4292.927633,No fault 
-3.314932753,-20.40254296,23.73560378,681.0766869,-4875.269209,4194.24979,No fault 
-2.514040086,-20.88453653,23.4165783,845.2087837,-4936.584814,4091.43273,No fault 
-1.710586539,-21.34598292,23.07444558,1008.507189,-4993.028976,3984.577901,No fault 
-0.905365943,-21.78642594,22.70954318,1170.810893,-5044.546116,3873.790775,No fault 
-0.099172098,-22.20543182,22.3222312,1331.959576,-5091.085268,3759.180667,No fault 
0.707198453,-22.60258625,21.91289178,1491.794349,-5132.600629,3640.8607,No fault 
1.512950783,-22.97749818,21.4819289,1650.157327,-5169.051104,3518.947626,No fault 
2.317288777,-23.32979681,21.02976775,1806.892373,-5200.400845,3393.561773,No fault 
3.11941952,-23.65913535,20.55685456,1961.84466,-5226.618789,3264.826866,No fault 
3.918550468,-23.96518799,20.06365597,2114.861417,-5247.679188,3132.869966,No fault 
4.713893851,-24.24765357,19.55065868,2265.791486,-5263.561132,2997.821284,No fault 
5.504663816,-24.50625254,19.01836887,2414.486067,-5274.249073,2859.81411,No fault 
6.290080851,-24.74073058,18.46731185,2560.798266,-5279.732339,2718.984627,No fault 
7.069368892,-24.95085547,17.89803136,2704.58384,-5280.005644,2575.47183,No fault 
7.841759766,-25.13642076,17.3110892,2845.70074,-5275.068592,2429.417335,No fault 
8.606490259,-25.29724248,16.70706453,2984.009851,-5264.926183,2280.965293,No fault 
9.362806569,-25.43316284,16.08655344,3119.374527,-5249.588299,2130.262195,No fault 
10.10996134,-25.54404686,15.45016821,3251.661332,-5229.070203,1977.456781,No fault 
10.84721813,-25.62978604,14.79853688,3380.739561,-5203.392019,1822.699836,No fault 
11.57384837,-25.69029493,14.13230245,3506.481984,-5172.579213,1666.1441,No fault 
12.28913589,-25.72551472,13.4521224,3628.764353,-5136.662069,1507.944063,No fault 
12.9923738,-25.73540982,12.75866791,3747.466144,-5095.676159,1348.25586,No fault 
13.68286901,-25.71997139,12.05262332,3862.470059,-5049.661804,1187.237071,No fault 
14.35993911,-25.67921382,11.33468535,3973.662758,-4998.664543,1025.046616,No fault 
15.02291682,-25.61317825,10.60556249,4080.934351,-4942.734576,861.8445444,No fault 
15.67114688,-25.52192901,9.865974237,4184.179129,-4881.927228,697.7919284,No fault 
16.3039905,-25.40555707,9.116650455,4283.295047,-4816.302379,533.0506561,No fault 
16.92082214,-25.26417644,8.358330568,4378.184445,-4745.924923,367.783319,No fault 
17.521034,-25.09792756,7.591762931,4468.753522,-4670.864184,202.1530041,No fault 
18.10403275,-24.90697365,6.817703989,4554.913053,-4591.194368,36.32317984,No fault 
18.66924396,-24.69150409,6.036917627,4636.577854,-4506.993971,-129.5425113,No fault 
19.21610885,-24.45173066,5.250174322,4713.667486,-4418.346217,-295.2803689,No fault 
19.74408867,-24.18789092,4.458250479,4786.105716,-4325.338462,-460.7268409,No fault 
20.25266137,-23.9002444,3.661927569,4853.821211,-4228.062623,-625.7186409,No fault 
20.74132599,-23.5890759,2.861991446,4916.746988,-4126.61457,-790.0929529,No fault 
21.20959926,-23.25469164,2.059231494,4974.821105,-4021.094549,-953.6875487,No fault 
21.65702001,-22.89742255,1.254439918,5027.98609,-3911.606568,-1116.340991,No fault 
22.08314569,-22.51762036,0.448410893,5076.189634,-3798.258807,-1277.89275,No fault 
22.4875567,-22.11566081,-0.358060148,5119.384008,-3681.162996,-1438.183405,No fault 
22.86985293,-21.69193973,-1.164177371,5157.526743,-3560.434826,-1597.054757,No fault 
23.22965805,-21.24687622,-1.969145258,5190.580037,-3436.193311,-1754.350031,No fault 
23.56661598,-20.78090863,-2.772169454,5218.51143,-3308.561193,-1909.913984,No fault 
23.88039512,-20.29449776,-3.572457498,5241.293197,-3177.664298,-2063.593105,No fault 
24.1706848,-19.78812276,-4.369219648,5258.903016,-3043.631938,-2215.235721,No fault 
24.4371995,-19.2622843,-5.161669626,5271.323346,-2906.596254,-2364.692188,No fault 
24.67967518,-18.71750046,-5.949025423,5278.542091,-2766.692616,-2511.815002,No fault 
24.89787351,-18.15430981,-6.730510043,5280.551966,-2624.058961,-2656.45898,No fault 
25.09157814,-17.57326727,-7.505352299,5277.351149,-2478.836183,-2798.481367,No fault 
25.26059887,-16.97494721,-8.272787545,5268.942636,-2331.167467,-2937.742012,No fault 
25.40476787,-16.35993922,-9.032058455,5255.334888,-2181.198677,-3074.103475,No fault 
25.52394383,-15.72885118,-9.782415753,5236.541172,-2029.077682,-3207.43119,No fault 
25.61800812,-15.08230502,-10.52311896,5212.580196,-1874.954739,-3337.593573,No fault 
25.68686888,-14.42093975,-11.25343714,5183.475446,-1718.981817,-3464.462176,No fault 
25.73045711,-13.74540718,-11.97264957,5149.255805,-1561.312975,-3587.911788,No fault 
25.74873079,-13.05637492,-12.68004653,5109.954883,-1402.10368,-3707.820587,No fault 
25.74167085,-12.35452208,-13.37492992,5065.611627,-1241.511186,-3824.070229,No fault 
25.70928523,-11.64054225,-14.05661403,5016.269634,-1079.693846,-3936.545999,No fault 
25.65160486,-10.91513916,-14.72442613,4961.977764,-916.8114861,-4045.136888,No fault 
25.56868764,-10.17902964,-15.37770722,4902.789432,-753.0247196,-4149.735739,No fault 
25.46061437,-9.432939259,-16.01581262,4838.763213,-588.4953171,-4250.239317,No fault 
25.32749269,-8.677605263,-16.63811263,4769.96213,-423.3855164,-4346.548446,No fault 
25.16945293,-7.913772194,-17.24399314,4696.454244,-257.8583941,-4438.568072,No fault 
24.98665204,-7.142194804,-17.83285626,4618.311935,-92.07717254,-4526.207391,No fault 
24.7792694,-6.363633666,-18.40412089,4535.612484,73.79440892,-4609.379906,No fault 
24.54751065,-5.578858068,-18.95722329,4448.43734,239.5927881,-4688.003543,No fault 
24.29160346,-4.788641606,-19.49161763,4356.872701,405.1542087,-4762.000704,No fault 
24.01180138,-3.993765071,-20.00677659,4261.008763,570.3154147,-4831.298369,No fault 
23.7083795,-3.195012025,-20.50219177,4160.940298,734.9132785,-4895.828143,No fault 
23.38163824,-2.393171686,-20.97737432,4056.765896,898.785495,-4955.52635,No fault 
23.03189902,-1.589034488,-21.43185529,3948.58853,1061.770209,-5010.334068,No fault 
22.65950799,-0.78339496,-21.86518622,3836.514793,1223.706707,-5060.197216,No fault 
22.2648316,0.022952714,-22.27693947,3720.655452,1384.435043,-5105.066578,No fault 
21.84826034,0.829211824,-22.66670874,3601.124682,1543.796733,-5144.89788,No fault 
21.41020428,1.634587575,-23.0341094,3478.040611,1701.634371,-5179.651808,No fault 
20.95109673,2.438284217,-23.3787789,3351.524541,1857.792324,-5209.294069,No fault 
20.47138971,3.239509483,-23.70037712,3221.701495,2012.116349,-5233.795405,No fault 
19.97155764,4.037471719,-23.99858672,3088.699425,2164.454281,-5253.131641,No fault 
19.45209274,4.831384321,-24.27311341,2952.649756,2314.655647,-5267.28369,No fault 
18.91350868,5.620462848,-24.52368632,2813.686586,2462.57235,-5276.23759,No fault 
18.3563359,6.403929466,-24.75005818,2671.947219,2608.058279,-5279.984501,No fault 
17.78112529,7.181010042,-24.95200562,2527.571371,2750.969992,-5278.520729,No fault 
17.18844344,7.950938583,-25.12932937,2380.701687,2891.166317,-5271.847715,No fault 
16.57887628,8.712954318,-25.28185448,2231.482945,3028.509033,-5259.972049,No fault 
15.95302431,9.46630612,-25.40943042,2080.062572,3162.862464,-5242.905446,No fault 
15.31150618,10.21024958,-25.51193134,1926.589835,3294.094153,-5220.664753,No fault 
14.65495395,10.9440514,-25.5892561,1771.216359,3422.074456,-5193.271916,No fault 
13.98401655,11.66698647,-25.64132844,1614.095313,3546.677207,-5160.753971,No fault 
13.29935507,12.37834223,-25.66809697,1455.381921,3667.779303,-5123.143007,No fault 
12.60164619,13.07741572,-25.66953531,1295.23265,3785.261365,-5080.476144,No fault 
11.89157741,13.76351792,-25.64564207,1133.805713,3899.007318,-5032.795487,No fault 
11.16985049,14.4359708,-25.59644087,971.2602516,4008.905043,-4980.148093,No fault 
10.43717665,15.0941116,-25.52198026,807.7568463,4114.845949,-4922.585917,No fault 
9.694279937,15.7372899,-25.42233379,643.4566879,4216.72562,-4860.165768,No fault 
8.941892458,16.36487183,-25.29759979,478.5220875,4314.443379,-4792.949245,No fault 
8.180757735,16.97623712,-25.14790141,313.1156488,4407.902923,-4721.002685,No fault 
7.411625863,17.57078331,-24.97338638,147.4007746,4497.011887,-4644.397089,No fault 
6.635256892,18.14792271,-24.77422699,-18.45916143,4581.682462,-4563.208059,No fault 
5.85241595,18.70708664,-24.55061978,-184.3003087,4661.830957,-4477.515717,No fault 
5.063876618,19.24772235,-24.30278548,-349.9591692,4737.378407,-4387.404633,No fault 
4.270416033,19.76929718,-24.03096866,-515.2720906,4808.250123,-4292.963734,No fault 
3.472818257,20.27129546,-23.73543762,-680.0760963,4874.376297,-4194.286225,No fault 
2.671869368,20.75322267,-23.41648403,-844.2083776,4935.691535,-4091.469485,No fault 
1.868360818,21.21460227,-23.0744227,-1007.507123,4992.135462,-3984.614985,No fault 
1.063084518,21.65497982,-22.7095912,-1169.811009,5043.652239,-3873.828175,No fault 
0.256836191,22.07391978,-22.32234963,-1330.960029,5090.19116,-3759.218391,No fault 
-0.549589549,22.47100962,-21.91308015,-1490.794981,5131.706162,-3640.898736,No fault 
-1.355395843,22.84585649,-21.4821867,-1649.158295,5168.156409,-3518.985981,No fault 
-2.159788513,23.19809138,-21.03009453,-1805.893517,5199.505795,-3393.600436,No fault 
-2.961972708,23.52736573,-20.55724984,-1960.846137,5225.723516,-3264.865844,No fault 
-3.761157822,23.83335548,-20.06411928,-2113.863069,5246.783563,-3132.909248,No fault 
-4.556554144,24.11575772,-19.55118955,-2264.793469,5262.665288,-2997.860876,No fault 
-5.347377767,24.37429464,-19.01896684,-2413.488221,5273.352882,-2859.854002,No fault 
-6.132847231,24.60871016,-18.46797647,-2559.800748,5278.835932,-2719.024825,No fault 
-6.912188426,24.81877383,-17.89876216,-2703.58649,5279.108893,-2575.512324,No fault 
-7.684631222,25.00427741,-17.31188573,-2844.703716,5274.171629,-2429.458131,No fault 
-8.449414367,25.16503873,-16.70792634,-2983.012993,5264.02888,-2281.006382,No fault 
-9.205782097,25.3008982,-16.08748009,-3118.377994,5248.690787,-2130.303582,No fault 
-9.952989022,25.41172262,-15.45115926,-3250.664962,5228.172355,-1977.498455,No fault 
-10.69029673,25.49740171,-14.79959189,-3379.743513,5202.493966,-1822.741804,No fault 
-11.41697863,25.55785179,-14.13342098,-3505.486096,5171.680828,-1666.186353,No fault 
-12.13231656,25.59301227,-13.45330402,-3627.768785,5135.763483,-1507.986605,No fault 
-12.83560564,25.60284935,-12.75991219,-3746.470735,5094.777243,-1348.298682,No fault 
-13.52615078,25.58735239,-12.05392984,-3861.474968,5048.762691,-1187.28018,No fault 
-14.20327154,25.54653757,-11.33605367,-3972.667822,4997.765104,-1025.090002,No fault 
-14.86629869,25.48044423,-10.60699221,-4079.93973,4941.834943,-861.8882117,No fault 
-15.51457894,25.38913851,-9.867464928,-4183.184661,4881.027272,-697.8358689,No fault 
-16.1474715,25.27270956,-9.118201709,-4282.300892,4815.402233,-533.0948746,No fault 
-16.76435284,25.13127319,-8.359941968,-4377.190441,4745.024457,-367.8278072,No fault 
-17.36461316,24.96496805,-7.593434078,-4467.759829,4669.963531,-202.1977664,No fault 
-17.94766112,24.77395915,-6.819434469,-4553.919508,4590.2934,-36.36820829,No fault 
-18.51292032,24.55843406,-6.038707047,-4635.584617,4506.092819,129.4972125,No fault 
-19.05983395,24.31860636,-5.252022276,-4712.674396,4417.444752,295.2348074,No fault 
-19.58786127,24.05471183,-4.46015658,-4785.112932,4324.436817,460.6810126,No fault 
-20.09648223,23.76701176,-3.663891413,-4852.828571,4227.160668,625.6725534,No fault 
-20.58519387,23.45578917,-2.864012655,-4915.754653,4125.712438,790.0466023,No fault 
-21.05351494,23.12135208,-2.061309668,-4973.82891,4020.192112,953.6409423,No fault 
-21.50098225,22.76402961,-1.256574685,-5026.994197,3910.703956,1116.294125,No fault 
-21.92715524,22.38417529,-0.45060186,-5075.197881,3797.355892,1277.845632,No fault 
-22.33161234,21.98216306,0.355813348,-5118.392555,3680.259911,1438.136031,No fault 
-22.71395542,21.55839055,1.161875127,-5156.535426,3559.531441,1597.007134,No fault 
-23.07380617,21.11327504,1.966787929,-5189.589018,3435.289759,1754.302155,No fault 
-23.41081049,20.6472567,2.769757426,-5217.520546,3307.657344,1909.865862,No fault 
-23.72463478,20.16079451,3.569991122,-5240.302609,3176.760285,2063.544734,No fault 
-24.0149704,19.65436943,4.366699308,-5257.912559,3042.72763,2215.187107,No fault 
-24.2815298,19.12848033,5.159095665,-5270.333183,2905.691785,2364.643328,No fault 
-24.52405096,18.58364707,5.94639822,-5277.552058,2765.787857,2511.765903,No fault 
-24.74229353,18.02040643,6.727829937,-5279.562224,2623.154044,2656.409638,No fault 
-24.93604319,17.43931514,7.502619664,-5276.361535,2477.930978,2798.431789,No fault 
-25.10510771,16.84094574,8.270002713,-5267.953312,2330.262107,2937.692195,No fault 
-25.24932128,16.22588964,9.029221796,-5254.345689,2180.293032,3074.053424,No fault 
-25.36854059,15.5947529,9.779527593,-5235.55226,2028.171884,3207.380904,No fault 
-25.46264901,14.94815928,10.52017967,-5211.591408,1874.048659,3337.543057,No fault 
-25.53155266,14.28674595,11.25044703,-5182.486943,1718.075588,3464.411427,No fault 
-25.57518459,13.61116654,11.96960901,-5148.267423,1560.406466,3587.860812,No fault 
-25.59350073,12.92208684,12.67695583,-5108.966784,1401.197025,3707.769381,No fault 
-25.58648404,12.22018778,13.37178945,-5064.623647,1240.604255,3824.018799,No fault 
-25.55414043,11.50616114,14.05342408,-5015.281936,1078.786771,3936.494342,No fault 
-25.49650287,10.78071244,14.72118707,-4960.990183,915.9041376,4045.08501,No fault 
-25.41362724,10.04455672,15.37441934,-4901.80213,752.1172303,4149.683637,No fault 
-25.30559635,9.298421338,16.01247628,-4837.776026,587.5875568,4250.186997,No fault 
-25.17251582,8.54304174,16.63472812,-4768.97522,422.477618,4346.495905,No fault 
-25.01451802,7.779164266,17.24056082,-4695.467446,256.9502274,4438.515315,No fault 
-24.83175786,7.007541868,17.82937641,-4617.325413,91.16887056,4526.154417,No fault 
-24.62441675,6.228936915,18.40059386,-4534.626072,-74.70297648,4609.326719,No fault 
-24.39269829,5.444116893,18.95364936,-4447.451202,-240.5014884,4687.950142,No fault 
-24.13683221,4.653857198,19.48799715,-4355.886671,-406.0631719,4761.947092,No fault 
-23.85707002,3.858936817,20.00310983,-4260.023005,-571.224508,4831.244546,No fault 
-23.55368882,3.060141112,20.49847907,-4159.954646,-735.822632,4895.774112,No fault 
-23.22698703,2.258257499,20.97361595,-4055.780514,-899.6949761,4955.47211,No fault 
-22.87728808,1.454078207,21.42805159,-3947.603253,-1062.679947,5010.279624,No fault 
-22.5049361,0.648395967,21.86133746,-3835.529783,-1224.61657,5060.142565,No fault 
-22.11029957,-0.157993242,22.27304598,-3719.670545,-1385.345162,5105.011725,No fault 
-21.69376695,-0.964294508,22.66277079,-3600.140041,-1544.706974,5144.842824,No fault 
-21.25575035,-1.769711244,23.03012731,-3477.05607,-1702.544865,5179.596552,No fault 
-20.79668102,-2.573449493,23.37475293,-3350.540264,-1858.702938,5209.238613,No fault 
-20.31701305,-3.374715199,23.69630759,-3220.717316,-2013.027213,5233.739751,No fault 
-19.81721881,-4.172718503,23.99447389,-3087.715509,-2165.365263,5253.07579,No fault 
-19.29779257,-4.966671007,24.2689576,-2951.665937,-2315.566876,5267.227644,No fault 
-18.75924593,-5.755790068,24.51948778,-2812.703026,-2463.483694,5276.181349,No fault 
-18.20211141,-6.539296059,24.74581722,-2670.963755,-2608.969868,5279.928068,No fault 
-17.62693783,-7.316416642,24.9477225,-2526.588164,-2751.881694,5278.464104,No fault 
-17.03429384,-8.086384033,25.1250044,-2379.718574,-2892.078262,5271.7909,No fault 
-16.42476332,-8.848439255,25.27748789,-2230.500088,-3029.421089,5259.915044,No fault 
-15.79894881,-9.601829391,25.40502252,-2079.079807,-3163.77476,5242.848254,No fault 
-15.15746694,-10.34581182,25.50748238,-1925.607324,-3295.006557,5220.607374,No fault 
-14.50095178,-11.07965147,25.58476638,-1770.233937,-3422.987099,5193.214352,No fault 
-13.83005025,-11.80262501,25.63679819,-1613.113143,-3547.589955,5160.696222,No fault 
-13.14542546,-12.5140181,25.66352649,-1454.39984,-3668.692287,5123.085075,No fault 
-12.44775207,-13.21312955,25.66492484,-1294.250819,-3786.174452,5080.41803,No fault 
-11.73771961,-13.89926858,25.6409919,-1132.823968,-3899.920639,5032.737193,No fault 
-11.0160278,-14.57175892,25.59175123,-970.2787558,-4009.818465,4980.089619,No fault 
-10.28338989,-15.22993607,25.51725145,-806.7754349,-4115.759602,4922.527265,No fault 
-9.540527912,-15.87315135,25.41756602,-642.4755235,-4217.639373,4860.106939,No fault 
-8.788175994,-16.50076914,25.29279335,-477.5410058,-4315.35736,4792.89024,No fault 
-8.027075634,-17.11217094,25.14305653,-312.1348123,-4408.817002,4720.943505,No fault 
-7.257978953,-17.7067525,24.96850335,-146.4200191,-4497.926192,4644.337735,No fault 
-6.481643976,-18.28392793,24.76930602,19.4396734,-4582.596863,4563.148533,No fault 
-5.698837858,-18.84312678,24.54566115,185.2807414,-4662.745582,4477.456019,No fault 
-4.910332154,-19.38379805,24.2977894,350.9393601,-4738.293125,4387.344765,No fault 
-4.116906029,-19.90540733,24.02593542,516.2522039,-4809.165063,4292.903697,No fault 
-3.319341522,-20.40744071,23.73036743,681.0559696,-4875.291328,4194.22602,No fault 
-2.518426733,-20.8894019,23.41137716,845.1881748,-4936.606786,4091.409113,No fault 
-1.714951092,-21.35081615,23.06927935,1008.486682,-4993.050802,3984.554447,No fault 
-0.909708535,-21.79122723,22.70441166,1170.790494,-5044.567797,3873.767472,No fault 
-0.103492763,-22.21020139,22.31713408,1331.939277,-5091.106805,3759.157524,No fault 
0.702899587,-22.60732431,21.90782888,1491.774156,-5132.622023,3640.837707,No fault 
1.508673677,-22.98220494,21.4768999,1650.137235,-5169.072355,3518.92479,No fault 
2.313033308,-23.33447248,21.02477247,1806.872386,-5200.421955,3393.539084,No fault 
3.115185646,-23.66378014,20.55189271,1961.824774,-5226.639759,3264.804333,No fault 
3.914338069,-23.96980211,20.05872735,2114.841635,-5247.700018,3132.847578,No fault 
4.709702878,-24.25223722,19.545763,2265.771804,-5263.581823,2997.799049,No fault 
5.500494153,-24.51080592,19.01350596,2414.466487,-5274.269627,2859.792019,No fault 
6.285932446,-24.7452539,18.46248142,2560.778785,-5279.752757,2718.962687,No fault 
7.065241633,-24.95534893,17.89323321,2704.564461,-5280.025925,2575.450031,No fault 
7.837653597,-25.14088455,17.30632307,2845.681459,-5275.088739,2429.395685,No fault 
8.602405071,-25.30167681,16.70233022,2983.99067,-5264.946195,2280.943783,No fault 
9.358742302,-25.43756789,16.08185069,3119.355444,-5249.608179,2130.240831,No fault 
10.10591789,-25.54842285,15.44549684,3251.642349,-5229.08995,1977.435554,No fault 
10.84319543,-25.63413314,14.79389662,3380.720675,-5203.411635,1822.678754,No fault 
11.56984632,-25.69461334,14.12769312,3506.463196,-5172.598698,1666.123154,No fault 
12.28515442,-25.72980462,13.44754373,3628.745662,-5136.681426,1507.923259,No fault 
12.98841282,-25.73967142,12.75411973,3747.44755,-5095.695386,1348.235189,No fault 
13.67892844,-25.72420486,12.04810538,3862.451562,-5049.680904,1187.216542,No fault 
14.35601885,-25.68341936,11.33019746,3973.644356,-4998.683515,1025.026219,No fault 
15.0190168,-25.61735603,10.60110441,4080.916045,-4942.753423,861.8242851,No fault 
15.66726702,-25.52607924,9.86154579,4184.160918,-4881.945947,697.7717992,No fault 
16.30013071,-25.40967991,9.11225139,4283.276931,-4816.320976,533.0306633,No fault 
16.91698234,-25.26827209,8.353960719,4378.166423,-4745.943394,367.7634546,No fault 
17.5172141,-25.10199617,7.58742205,4468.735594,-4670.882534,202.1332742,No fault 
18.10023266,-24.91101543,6.813391911,4554.895218,-4591.212594,36.3035765,No fault 
18.6654636,-24.69551919,6.032634109,4636.560112,-4507.012078,-129.561982,No fault 
19.21234815,-24.45571929,5.245919204,4713.649836,-4418.364201,-295.2997147,No fault 
19.74034753,-24.19185322,4.454023519,4786.088159,-4325.356328,-460.746056,No fault 
20.24893971,-23.90418058,3.657728608,4853.803745,-4228.080368,-625.7377328,No fault 
20.73762372,-23.59298609,2.857820249,4916.729615,-4126.632199,-790.1119159,No fault 
21.20591631,-23.25857605,2.055087903,4974.803821,-4021.112059,-953.7063903,No fault 
21.65335629,-22.90128132,1.250323701,5027.968898,-3911.623963,-1116.359705,No fault 
22.07950111,-22.52145369,0.444321896,5076.172531,-3798.276084,-1277.911345,No fault 
22.48393118,-22.11946883,-0.362122154,5119.366996,-3681.18016,-1438.201874,No fault 
22.86624639,-21.69572265,-1.168212539,5157.509819,-3560.451874,-1597.073108,No fault 
23.2260704,-21.25063416,-1.973153811,5190.563203,-3436.210248,-1754.368258,No fault 
23.56304714,-20.7846418,-2.776151544,5218.494683,-3308.578014,-1909.932095,No fault 
23.876845,-20.29820628,-3.576413344,5241.27654,-3177.68101,-2063.611094,No fault 
24.16715333,-19.79180683,-4.373149401,5258.886444,-3043.648535,-2215.253595,No fault 
24.43368658,-19.26594405,-5.1655735,5271.306863,-2906.612743,-2364.709942,No fault 
24.67618075,-18.72113608,-5.952903567,5278.525693,-2766.708993,-2511.832643,No fault 
24.89439746,-18.15792142,-6.734362669,5280.535657,-2624.075232,-2656.476502,No fault 
25.08812041,-17.57685507,-7.509179552,5277.334923,-2478.852342,-2798.498777,No fault 
25.25715935,-16.97851131,-8.276589634,5268.926498,-2331.183521,-2937.759306,No fault 
25.40134651,-16.36347982,-9.035835525,5255.318833,-2181.214621,-3074.120658,No fault 
25.52054052,-15.7323684,-9.786168007,5236.525204,-2029.093523,-3207.448258,No fault 
25.6146228,-15.08579905,-10.52684655,5212.56431,-1874.970471,-3337.610532,No fault 
25.68350144,-14.4244107,-11.25714025,5183.459646,-1718.997447,-3464.479022,No fault 
25.72710751,-13.74885524,-11.97632835,5149.240086,-1561.328497,-3587.928526,No fault 
25.7453989,-13.0598002,-12.68370117,5109.93925,-1402.119102,-3707.837213,No fault 
25.73835662,-12.35792477,-13.37856057,5065.596073,-1241.526502,-3824.086749,No fault 
25.70598855,-11.64392245,-14.06022088,5016.254166,-1079.709063,-3936.562408,No fault 
25.64832568,-10.91849708,-14.72800932,4961.962375,-916.8265978,-4045.153193,No fault 
25.56542585,-10.18236536,-15.38126693,4902.774128,-753.0397339,-4149.751935,No fault 
25.45736992,-9.436252984,-16.019349,4838.747986,-588.5102273,-4250.25541,No fault 
25.32426546,-8.680897082,-16.64162585,4769.946987,-423.4003307,-4346.564431,No fault 
25.16624288,-7.917042302,-17.24748335,4696.439178,-257.8731055,-4438.583956,No fault 
24.98345905,-7.14544329,-17.83632365,4618.296952,-92.09178943,-4526.223169,No fault 
24.77609343,-6.366860725,-18.40756557,4535.597577,73.77989368,-4609.395583,No fault 
24.54435157,-5.582063784,-18.96064545,4448.422517,239.5783661,-4688.019116,No fault 
24.28846124,-4.791826175,-19.49501741,4356.857952,405.1398871,-4762.016178,No fault 
24.0086759,-3.996928573,-20.01015416,4260.994096,570.301185,-4831.31374,No fault 
23.70527071,-3.198154656,-20.50554726,4160.925705,734.899148,-4895.843416,No fault 
23.37854603,-2.396293524,-20.9807079,4056.751385,898.7714551,-4955.541521,No fault 
23.02882335,-1.592135726,-21.4351671,3948.574092,1061.756267,-5010.349143,No fault 
22.65644872,-0.786475673,-21.86847642,3836.500436,1223.692854,-5060.212191,No fault 
22.26178871,0.019892333,-22.28020819,3720.641168,1384.421288,-5105.081458,No fault 
21.84523371,0.826171702,-22.66995616,3601.110478,1543.783065,-5144.912661,No fault 
21.40719388,1.631567521,-23.03733563,3478.026478,1701.620799,-5179.666495,No fault 
20.94810241,2.43528416,-23.38198411,3351.510488,1857.778839,-5209.308658,No fault 
20.46841146,3.236529232,-23.70356143,3221.687512,2012.102959,-5233.809901,No fault 
19.96859533,4.034511209,-24.00175029,3088.685522,2164.440977,-5253.146041,No fault 
19.44914635,4.828443359,-24.27625637,2952.635922,2314.642436,-5267.297999,No fault 
18.91057806,5.617541372,-24.52680883,2813.67283,2462.559223,-5276.251805,No fault 
18.35342105,6.401027284,-24.75316036,2671.933532,2608.045245,-5279.998625,No fault 
17.77822605,7.178127095,-24.95508763,2527.557761,2750.95704,-5278.53476,No fault 
17.18555981,7.94807468,-25.13239132,2380.688146,2891.153458,-5271.861657,No fault 
16.57600811,8.710109402,-25.28489653,2231.469481,3028.496255,-5259.985899,No fault 
15.9501716,9.463480002,-25.41245268,2080.049175,3162.849777,-5242.919208,No fault 
15.30866878,10.2074422,-25.51493398,1926.576515,3294.081546,-5220.678424,No fault 
14.65213185,10.94126258,-25.59223923,1771.203104,3422.061939,-5193.2855,No fault 
13.98120961,11.66421615,-25.6442922,1614.082134,3546.664769,-5160.767466,No fault 
13.29656327,12.37559023,-25.67104147,1455.368808,3667.766954,-5123.156416,No fault 
12.5988694,13.07468198,-25.67246072,1295.219612,3785.249094,-5080.489465,No fault 
11.88881562,13.76080226,-25.64854849,1133.792739,3898.995135,-5032.808723,No fault 
11.16710356,14.43327316,-25.59932844,971.2473529,4008.892936,-4980.161242,No fault 
10.43444457,15.09143181,-25.5248491,807.744011,4114.833929,-4922.598982,No fault 
9.691562561,15.7346279,-25.42518403,643.4439269,4216.713676,-4860.178747,No fault 
8.93918978,16.36222745,-25.30043155,478.5093891,4314.431521,-4792.962142,No fault 
8.178069615,16.97361031,-25.15071483,313.103024,4407.89114,-4721.015497,No fault 
7.408952294,17.56817388,-24.97618157,147.3882116,4497.000188,-4644.40982,No fault 
6.632597731,18.14533062,-24.77700409,-18.47165126,4581.670837,-4563.220706,No fault 
5.849771194,18.70451172,-24.55337889,-184.3127376,4661.819415,-4477.528284,No fault 
5.061246122,19.24516455,-24.30552674,-349.9715256,4737.366938,-4387.417118,No fault 
4.267799796,19.76675632,-24.03369217,-515.2843869,4808.238737,-4292.97614,No fault 
3.470216135,20.2687715,-23.73814353,-680.0883206,4874.364982,-4194.298549,No fault 
2.66928136,20.75071543,-23.41917243,-844.2205425,4935.680303,-4091.481731,No fault 
1.86578678,21.21211172,-23.07709373,-1007.519216,4992.1243,-3984.62715,No fault 
1.06052445,21.65250577,-22.71224496,-1169.823044,5043.641158,-3873.840263,No fault 
0.254289947,22.07146221,-22.32498625,-1330.971993,5090.180148,-3759.2304,No fault 
-0.552121965,22.46856834,-21.91569972,-1490.806888,5131.695231,-3640.910669,No fault 
-1.357914578,22.84343148,-21.48478936,-1649.170131,5168.145546,-3518.997836,No fault 
-2.162293562,23.19568245,-21.03268038,-1805.905297,5199.495011,-3393.612216,No fault 
-2.964464217,23.52497286,-20.559819,-1960.857847,5225.712799,-3264.877546,No fault 
-3.763635787,23.83097848,-20.06667185,-2113.874722,5246.772925,-3132.920876,No fault 
-4.55901871,24.11339657,-19.55372566,-2264.805053,5262.654716,-2997.872428,No fault 
-5.349828928,24.37194916,-19.02148659,-2413.499749,5273.342388,-2859.865482,No fault 
-6.135285134,24.60638032,-18.47047997,-2559.812208,5278.825503,-2719.03623,No fault 
-6.914613062,24.81645947,-17.90124952,-2703.597896,5279.098541,-2575.523657,No fault 
-7.68704274,25.0019785,-17.31435706,-2844.715054,5274.161342,-2429.469389,No fault 
-8.451812755,25.16275509,-16.71038174,-2983.024277,5264.018668,-2281.017568,No fault 
-9.208167505,25.29862981,-16.08991967,-3118.38921,5248.680639,-2130.314695,No fault 
-9.955361437,25.40946931,-15.45358313,-3250.676125,5228.162282,-1977.509498,No fault 
-10.6926563,25.49516346,-14.80200015,-3379.75461,5202.483955,-1822.752775,No fault 
-11.41932534,25.55562842,-14.13581373,-3505.49714,5171.670891,-1666.197255,No fault 
-12.13465057,25.59080377,-13.45568138,-3627.779763,5135.753607,-1507.997435,No fault 
-12.83792692,25.60065554,-12.76227424,-3746.481661,5094.767441,-1348.309445,No fault 
-13.52845949,25.58517325,-12.0562767,-3861.485828,5048.75295,-1187.290872,No fault 
-14.20556767,25.54437293,-11.33838543,-3972.678631,4997.755435,-1025.100626,No fault 
-14.86858237,25.47829409,-10.60930898,-4079.950474,4941.825334,-861.8987669,No fault 
-15.51685016,25.38700268,-9.869766794,-4183.195355,4881.017734,-697.8463576,No fault 
-16.14973042,25.27058804,-9.120488782,-4282.311522,4815.392755,-533.1052948,No fault 
-16.76659944,25.12916581,-8.362214339,-4377.20102,4745.01505,-367.8381616,No fault 
-17.36684758,24.96287479,-7.595691852,-4467.770344,4669.954182,-202.2080534,No fault 
-17.94988335,24.77187984,-6.821677735,-4553.929975,4590.284121,-36.37843034,No fault 
-18.5151305,24.55636869,-6.04093591,-4635.595021,4506.083597,129.487057,No fault 
-19.06203207,24.31655478,-5.254236822,-4712.684751,4417.4356,295.224716,No fault 
-19.59004747,24.05267401,-4.462356912,-4785.123224,4324.427721,460.6709869,No fault 
-20.0986565,23.76498754,-3.666077618,-4852.838815,4227.151641,625.662591,No fault 
-20.58735635,23.45377854,-2.866184834,-4915.764835,4125.703466,790.0367046,No fault 
-21.05566561,23.11935488,-2.063467907,-4973.839045,4020.183207,953.6311071,No fault 
-21.50312125,22.76204583,-1.258719083,-5027.004271,3910.695107,1116.284354,No fault 
-21.92928256,22.38220476,-0.452732501,-5075.207907,3797.34711,1277.835922,No fault 
-22.33372813,21.98020579,0.353696366,-5118.40252,3680.251183,1438.126384,No fault 
-22.71605965,21.55644635,1.15977172,-5156.545346,3559.522779,1596.997548,No fault 
-23.07589899,21.11134393,1.964698001,-5189.598877,3435.28115,1754.292631,No fault 
-23.41289187,20.64533851,2.767680895,-5217.530359,3307.6488,1909.856399,No fault 
-23.72670489,20.15888924,3.567927893,-5240.312362,3176.751794,2063.535332,No fault 
-24.01702919,19.65247691,4.364649299,-5257.922268,3042.719204,2215.177764,No fault 
-24.28357743,19.12660056,5.157058784,-5270.342832,2905.683411,2364.634046,No fault 
-24.5260874,18.58177989,5.944374385,-5277.561663,2765.779546,2511.756679,No fault 
-24.74431893,18.01855185,6.725819057,-5279.571771,2623.145785,2656.400475,No fault 
-24.93805752,17.43747298,7.500621659,-5276.371038,2477.922782,2798.422683,No fault 
-25.10711112,16.83911602,8.268017493,-5267.962757,2330.253961,2937.683148,No fault 
-25.25131374,16.22407219,9.027249283,-5254.355091,2180.284948,3074.044435,No fault 
-25.37052225,15.59294773,9.777567698,-5235.561604,2028.163851,3207.371973,No fault 
-25.46461984,14.94636622,10.51823231,-5211.60071,1874.040687,3337.534181,No fault 
-25.53351282,14.28496501,11.24851213,-5182.496187,1718.067665,3464.402609,No fault 
-25.57713403,13.60939756,11.96768649,-5148.276626,1560.398605,3587.852049,No fault 
-25.5954396,12.92032984,12.67504559,-5108.97593,1401.189212,3707.760675,No fault 
-25.58841231,12.21844258,13.36989142,-5064.632752,1240.596502,3824.010148,No fault 
-25.55605826,11.50442776,14.05153818,-5015.290985,1078.779065,3936.485747,No fault 
-25.49841022,10.77899072,14.71931323,-4960.999191,915.8964917,4045.076469,No fault 
-25.41552426,10.04284667,15.37255747,-4901.811082,752.1096311,4149.675152,No fault 
-25.307483,9.296722793,16.0106263,-4837.784938,587.5800168,4250.178565,No fault 
-25.17439226,8.541354719,16.63288996,-4768.984077,422.470124,4346.487528,No fault 
-25.0163842,7.777488606,17.2387344,-4695.476264,256.9427921,4438.506991,No fault 
-24.83361394,7.005877587,17.82756165,-4617.334176,91.1614804,4526.146146,No fault 
-24.62626268,6.22728385,18.39879069,-4534.634796,-74.71030862,4609.318501,No fault 
-24.39453424,5.442475065,18.95185769,-4447.459872,-240.508776,4687.941976,No fault 
-24.13865813,4.652226443,19.48621692,-4355.895302,-406.0704021,4761.938978,No fault 
-23.85888605,3.857317157,20.00134096,-4260.031582,-571.2316943,4831.236484,No fault 
-23.55549494,3.058532386,20.49672149,-4159.963186,-735.8297615,4895.766101,No fault 
-23.22878337,2.256659727,20.97186958,-4055.789001,-899.7020624,4955.464151,No fault 
-22.87907462,1.45249123,21.42631637,-3947.611702,-1062.686978,5010.271715,No fault 
-22.50671297,0.646819807,21.8596133,-3835.53818,-1224.623558,5060.134707,No fault 
-22.11206674,-0.159558745,22.27133282,-3719.678905,-1385.352094,5105.003917,No fault 
-21.69552457,-0.96584933,22.66106855,-3600.148348,-1544.713864,5144.835066,No fault 
-21.25749837,-1.771255543,23.02843592,-3477.064341,-1702.5517,5179.588843,No fault 
-20.7984196,-2.574983246,23.37307232,-3350.548483,-1858.709732,5209.230953,No fault 
-20.31874214,-3.376238563,23.69463769,-3220.7255,-2013.033953,5233.73214,No fault 
-19.81893857,-4.174231452,23.99281463,-3087.723642,-2165.371962,5253.068228,No fault 
-19.29950294,-4.968173699,24.26730891,-2951.674034,-2315.573521,5267.22013,No fault 
-18.76094707,-5.757282477,24.5178496,-2812.711073,-2463.490299,5276.173883,No fault 
-18.20380326,-6.54077834,24.74418947,-2670.971767,-2608.97642,5279.920649,No fault 
-17.62862055,-7.317888768,24.94610512,-2526.596126,-2751.888206,5278.456733,No fault 
-17.03596739,-8.087846161,25.12339731,-2379.726502,-2892.084722,5271.783576,No fault 
-16.42642784,-8.849891355,25.27589104,-2230.507966,-3029.427509,5259.907767,No fault 
-15.80060426,-9.60327162,25.40343584,-2079.087651,-3163.781128,5242.841022,No fault 
-15.15911346,-10.34724415,25.5059058,-1925.615118,-3295.012887,5220.600189,No fault 
-14.50258933,-11.08107405,25.58319983,-1770.241699,-3422.993377,5193.207212,No fault 
-13.83167898,-11.80403781,25.63524161,-1613.120855,-3547.596196,5160.689128,No fault 
-13.14704532,-12.51542127,25.66197982,-1454.40752,-3668.698477,5123.078026,No fault 
-12.4493632,-13.21452307,25.66338801,-1294.25845,-3786.180605,5080.411026,No fault 
-11.73932196,-13.9006526,25.63946485,-1132.831567,-3899.926741,5032.730233,No fault 
-11.01762153,-14.57313341,25.59023389,-970.2863064,-4009.824531,4980.082704,No fault 
-10.28497494,-15.23130118,25.51574376,-806.782954,-4115.765619,4922.520394,No fault 
-9.542104438,-15.87450705,25.41606792,-642.4829947,-4217.645353,4860.100111,No fault 
-8.789743941,-16.50211557,25.29130478,-477.548446,-4315.363291,4792.883456,No fault 
-8.028635152,-17.11350807,25.14157742,-312.142205,-4408.822897,4720.936765,No fault 
-7.259529987,-17.70808049,24.96703364,-146.4273813,-4497.932038,4644.331037,No fault 
-6.483186678,-18.28524674,24.76784565,19.43235833,-4582.602674,4563.141877,No fault 
-5.700372172,-18.84443656,24.54421007,185.2734564,-4662.751345,4477.449406,No fault 
-4.911858231,-19.38509876,24.29634754,350.9321218,-4738.298854,4387.338194,No fault 
-4.118423812,-19.90669912,24.02450272,516.2449952,-4809.170744,4292.897168,No fault 
-3.320851161,-20.40872355,23.72894383,681.0488071,-4875.296975,4194.219532,No fault 
-2.519928172,-20.89067594,23.40996261,845.1810415,-4936.612386,4091.402666,No fault 
-1.716444482,-21.35208134,23.06787379,1008.479594,-4993.056368,3984.548041,No fault 
-0.911193817,-21.79248374,22.70301503,1170.783435,-5044.573316,3873.761107,No fault 
-0.104970087,-22.21144917,22.31574633,1331.932264,-5091.112292,3759.1512,No fault 
0.70143028,-22.60856351,21.90644993,1491.767171,-5132.627463,3640.831423,No fault 
1.507212237,-22.98343552,21.47552971,1650.130295,-5169.077763,3518.918546,No fault 
2.311579793,-23.33569458,21.02341098,1806.865474,-5200.427317,3393.53288,No fault 
3.113739907,-23.66499373,20.55053987,1961.817906,-5226.645089,3264.798168,No fault 
3.912900166,-23.97100732,20.05738309,2114.834795,-5247.705303,3132.841452,No fault 
4.708272662,-24.25343403,19.54442729,2265.765007,-5263.587077,2997.792962,No fault 
5.499071684,-24.51199447,19.01217872,2414.459718,-5274.274836,2859.785971,No fault 
6.284517575,-24.74643414,18.4611626,2560.772059,-5279.757935,2718.956677,No fault 
7.063834421,-24.95652102,17.89192277,2704.557762,-5280.031059,2575.44406,No fault 
7.836253896,-25.14204844,17.30502094,2845.674803,-5275.093843,2429.389751,No fault 
8.601012942,-25.30283265,16.70103636,2983.984041,-5264.951255,2280.937887,No fault 
9.357357597,-25.43871563,16.08056503,3119.348858,-5249.613208,2130.234973,No fault 
10.10454067,-25.54956264,15.44421934,3251.635788,-5229.094936,1977.429733,No fault 
10.84182555,-25.63526493,14.79262722,3380.714157,-5203.416591,1822.67297,No fault 
11.56848384,-25.69573728,14.12643178,3506.456703,-5172.603612,1666.117406,No fault 
12.28379919,-25.73092067,13.44629039,3628.739211,-5136.68631,1507.917548,No fault 
12.98706491,-25.74077972,12.75287434,3747.441125,-5095.700228,1348.229515,No fault 
13.6775877,-25.72530535,12.04686789,3862.445178,-5049.685718,1187.210903,No fault 
14.35468534,-25.6845122,11.32896782,3973.637997,-4998.688286,1025.020616,No fault 
15.01769038,-25.61844117,10.59988257,4080.909727,-4942.758166,861.818718,No fault 
15.66594775,-25.52715682,9.860331692,4184.154625,-4881.950649,697.7662673,No fault 
16.29881844,-25.41074988,9.111044991,4283.270679,-4816.325649,533.0251668,No fault 
16.91567714,-25.2693346,8.352761968,4378.160194,-4745.948026,367.7579927,No fault 
17.51591582,-25.10305117,7.5862309,4468.729406,-4670.887139,202.1278472,No fault 
18.09894137,-24.91206306,6.812208311,4554.889054,-4591.217159,36.29818382,No fault 
18.66417916,-24.6965594,6.031458014,4636.553988,-4507.016615,-129.5673403,No fault 
19.21107061,-24.45675223,5.244750561,4713.643735,-4418.368698,-295.3050391,No fault 
19.73907676,-24.19287884,4.452862285,4786.082098,-4325.360799,-460.7513464,No fault 
20.24767577,-23.905199,3.656574733,4853.797707,-4228.084799,-625.7429898,No fault 
20.73636646,-23.59399728,2.856673688,4916.723616,-4126.636604,-790.1171393,No fault 
21.2046658,-23.25958015,2.053948606,4974.797844,-4021.116425,-953.7115807,No fault 
21.65211238,-22.90227827,1.249191625,5027.96296,-3911.628303,-1116.364863,No fault 
22.07826388,-22.52244364,0.443196992,5076.166615,-3798.280384,-1277.91647,No fault 
22.48270047,-22.12045173,-0.363239929,5119.361119,-3681.184436,-1438.206966,No fault 
22.86502228,-21.69669863,-1.169323233,5157.503964,-3560.456111,-1597.078168,No fault 
23.22485275,-21.25160317,-1.974257467,5190.557387,-3436.21446,-1754.373286,No fault 
23.56183601,-20.78560398,-2.77724821,5218.488887,-3308.582188,-1909.937091,No fault 
23.87564024,-20.29916158,-3.57750306,5241.270783,-3177.685159,-2063.616058,No fault 
24.16595502,-19.79275539,-4.374232216,5258.880707,-3043.652646,-2215.258527,No fault 
24.43249457,-19.26688581,-5.166649455,5271.301164,-2906.616831,-2364.714843,No fault 
24.67499511,-18.72207118,-5.953972708,5278.520015,-2766.713043,-2511.837513,No fault 
24.89321805,-18.15884981,-6.735425037,5280.530016,-2624.079258,-2656.481341,No fault 
25.0869473,-17.57777688,-7.510235193,5277.329303,-2478.856331,-2798.503585,No fault 
25.25599239,-16.9794265,-8.277638588,5268.920915,-2331.187487,-2937.764083,No fault 
25.40018577,-16.36438852,-9.036877837,5255.31327,-2181.21855,-3074.125405,No fault 
25.51938587,-15.73327054,-9.787203717,5236.519677,-2029.097429,-3207.452976,No fault 
25.6134743,-15.08669479,-10.5278757,5212.558803,-1874.974341,-3337.61522,No fault 
25.68235895,-14.42529997,-11.25816288,5183.454176,-1719.001294,-3464.483679,No fault 
25.7259711,-13.74973818,-11.97734451,5149.234635,-1561.332308,-3587.933154,No fault 
25.74426844,-13.06067675,-12.6847109,5109.933835,-1402.122891,-3707.841811,No fault 
25.73723217,-12.35879508,-13.37956391,5065.590677,-1241.530255,-3824.091319,No fault 
25.70486997,-11.64478646,-14.06121786,5016.248806,-1079.712794,-3936.566949,No fault 
25.64721304,-10.91935491,-14.72899999,4961.957033,-916.8302942,-4045.157705,No fault 
25.56431901,-10.18321696,-15.38225133,4902.768821,-753.0434088,-4149.756418,No fault 
25.45626895,-9.437098492,-16.02032716,4838.742698,-588.5138673,-4250.259865,No fault 
25.32317022,-8.681736439,-16.64259782,4769.941734,-423.4039496,-4346.568857,No fault 
25.16515345,-7.917875641,-17.24844917,4696.433943,-257.8766899,-4438.588354,No fault 
24.98237529,-7.146270555,-17.83728335,4618.291752,-92.09535303,-4526.227539,No fault 
24.7750154,-6.367682047,-18.4085192,4535.592395,73.77636428,-4609.399926,No fault 
24.54327914,-5.582879108,-18.96159304,4448.417369,239.5748571,-4688.023431,No fault 
24.28739449,-4.79263563,-19.495959,4356.852821,405.136412,-4762.020465,No fault 
24.00761467,-3.997732105,-20.01108979,4260.989,570.2977299,-4831.318,No fault 
23.70421509,-3.198952393,-20.50647697,4160.920626,734.8957265,-4895.847649,No fault 
23.37749588,-2.39708541,-20.98163173,4056.74634,898.7680534,-4955.545727,No fault 
23.02777874,-1.59292189,-21.43608507,3948.569064,1061.752898,-5010.353323,No fault 
22.65540952,-0.787256059,-21.86938858,3836.495441,1223.689505,-5060.216344,No fault 
22.26075498,0.019117597,-22.28111459,3720.636189,1384.417972,-5105.085584,No fault 
21.84420532,0.825402673,-22.67085681,3601.105533,1543.779768,-5144.916761,No fault 
21.4061709,1.630804071,-23.03823058,3478.021548,1701.617535,-5179.670569,No fault 
20.94708471,2.434526346,-23.3828734,3351.505592,1857.775593,-5209.312707,No fault 
20.46739911,3.235776928,-23.70444509,3221.682631,2012.099746,-5233.813924,No fault 
19.96758819,4.033764471,-24.00262836,3088.680674,2164.437781,-5253.150039,No fault 
19.44814449,4.827702061,-24.27712888,2952.63109,2314.639273,-5267.301971,No fault 
18.90958135,5.616805572,-24.52767582,2813.66803,2462.556078,-5276.255751,No fault 
18.35242956,6.400296856,-24.75402186,2671.928748,2608.042131,-5280.002547,No fault 
17.77723966,7.177402097,-24.95594368,2527.553009,2750.953945,-5278.538657,No fault 
17.18457858,7.947354986,-25.13324196,2380.683409,2891.150393,-5271.865529,No fault 
16.57503191,8.709395071,-25.28574177,2231.464776,3028.493208,-5259.989746,No fault 
15.9492005,9.462770908,-25.41329258,2080.044485,3162.846761,-5242.92303,No fault 
15.30770266,10.20673841,-25.51576856,1926.571856,3294.078547,-5220.682223,No fault 
14.65117076,10.94056396,-25.59306853,1771.19846,3422.058971,-5193.289274,No fault 
13.98025344,11.66352276,-25.64511625,1614.077521,3546.661818,-5160.771216,No fault 
13.29561209,12.37490194,-25.67186031,1455.364209,3667.764033,-5123.160142,No fault 
12.59792307,13.07399886,-25.67327437,1295.215044,3785.24619,-5080.493167,No fault 
11.88787421,13.76012418,-25.64935699,1133.788185,3898.992261,-5032.812402,No fault 
11.16616695,14.43260019,-25.60013182,971.2428296,4008.890079,-4980.164898,No fault 
10.43351282,15.09076382,-25.5256474,807.7395014,4114.831101,-4922.602615,No fault 
9.690635549,15.73396495,-25.42597728,643.4394477,4216.710865,-4860.182357,No fault 
8.938267581,16.36156942,-25.30121978,478.5049234,4314.428738,-4792.965728,No fault 
8.177152095,16.97295725,-25.15149807,313.0985885,4407.888374,-4721.019061,No fault 
7.40803953,17.56752568,-24.97695985,147.3837893,4496.99745,-4644.413361,No fault 
6.631689592,18.14468734,-24.77777744,-18.47604367,4581.668115,-4563.224225,No fault 
5.848867754,18.70387323,-24.55414735,-184.317117,4661.816722,-4477.53178,No fault 
5.060347251,19.24453092,-24.30629033,-349.9758754,4737.364261,-4387.420592,No fault 
4.26690557,19.76612742,-24.03445093,-515.2887239,4808.236088,-4292.979592,No fault 
3.469326423,20.2681474,-23.73889749,-680.0926283,4874.362348,-4194.301979,No fault 
2.668396239,20.750096,-23.41992162,-844.2248377,4935.677697,-4091.485139,No fault 
1.864906118,21.21149702,-23.07783817,-1007.523483,4992.121709,-3984.630537,No fault 
1.059648325,21.6518957,-22.71298469,-1169.827298,5043.638595,-3873.843628,No fault 
0.253418229,22.07085681,-22.32572129,-1330.976218,5090.1776,-3759.233743,No fault 
-0.5529892,22.4679675,-21.91643011,-1490.811101,5131.69271,-3640.913991,No fault 
-1.358777459,22.84283526,-21.48551513,-1649.174315,5168.14304,-3519.001137,No fault 
-2.163152013,23.19509073,-21.03340155,-1805.909469,5199.492532,-3393.615496,No fault 
-2.965318367,23.5243857,-20.56053561,-1960.861991,5225.710335,-3264.880805,No fault 
-3.764485557,23.83039577,-20.06738392,-2113.878855,5246.770487,-3132.924115,No fault 
-4.559864231,24.11281837,-19.55443322,-2264.809158,5262.652292,-2997.875646,No fault 
-5.350670121,24.37137535,-19.02218967,-2413.503843,5273.339991,-2859.868679,No fault 
-6.136122128,24.60581097,-18.47117859,-2559.816274,5278.82312,-2719.039406,No fault 
-6.91544578,24.81589444,-17.90194372,-2703.60195,5279.096184,-2575.526813,No fault 
-7.68787131,25.00141788,-17.31504686,-2844.719081,5274.158998,-2429.472526,No fault 
-8.452637099,25.16219875,-16.71106718,-2983.028293,5264.016351,-2281.020685,No fault 
-9.20898775,25.29807781,-16.09060077,-3118.393199,5248.678335,-2130.317792,No fault 
-9.956177506,25.40892154,-15.45425991,-3250.680103,5228.160004,-1977.512575,No fault 
-10.69346832,25.49461997,-14.80267264,-3379.75856,5202.48169,-1822.755833,No fault 
-11.42013323,25.5550891,-14.13648197,-3505.50108,5171.668652,-1666.200293,No fault 
-12.13545446,25.59026869,-13.45634538,-3627.783676,5135.751381,-1508.000454,No fault 
-12.83872674,25.60012458,-12.76293404,-3746.485564,5094.76524,-1348.312444,No fault 
-13.52925535,25.58464648,-12.05693231,-3861.489704,5048.750761,-1187.293852,No fault 
-14.2063595,25.54385023,-11.3390369,-3972.682497,4997.753272,-1025.103588,No fault 
-14.8693703,25.47777553,-10.60995631,-4079.954314,4941.823183,-861.9017094,No fault 
-15.51763411,25.38648813,-9.870410028,-4183.199185,4881.015609,-697.8492812,No fault 
-16.15051051,25.27007758,-9.121127938,-4282.315326,4815.390641,-533.1081999,No fault 
-16.76737559,25.12865931,-8.362849447,-4377.204815,4745.012961,-367.8410481,No fault 
-17.36761992,24.96237233,-7.596322933,-4467.774113,4669.952105,-202.2109215,No fault 
-17.9506518,24.77138129,-6.822304819,-4553.933734,4590.282068,-36.38128009,No fault 
-18.51589518,24.55587413,-6.041559016,-4635.598754,4506.081556,129.4842253,No fault 
-19.06279291,24.31606408,-5.254855982,-4712.688475,4417.433583,295.2219025,No fault 
-19.59080459,24.05218725,-4.462972145,-4785.126922,4324.425716,460.6681913,No fault 
-20.09940982,23.7645046,-3.666688954,-4852.842505,4227.14966,625.6598133,No fault 
-20.588106,23.45329949,-2.866792292,-4915.768499,4125.701496,790.0339445,No fault 
-21.0564115,23.1188796,-2.064071516,-4973.8427,4020.181261,953.6283648,No fault 
-21.50386352,22.76157439,-1.259318863,-5027.007901,3910.693172,1116.281629,No fault 
-21.93002112,22.38173705,-0.45332848,-5075.211529,3797.345198,1277.833215,No fault 
-22.33446309,21.97974186,0.353104168,-5118.406117,3680.249282,1438.123694,No fault 
-22.71679096,21.55598611,1.159183275,-5156.548934,3559.520902,1596.994875,No fault 
-23.07662675,21.11088743,1.964113291,-5189.602441,3435.279284,1754.289975,No fault 
-23.41361601,20.64488564,2.76709989,-5217.533915,3307.646957,1909.85376,No fault 
-23.72742553,20.15844007,3.567350576,-5240.315893,3176.749961,2063.53271,No fault 
-24.01774625,19.65203133,4.364075641,-5257.925791,3042.717394,2215.175159,No fault 
-24.28429103,19.12615864,5.156488767,-5270.346331,2905.681611,2364.631457,No fault 
-24.52679746,18.58134151,5.943807982,-5277.565154,2765.777769,2511.754107,No fault 
-24.74502558,18.01811707,6.725256251,-5279.575238,2623.144017,2656.397919,No fault 
-24.93876067,17.4370417,7.500062421,-5276.374497,2477.921037,2798.420143,No fault 
-25.1078109,16.83868831,8.267461806,-5267.966192,2330.252226,2937.680625,No fault 
-25.25201007,16.22364793,9.02669712,-5254.358519,2180.283236,3074.041928,No fault 
-25.37121524,15.592527,9.777019042,-5235.565008,2028.162148,3207.369482,No fault 
-25.46530942,14.94594889,10.51768714,-5211.604106,1874.039007,3337.531706,No fault 
-25.5341991,14.28455117,11.24797041,-5182.49956,1718.065993,3464.40015,No fault 
-25.57781694,13.60898708,11.96714821,-5148.279992,1560.396955,3587.849606,No fault 
-25.59611926,12.91992279,12.67451074,-5108.979273,1401.187571,3707.758247,No fault 
-25.58908864,12.21803887,13.36935996,-5064.636087,1240.594883,3824.007736,No fault 
-25.55673138,11.50402743,14.0510101,-5015.294298,1078.777456,3936.48335,No fault 
-25.49908004,10.77859368,14.71878849,-4961.002497,915.8949037,4045.074088,No fault 
-25.41619091,10.04245298,15.37203607,-4901.814365,752.1080519,4149.672786,No fault 
-25.3081464,9.296332347,16.01010821,-4837.788214,587.578459,4250.176214,No fault 
-25.17505251,8.540967582,16.63237516,-4768.98733,422.4685748,4346.485192,No fault 
-25.01704124,7.777104673,17.23822287,-4695.479511,256.941264,4438.50467,No fault 
-24.83426788,7.005496923,17.82705338,-4617.3374,91.15996084,4526.14384,No fault 
-24.62691345,6.226906349,18.39828563,-4534.638015,-74.71180723,4609.316209,No fault 
-24.39518195,5.442100793,18.95135585,-4447.463068,-240.5102663,4687.939699,No fault 
-24.1393027,4.651855295,19.48571827,-4355.898492,-406.0718716,4761.936716,No fault 
-23.8595276,3.856949198,20.00084548,-4260.03475,-571.2331557,4831.234236,No fault 
-23.55613338,3.058167511,20.49622916,-4159.966348,-735.8312024,4895.763868,No fault 
-23.22941883,2.256298003,20.97138038,-4055.792141,-899.7034952,4955.461932,No fault 
-22.87970701,1.452132552,21.42583027,-3947.614836,-1062.68839,5010.26951,No fault 
-22.50734241,0.646464241,21.8591303,-3835.541292,-1224.624963,5060.132517,No fault 
-22.11269315,-0.159911303,22.27085288,-3719.682012,-1385.353479,5105.00174,No fault 
-21.69614807,-0.966198815,22.66059167,-3600.151433,-1544.715241,5144.832903,No fault 
-21.25811887,-1.771602058,23.02796207,-3477.067421,-1702.553057,5179.586694,No fault 
-20.79903723,-2.575326724,23.37260149,-3350.551541,-1858.711081,5209.228818,No fault 
-20.31935681,-3.376579109,23.69416985,-3220.728553,-2013.035282,5233.730019,No fault 
-19.81955039,-4.174568999,23.99234977,-3087.726673,-2165.373284,5253.06612,No fault 
-19.30011184,-4.96850835,24.26684701,-2951.67706,-2315.574824,5267.218036,No fault 
-18.76155316,-5.757614165,24.51739063,-2812.714078,-2463.491594,5276.171803,No fault 
-18.20440647,-6.541107168,24.74373343,-2670.974767,-2608.977696,5279.918582,No fault 
-17.62922099,-7.31821467,24.94565198,-2526.599105,-2751.889475,5278.454679,No fault 
-17.03656496,-8.088169239,25.12294706,-2379.729476,-2892.085972,5271.781535,No fault 
-16.42702268,-8.850211543,25.27544365,-2230.510919,-3029.428752,5259.905739,No fault 
-15.80119628,-9.603589019,25.4029913,-2079.090599,-3163.782352,5242.839008,No fault 
-15.15970277,-10.34755869,25.50546409,-1925.618046,-3295.014104,5220.598187,No fault 
-14.50317586,-11.08138584,25.58276094,-1770.244622,-3422.994575,5193.205223,No fault 
-13.83226283,-11.80434678,25.63480551,-1613.123759,-3547.597388,5160.687152,No fault 
-13.14762641,-12.51572752,25.6615465,-1454.410418,-3668.699649,5123.076063,No fault 
-12.44994166,-13.21482654,25.66295745,-1294.261328,-3786.181771,5080.409076,No fault 
-11.7398977,-13.90095338,25.63903703,-1132.834441,-3899.927889,5032.728295,No fault 
-11.01819466,-14.57343144,25.5898088,-970.2891603,-4009.825672,4980.080778,No fault 
-10.28554538,-15.23159655,25.51532138,-806.7858035,-4115.766741,4922.51848,No fault 
-9.542672302,-15.8747997,25.41564823,-642.4858244,-4217.64647,4860.09821,No fault 
-8.790309148,-16.50240561,25.29088777,-477.5512715,-4315.364389,4792.881567,No fault 
-8.029197814,-17.11379543,25.14116307,-312.1450109,-4408.82399,4720.934888,No fault 
-7.260090025,-17.70836526,24.96662194,-146.430183,-4497.933112,4644.329173,No fault 
-6.483744202,-18.28552886,24.76743657,19.42957605,-4582.603742,4563.140025,No fault 
-5.700927102,-18.84471612,24.5438036,185.2706781,-4662.752395,4477.447566,No fault 
-4.912410678,-19.38537571,24.29594366,350.9293628,-4738.299898,4387.336366,No fault 
-4.118973697,-19.90697354,24.02410142,516.2422401,-4809.171771,4292.895351,No fault 
-3.321398593,-20.40899538,23.7285451,681.0460711,-4875.297996,4194.217727,No fault 
-2.520473072,-20.89094529,23.40956642,845.1783093,-4936.61339,4091.400873,No fault 
-1.716986959,-21.35234813,23.06748013,1008.476881,-4993.057366,3984.546259,No fault 
-0.911733792,-21.79274807,22.70262387,1170.780725,-5044.574297,3873.759337,No fault 
-0.105507669,-22.21171098,22.31535767,1331.929573,-5091.113267,3759.149441,No fault 
0.70089517,-22.60882289,21.90606376,1491.764484,-5132.628421,3640.829675,No fault 
1.50667949,-22.9836924,21.47514601,1650.127626,-5169.078716,3518.91681,No fault 
2.31104949,-23.33594907,21.02302973,1806.862809,-5200.428253,3393.531155,No fault 
3.113211938,-23.66524575,20.55016105,1961.815259,-5226.64602,3264.796454,No fault 
3.91237461,-23.97125698,20.0570067,2114.832151,-5247.706216,3132.83975,No fault 
4.707749412,-24.25368126,19.5440533,2265.762382,-5263.587986,2997.79127,No fault 
5.498550819,-24.51223936,19.01180712,2414.457096,-5274.275728,2859.78429,No fault 
6.283998988,-24.74667663,18.46079338,2560.769456,-5279.758822,2718.955007,No fault 
7.063318191,-24.9567612,17.89155591,2704.555161,-5280.031929,2575.4424,No fault 
7.835739915,-25.14228624,17.30465642,2845.672221,-5275.094708,2429.388103,No fault 
8.600501289,-25.30306817,16.70067417,2983.981462,-5264.952103,2280.936249,No fault 
9.356848166,-25.4389488,16.08020517,3119.346296,-5249.614052,2130.233346,No fault 
10.10403354,-25.54979356,15.44386178,3251.633229,-5229.095764,1977.428116,No fault 
10.84132061,-25.63549354,14.79227195,3380.711616,-5203.417415,1822.671363,No fault 
11.56798118,-25.69596366,14.12607878,3506.454165,-5172.604419,1666.115811,No fault 
12.2832987,-25.73114476,13.44593966,3628.736691,-5136.687113,1507.915962,No fault 
12.98656666,-25.74100162,12.75252585,3747.438607,-5095.701014,1348.22794,No fault 
13.67709159,-25.72552499,12.04652163,3862.442678,-5049.6865,1187.209338,No fault 
14.35419146,-25.68472967,11.32862378,3973.635499,-4998.689052,1025.019061,No fault 
15.01719861,-25.61865641,10.59954073,4080.907247,-4942.758928,861.8171732,No fault 
15.66545817,-25.52736992,9.859992045,4184.152147,-4881.951395,697.7647326,No fault 
16.29833095,-25.41096078,9.110707524,4283.268218,-4816.326391,533.0236419,No fault 
16.91519181,-25.26954338,8.352426661,4378.157735,-4745.948753,367.756478,No fault 
17.51543256,-25.10325777,7.585897746,4468.726964,-4670.887862,202.1263421,No fault 
18.09846025,-24.91226758,6.811877291,4554.886614,-4591.217866,36.29668867,No fault 
18.66370008,-24.69676176,6.03112912,4636.551565,-4507.017318,-129.5688259,No fault 
19.21059364,-24.45695253,5.244423775,4713.641315,-4418.369386,-295.3065149,No fault 
19.7386018,-24.19307701,4.452537599,4786.079694,-4325.361483,-460.7528127,No fault 
20.2472029,-23.90539514,3.656252127,4853.795305,-4228.085468,-625.7444464,No fault 
20.73589558,-23.59419132,2.856353157,4916.721231,-4126.637269,-790.1185866,No fault 
21.20419699,-23.25977218,2.05363013,4974.795461,-4021.117074,-953.7130184,No fault 
21.65164553,-22.90246823,1.248875198,5027.960594,-3911.628949,-1116.366291,No fault 
22.07779907,-22.52263161,0.442882594,5076.164251,-3798.281016,-1277.917889,No fault 
22.4822376,-22.12063765,-0.363552304,5119.358771,-3681.185064,-1438.208376,No fault 
22.86456143,-21.69688259,-1.169633603,5157.501617,-3560.456724,-1597.079569,No fault 
23.22439381,-21.25178511,-1.974565839,5190.555057,-3436.215069,-1754.374678,No fault 
23.56137906,-20.78578398,-2.777554602,5218.486559,-3308.582782,-1909.938474,No fault 
23.87518519,-20.29933958,-3.57780748,5241.26847,-3177.685751,-2063.617432,No fault 
24.16550194,-19.79293148,-4.374534681,5258.878397,-3043.653223,-2215.259892,No fault 
24.43204335,-19.26705992,-5.166949971,5271.29887,-2906.617404,-2364.716199,No fault 
24.67454584,-18.72224341,-5.954271293,5278.517722,-2766.713602,-2511.838859,No fault 
24.89277062,-18.15902008,-6.735721697,5280.527739,-2624.079814,-2656.482679,No fault 
25.08650179,-17.5779453,-7.510529947,5277.327027,-2478.856873,-2798.504914,No fault 
25.25554871,-16.97959298,-8.27793144,5268.918655,-2331.188026,-2937.765404,No fault 
25.39974399,-16.36455316,-9.037168806,5255.311011,-2181.219075,-3074.126717,No fault 
25.51894588,-15.73343328,-9.787492809,5236.517434,-2029.09795,-3207.454279,No fault 
25.6130362,-15.08685571,-10.52816293,5212.556561,-1874.974848,-3337.616514,No fault 
25.68192262,-14.42545901,-11.25844826,5183.451949,-1719.001799,-3464.484966,No fault 
25.72553662,-13.74989543,-11.97762805,5149.23241,-1561.332799,-3587.934432,No fault 
25.74383571,-13.06083214,-12.68499261,5109.931625,-1402.123379,-3707.843081,No fault 
25.73680128,-12.3589487,-13.3798438,5065.588468,-1241.530729,-3824.09258,No fault 
25.70444081,-11.64493824,-14.06149594,5016.246613,-1079.713266,-3936.568202,No fault 
25.6467857,-10.91950494,-14.72927628,4961.954841,-916.8307517,-4045.15895,No fault 
25.56389338,-10.18336518,-15.38252584,4902.766644,-753.0438639,-4149.757655,No fault 
25.45584511,-9.437244986,-16.0205999,4838.740522,-588.5143087,-4250.261093,No fault 
25.32274807,-8.681881141,-16.6428688,4769.939573,-423.4043885,-4346.570078,No fault 
25.16473306,-7.918018638,-17.2487184,4696.431782,-257.8771152,-4438.589566,No fault 
24.98195657,-7.146411782,-17.83755083,4618.289607,-92.09577604,-4526.228743,No fault 
24.77459843,-6.36782159,-18.40878496,4535.59025,73.77595473,-4609.401122,No fault 
24.54286382,-5.583016902,-18.96185708,4448.415239,239.5744498,-4688.02462,No fault 
24.28698089,-4.792771762,-19.49622134,4356.850692,405.1360181,-4762.021646,No fault 
24.00720271,-3.997866509,-20.01135043,4260.986885,570.2973382,-4831.319173,No fault 
23.70380483,-3.199085156,-20.50673593,4160.918512,734.895348,-4895.848815,No fault 
23.37708722,-2.397216466,-20.981889,4056.74424,898.767677,-4955.546885,No fault 
23.02737177,-1.593051326,-21.43634069,3948.566965,1061.752535,-5010.354473,No fault 
22.65500414,-0.787383809,-21.86964254,3836.493356,1223.689144,-5060.217486,No fault 
22.26035127,0.018991448,-22.2813669,3720.634105,1384.417623,-5105.086719,No fault 
21.84380317,0.82527819,-22.67110749,3601.103463,1543.779422,-5144.917889,No fault 
21.4057704,1.630681168,-23.03847964,3478.019479,1701.617201,-5179.671689,No fault 
20.94668576,2.434405088,-23.38312084,3351.503537,1857.775262,-5209.313819,No fault 
20.46700178,3.235657231,-23.70469093,3221.680577,2012.099427,-5233.815029,No fault 
19.96719239,4.033646399,-24.0028726,3088.678634,2164.437465,-5253.151137,No fault 
19.4477503,4.82758553,-24.27737154,2952.62905,2314.638969,-5267.303061,No fault 
18.90918868,5.616690647,-24.5279169,2813.666004,2462.555775,-5276.256835,No fault 
18.35203847,6.400183452,-24.75426138,2671.926722,2608.041841,-5280.003623,No fault 
17.77685006,7.177290279,-24.95618164,2527.550997,2750.953656,-5278.539726,No fault 
17.18419055,7.947244671,-25.13347838,2380.681396,2891.150118,-5271.866591,No fault 
16.57464535,8.709286323,-25.28597666,2231.462778,3028.492934,-5259.990801,No fault 
15.94881549,9.462663644,-25.41352594,2080.042486,3162.846499,-5242.924079,No fault 
15.3073191,10.20663269,-25.5160004,1926.569871,3294.078287,-5220.683264,No fault 
14.65078874,10.9404597,-25.59329886,1771.196475,3422.058723,-5193.290309,No fault 
13.97987285,11.66342004,-25.64534508,1614.07555,3546.661572,-5160.772244,No fault 
13.29523301,12.37480067,-25.67208766,1455.362238,3667.763799,-5123.161163,No fault 
12.59754541,13.07389909,-25.67350024,1295.213087,3785.245957,-5080.494181,No fault 
11.88749805,13.76002584,-25.64958139,1133.786227,3898.99204,-5032.813409,No fault 
11.16579219,14.43250334,-25.60035476,971.2408854,4008.889859,-4980.165898,No fault 
10.43313954,15.09066838,-25.52586889,807.7375569,4114.830894,-4922.603608,No fault 
9.690263654,15.73387099,-25.42619732,643.4375167,4216.710658,-4860.183344,No fault 
8.937897145,16.36147685,-25.30143839,478.502992,4314.428544,-4792.966709,No fault 
8.176783026,16.97286614,-25.15171525,313.0966704,4407.88818,-4721.020035,No fault 
7.407671903,17.56743594,-24.97717562,147.3818709,4496.997269,-4644.414328,No fault 
6.631323314,18.14459904,-24.7779918,-18.47794899,4581.667935,-4563.225186,No fault 
5.848502902,18.70378629,-24.55436031,-184.3190228,4661.816554,-4477.532735,No fault 
5.059983731,19.2444454,-24.3065019,-349.9777681,4737.364093,-4387.42154,No fault 
4.266543459,19.76604324,-24.03466112,-515.2906171,4808.235932,-4292.980534,No fault 
3.468965627,20.26806462,-23.7391063,-680.0945085,4874.362193,-4194.302914,No fault 
2.668036835,20.75001455,-23.42012907,-844.2267185,4935.677553,-4091.486068,No fault 
1.864548013,21.21141696,-23.07804426,-1007.52535,4992.121566,-3984.63146,No fault 
1.059291595,21.65181694,-22.71318943,-1169.829166,5043.638464,-3873.844545,No fault 
0.253062782,22.07077943,-22.3259247,-1330.978074,5090.177469,-3759.234654,No fault 
-0.553343287,22.4678914,-21.91663219,-1490.812957,5131.692591,-3640.914896,No fault 
-1.35913028,22.84276052,-21.48571588,-1649.176159,5168.142921,-3519.002036,No fault 
-2.16350349,23.19501727,-21.03360099,-1805.911314,5199.492425,-3393.616388,No fault 
-2.965668593,23.52431358,-20.56073374,-1960.863823,5225.710228,-3264.881692,No fault 
-3.764834457,23.8303249,-20.06758076,-2113.880687,5246.770392,-3132.924996,No fault 
-4.560211895,24.11274882,-19.55462876,-2264.810978,5262.652198,-2997.876521,No fault 
-5.351016474,24.37130704,-19.02238394,-2413.505664,5273.339907,-2859.869548,No fault 
-6.136467262,24.60574397,-18.47137158,-2559.818082,5278.823037,-2719.04027,No fault 
-6.915789618,24.81582867,-17.90213544,-2703.60376,5279.096112,-2575.527671,No fault 
-7.688213943,25.00135339,-17.31523733,-2844.720878,5274.158927,-2429.473378,No fault 
-8.452978452,25.16213547,-16.71125639,-2983.030091,5264.01629,-2281.021531,No fault 
-9.209327913,25.29801581,-16.09078874,-3118.394985,5248.678275,-2130.318632,No fault 
-9.956516404,25.40886073,-15.45444665,-3250.681889,5228.159954,-1977.51341,No fault 
-10.69380604,25.49456043,-14.80285815,-3379.760335,5202.481641,-1822.756662,No fault 
-11.42046971,25.55503074,-14.13666626,-3505.502856,5171.668614,-1666.201116,No fault 
-12.13578978,25.59021157,-13.45652845,-3627.78544,5135.751343,-1508.001272,No fault 
-12.83906082,25.60006863,-12.76311591,-3746.487328,5094.765213,-1348.313256,No fault 
-13.52958828,25.58459176,-12.05711298,-3861.491457,5048.750735,-1187.294659,No fault 
-14.20669121,25.54379666,-11.33921638,-3972.684251,4997.753256,-1025.104389,No fault 
-14.86970088,25.47772317,-10.61013461,-4079.956056,4941.823167,-861.9025055,No fault 
-15.51796348,25.38643691,-9.870587153,-4183.200928,4881.015603,-697.8500718,No fault 
-16.15083877,25.27002756,-9.121303893,-4282.317057,4815.390636,-533.1089853,No fault 
-16.76770265,25.12861041,-8.363024244,-4377.206547,4745.012966,-367.841828,No fault 
-17.36794588,24.96232461,-7.596496573,-4467.775833,4669.952111,-202.2116963,No fault 
-17.95097658,24.77133469,-6.822477316,-4553.935456,4590.282084,-36.38204948,No fault 
-18.51621888,24.5558287,-6.041730371,-4635.600464,4506.081572,129.483461,No fault 
-19.06311544,24.31601974,-5.255026207,-4712.690186,4417.433609,295.2211435,No fault 
-19.59112605,24.05214406,-4.463141242,-4785.128622,4324.425742,460.6674373,No fault 
-20.09973013,23.7644625,-3.666856935,-4852.844206,4227.149696,625.6590645,No fault 
-20.58842524,23.45325853,-2.866959159,-4915.770189,4125.701533,790.0332008,No fault 
-21.05672961,23.1188397,-2.064237282,-4973.844392,4020.181308,953.6276262,No fault 
-21.50418058,22.76153563,-1.259483527,-5027.009581,3910.693218,1116.280895,No fault 
-21.93033706,22.38169933,-0.453492057,-5075.21321,3797.345255,1277.832486,No fault 
-22.334778,21.97970526,0.352941678,-5118.407787,3680.249338,1438.12297,No fault 
-22.71710475,21.55595055,1.15902186,-5156.550606,3559.520968,1596.994156,No fault 
-23.07693952,21.11085298,1.963952949,-5189.604101,3435.27935,1754.289261,No fault 
-23.41392769,20.64485221,2.76694061,-5217.535576,3307.647033,1909.853051,No fault 
-23.72773619,20.15840773,3.567192356,-5240.317544,3176.750037,2063.532006,No fault 
-24.01805583,19.652,4.363918469,-5257.927443,3042.71748,2215.17446,No fault 
-24.28459961,19.12612838,5.156332643,-5270.347972,2905.681696,2364.630763,No fault 
-24.52710498,18.58131226,5.943652893,-5277.566797,2765.777864,2511.753418,No fault 
-24.74533211,18.01808888,6.725102196,-5279.576869,2623.144112,2656.397234,No fault 
-24.93906615,17.4370145,7.499909389,-5276.37613,2477.921141,2798.419463,No fault 
-25.1081154,16.83866216,8.267309796,-5267.967814,2330.25233,2937.679949,No fault 
-25.25231353,16.22362275,9.026546119,-5254.360143,2180.28335,3074.041257,No fault 
-25.37151774,15.59250286,9.77686905,-5235.566621,2028.162261,3207.368815,No fault 
-25.46561088,14.94592572,10.51753814,-5211.605721,1874.039129,3337.531045,No fault 
-25.53449962,14.28452901,11.24782242,-5182.501164,1718.066116,3464.399493,No fault 
-25.57811644,13.60896588,11.9670012,-5148.281598,1560.397087,3587.848953,No fault 
-25.59641783,12.9199026,12.67436471,-5108.980868,1401.187703,3707.757599,No fault 
-25.58938619,12.21801962,13.3692149,-5064.637684,1240.595024,3824.007092,No fault 
-25.55702801,11.50400918,14.05086601,-5015.295884,1078.777596,3936.482711,No fault 
-25.49937568,10.77857636,14.71864537,-4961.004085,915.8950534,4045.073453,No fault 
-25.41648563,10.04243664,15.37189391,-4901.815943,752.108201,4149.672155,No fault 
-25.30844013,9.296316929,16.009967,-4837.789794,587.5786174,4250.175588,No fault 
-25.17534535,8.540953141,16.6322349,-4768.988899,422.4687326,4346.48457,No fault 
-25.0173331,7.777091136,17.23808354,-4695.481082,256.941431,4438.504052,No fault 
-24.83455885,7.00548435,17.82691499,-4617.338961,91.16012724,4526.143226,No fault 
-24.62720346,6.226894669,18.39814817,-4534.639577,-74.71163172,4609.3156,No fault 
-24.39547108,5.442090065,18.95121931,-4447.46462,-240.5100914,4687.939094,No fault 
-24.13959088,4.651845448,19.48558264,-4355.900046,-406.0716877,4761.936116,No fault 
-23.85981491,3.856940293,20.00071077,-4260.036294,-571.2329725,4831.23364,No fault 
-23.55641975,3.058159476,20.49609535,-4159.967894,-735.8310102,4895.763276,No fault 
-23.22970435,2.256290898,20.97124747,-4055.793676,-899.7033038,4955.461344,No fault 
-22.8799916,1.452126306,21.42569826,-3947.616374,-1062.68819,5010.268926,No fault 
-22.50762616,0.646458914,21.85899917,-3835.542819,-1224.624763,5060.131937,No fault 
-22.11297598,-0.159915782,22.27072264,-3719.683541,-1385.35327,5105.001164,No fault 
-21.69643007,-0.966202386,22.66046231,-3600.152952,-1544.715034,5144.832331,No fault 
-21.25839997,-1.771604791,23.02783358,-3477.068942,-1702.55284,5179.586126,No fault 
-20.7993175,-2.57532856,23.37247387,-3350.553053,-1858.710865,5209.228254,No fault 
-20.31963618,-3.376580118,23.69404309,-3220.730066,-2013.035058,5233.729459,No fault 
-19.81982895,-4.174569122,23.99222386,-3087.728176,-2165.37306,5253.065564,No fault 
-19.30038951,-4.968507657,24.26672195,-2951.678566,-2315.574592,5267.217483,No fault 
-18.76183003,-5.757612596,24.51726643,-2812.715573,-2463.491363,5276.171254,No fault 
-18.20468246,-6.541104794,24.74361006,-2670.976265,-2608.977456,5279.918038,No fault 
-17.62949619,-7.318211431,24.94552945,-2526.600593,-2751.889236,5278.454138,No fault 
-17.0368393,-8.088165204,25.12282535,-2379.730966,-2892.085724,5271.780998,No fault 
-16.42729623,-8.850206653,25.27532277,-2230.5124,-3029.428506,5259.905206,No fault 
-15.80146898,-9.603583343,25.40287124,-2079.092082,-3163.782097,5242.838478,No fault 
-15.1599747,-10.34755217,25.50534485,-1925.619519,-3295.01385,5220.597661,No fault 
-14.50344694,-11.08137855,25.5826425,-1770.246097,-3422.994313,5193.204701,No fault 
-13.83253315,-11.80433865,25.63468789,-1613.125224,-3547.597126,5160.686634,No fault 
-13.1478959,-12.51571863,25.66142967,-1454.411886,-3668.69938,5123.075548,No fault 
-12.45021039,-13.21481682,25.66284142,-1294.262787,-3786.181503,5080.408565,No fault 
-11.74016561,-13.9009429,25.63892179,-1132.835902,-3899.927612,5032.727788,No fault 
-11.01846182,-14.57342015,25.58969434,-970.2906115,-4009.825397,4980.080275,No fault 
-10.28581173,-15.23158452,25.5152077,-806.7872571,-4115.766457,4922.51798,No fault 
-9.542937919,-15.87478686,25.41553533,-642.4872685,-4217.646187,4860.097714,No fault 
-8.79057396,-16.50239204,25.29077563,-477.552718,-4315.364098,4792.881074,No fault 
-8.029461901,-17.11378105,25.1410517,-312.146448,-4408.8237,4720.934398,No fault 
-7.260353317,-17.70835016,24.96651133,-146.4316226,-4497.932814,4644.328687,No fault 
-6.484006777,-18.28551297,24.76732672,19.42814587,-4582.603446,4563.139542,No fault 
-5.701188892,-18.84469952,24.5436945,185.2692455,-4662.75209,4477.447087,No fault 
-4.912671761,-19.38535833,24.29583531,350.9279395,-4738.299595,4387.33589,No fault 
-4.119234003,-19.90695545,24.02399381,516.2408142,-4809.171459,4292.894879,No fault 
-3.321658201,-20.40897653,23.72843823,681.0446546,-4875.297686,4194.217258,No fault 
-2.520731913,-20.89092573,23.40946028,845.1768902,-4936.613071,4091.400407,No fault 
-1.717245111,-21.35232782,23.06737472,1008.475471,-4993.057049,3984.545797,No fault 
-0.911991185,-21.79272706,22.70251919,1170.779313,-5044.573972,3873.758878,No fault 
-0.105764382,-22.21168922,22.31525371,1331.92817,-5091.112943,3759.148985,No fault 
0.700639206,-22.60880045,21.90596051,1491.763078,-5132.62809,3640.829223,No fault 
1.506424198,-22.98366922,21.47504347,1650.12623,-5169.078386,3518.91636,No fault 
2.310794938,-23.33592522,21.02292789,1806.86141,-5200.427915,3393.530709,No fault 
3.11295805,-23.66522117,20.55005993,1961.813869,-5226.645683,3264.796011,No fault 
3.912121454,-23.97123173,20.05690626,2114.830758,-5247.705872,3132.83931,No fault 
4.707496911,-24.25365529,19.54395356,2265.760998,-5263.587643,2997.790834,No fault 
5.498299041,-24.51221273,19.01170807,2414.45571,-5274.275377,2859.783857,No fault 
6.283747856,-24.74664929,18.46069502,2560.768078,-5279.758472,2718.954577,No fault 
7.063067774,-24.95673321,17.89145822,2704.553781,-5280.031572,2575.441974,No fault 
7.835490136,-25.14225755,17.30455942,2845.670849,-5275.094352,2429.387679,No fault 
8.600252217,-25.30303883,16.70057784,2983.980087,-5264.95174,2280.935828,No fault 
9.356599724,-25.43891878,16.0801095,3119.344931,-5249.613691,2130.232928,No fault 
10.1037858,-25.5497629,15.44376677,3251.631861,-5229.095395,1977.427702,No fault 
10.84107349,-25.63546219,14.79217761,3380.710257,-5203.417047,1822.670952,No fault 
11.56773475,-25.69593169,14.12598509,3506.452803,-5172.604044,1666.115402,No fault 
12.28305288,-25.73111211,13.44584662,3628.735337,-5136.686739,1507.915557,No fault 
12.98632152,-25.74096835,12.75243346,3747.437251,-5095.700633,1348.227537,No fault 
13.67684706,-25.72549105,12.04642989,3862.44133,-5049.68612,1187.208938,No fault 
14.3539476,-25.68469512,11.32853267,3973.634149,-4998.688665,1025.018664,No fault 
15.01695535,-25.6186212,10.59945026,4080.905905,-4942.758543,861.8167793,No fault 
15.66521558,-25.5273341,9.859902207,4184.150802,-4881.951002,697.7643418,No fault 
16.29808895,-25.41092431,9.110618317,4283.266882,-4816.326,533.0232538,No fault 
16.91495047,-25.26950632,8.352338075,4378.156397,-4745.948354,367.7560928,No fault 
17.5151918,-25.10322006,7.585809784,4468.725634,-4670.887465,202.1259597,No fault 
18.09822014,-24.91222928,6.811789943,4554.885281,-4591.217462,36.29630922,No fault 
18.66346054,-24.69672283,6.031042387,4636.550241,-4507.016916,-129.5692027,No fault 
19.21035475,-24.45691301,5.244337648,4713.639987,-4418.368976,-295.3068888,No fault 
19.73836348,-24.19303686,4.45245208,4786.078375,-4325.361075,-460.753184,No fault 
20.24696521,-23.90535443,3.656167207,4853.793983,-4228.085053,-625.7448148,No fault 
20.73565845,-23.59414998,2.856268836,4916.719917,-4126.636855,-790.1189523,No fault 
21.20396049,-23.25973027,2.053546401,4974.794145,-4021.116654,-953.7133813,No fault 
21.65140959,-22.9024257,1.248792061,5027.959286,-3911.62853,-1116.366652,No fault 
22.07756375,-22.52258853,0.442800042,5076.16294,-3798.28059,-1277.918246,No fault 
22.48200282,-22.12059396,-0.36363427,5119.357468,-3681.18464,-1438.208731,No fault 
22.86432727,-21.69683835,-1.169714993,5157.500311,-3560.456292,-1597.079921,No fault 
23.22416018,-21.25174027,-1.974646651,5190.553759,-3436.21464,-1754.375027,No fault 
23.56114604,-20.7857386,-2.777634844,5218.485258,-3308.582346,-1909.938821,No fault 
23.8749527,-20.2992936,-3.57788715,5241.267178,-3177.685316,-2063.617776,No fault 
24.16527005,-19.79288497,-4.374613788,5258.877101,-3043.652782,-2215.260233,No fault 
24.43181199,-19.26701282,-5.167028514,5271.297583,-2906.616965,-2364.716538,No fault 
24.67431507,-18.72219578,-5.954349281,5278.516431,-2766.713155,-2511.839196,No fault 
24.89254037,-18.15897187,-6.735799127,5280.526457,-2624.079369,-2656.483013,No fault 
25.08627213,-17.57789657,-7.510606828,5277.325741,-2478.856421,-2798.505246,No fault 
25.25531956,-16.97954368,-8.278007771,5268.917378,-2331.187576,-2937.765733,No fault 
25.39951542,-16.36450334,-9.037244595,5255.309731,-2181.218618,-3074.127044,No fault 
25.51871782,-15.7333829,-9.787568054,5236.516162,-2029.097495,-3207.454603,No fault 
25.6128087,-15.08680482,-10.52823764,5212.555286,-1874.974386,-3337.616836,No fault 
25.68169562,-14.42540755,-11.25852243,5183.450682,-1719.001339,-3464.485285,No fault 
25.72531019,-13.74984347,-11.9777017,5149.231139,-1561.332332,-3587.934749,No fault 
25.74360978,-13.06077963,-12.68506572,5109.930362,-1402.122915,-3707.843395,No fault 
25.7365759,-12.35889569,-13.3799164,5065.587202,-1241.530258,-3824.092892,No fault 
25.70421592,-11.64488468,-14.06156801,5016.245355,-1079.712796,-3936.568511,No fault 
25.64656135,-10.9194509,-14.72934783,4961.95358,-916.8302756,-4045.159257,No fault 
25.56366951,-10.1833106,-15.38259687,4902.765391,-753.0433897,-4149.757959,No fault 
25.45562179,-9.437189917,-16.02067042,4838.739266,-588.513828,-4250.261395,No fault 
25.32252523,-8.681825537,-16.64293881,4769.938325,-423.4039097,-4346.570378,No fault 
25.16451076,-7.917962559,-17.24878791,4696.430531,-257.8766299,-4438.589864,No fault 
24.98173474,-7.146355172,-17.83761984,4618.288363,-92.09529262,-4526.229039,No fault 
24.77437713,-6.367764512,-18.40885347,4535.589003,73.77644467,-4609.401415,No fault 
24.54264298,-5.582959301,-18.96192509,4448.414,239.5749378,-4688.024911,No fault 
24.28676058,-4.792713698,-19.49628886,4356.849449,405.1365125,-4762.021935,No fault 
24.00698285,-3.997807927,-20.01141745,4260.985651,570.2978306,-4831.31946,No fault 
23.7035855,-3.199026118,-20.50680247,4160.917274,734.8958469,-4895.849099,No fault 
23.37686834,-2.397156916,-20.98195506,4056.74301,898.7681738,-4955.547167,No fault 
23.0271534,-1.592991325,-21.43640627,3948.565731,1061.753038,-5010.354752,No fault 
22.65478621,-0.787323303,-21.86970764,3836.492131,1223.689645,-5060.217764,No fault 
22.26013385,0.019052399,-22.28143152,3720.632876,1384.418131,-5105.086995,No fault 
21.84358619,0.82533964,-22.67117164,3601.102242,1543.779928,-5144.918162,No fault 
21.40555392,1.630743057,-23.03854332,3478.018255,1701.617713,-5179.67196,No fault 
20.94646971,2.434467471,-23.38318405,3351.502319,1857.775772,-5209.314088,No fault 
20.46678623,3.235720047,-23.70475368,3221.679356,2012.099943,-5233.815296,No fault 
19.96697727,4.033709703,-24.00293489,3088.677421,2164.437979,-5253.151401,No fault 
19.44753567,4.827649262,-24.27743338,2952.627834,2314.639489,-5267.303324,No fault 
18.90897447,5.616754861,-24.52797828,2813.664795,2462.556293,-5276.257095,No fault 
18.35182475,6.400248088,-24.75432231,2671.92551,2608.042366,-5280.003881,No fault 
17.77663675,7.177355392,-24.95624212,2527.549793,2750.954179,-5278.539983,No fault 
17.18397772,7.947310201,-25.13353841,2380.680189,2891.150646,-5271.866845,No fault 
16.57443294,8.709352323,-25.28603624,2231.461577,3028.493461,-5259.991053,No fault 
15.94860355,9.462730055,-25.41358509,2080.041283,3162.847031,-5242.924329,No fault 
15.30710756,10.20669957,-25.5160591,1926.568675,3294.078818,-5220.683512,No fault 
14.65057767,10.94052699,-25.59335713,1771.195276,3422.05926,-5193.290555,No fault 
13.97966218,11.66348778,-25.64540292,1614.074357,3546.662106,-5160.772488,No fault 
13.29502281,12.37486881,-25.67214506,1455.361042,3667.764339,-5123.161405,No fault 
12.5973356,13.07396769,-25.67355721,1295.211898,3785.246495,-5080.494422,No fault 
11.8872887,13.76009484,-25.64963794,1133.785035,3898.992584,-5032.813647,No fault 
11.16558323,14.43257278,-25.60041089,971.2397007,4008.890401,-4980.166135,No fault 
10.43293103,15.09073822,-25.5259246,807.736369,4114.831442,-4922.603843,No fault 
9.690055527,15.73394127,-25.42625261,643.4363358,4216.711204,-4860.183577,No fault 
8.937689466,16.36154751,-25.30149327,478.5018079,4314.429096,-4792.96694,No fault 
8.176575726,16.97293724,-25.15176971,313.0954933,4407.88873,-4721.020264,No fault 
7.407465046,17.56750742,-24.97722968,147.3806905,4496.997825,-4644.414555,No fault 
6.631116832,18.14467095,-24.77804545,-18.47912231,4581.668488,-4563.225411,No fault 
5.848296857,18.70385858,-24.55441356,-184.3201994,4661.817113,-4477.532958,No fault 
5.059778056,19.24451812,-24.30655474,-349.9789377,4737.36465,-4387.421762,No fault 
4.266338215,19.76611633,-24.03471357,-515.29179,4808.236495,-4292.980753,No fault 
3.468760749,20.26813814,-23.73915835,-680.0956745,4874.362754,-4194.303132,No fault 
2.667832384,20.75008843,-23.42018072,-844.2278877,4935.67812,-4091.486284,No fault 
1.864343922,21.21149126,-23.07809552,-1007.526513,4992.12213,-3984.631674,No fault 
1.059087926,21.6518916,-22.71324031,-1169.830332,5043.639034,-3873.844758,No fault 
0.252859469,22.0708545,-22.32597518,-1330.979233,5090.178037,-3759.234865,No fault 
-0.553546183,22.46796683,-21.91668229,-1490.814119,5131.693164,-3640.915105,No fault 
-1.359332824,22.84283635,-21.4857656,-1649.177314,5168.143493,-3519.002243,No fault 
-2.163705623,23.19509345,-21.03365033,-1805.912472,5199.493002,-3393.616594,No fault 
-2.965870379,23.52439016,-20.5607827,-1960.864975,5225.710803,-3264.881896,No fault 
-3.765035835,23.83040184,-20.06762934,-2113.881842,5246.770973,-3132.925198,No fault 
-4.560412931,24.11282615,-19.55467697,-2264.812126,5262.652776,-2997.876722,No fault 
-5.351217108,24.37138472,-19.02243178,-2413.506815,5273.340491,-2859.869747,No fault 
-6.136667558,24.60582204,-18.47141905,-2559.819227,5278.823619,-2719.040467,No fault 
-6.915989515,24.81590708,-17.90218255,-2703.604908,5279.096699,-2575.527866,No fault 
-7.688413507,25.00143219,-17.31528407,-2844.72202,5274.159512,-2429.473571,No fault 
-8.453177623,25.16221461,-16.71130277,-2983.031236,5264.016881,-2281.021723,No fault 
-9.209526755,25.29809533,-16.09083475,-3118.396123,5248.678863,-2130.318823,No fault 
-9.956714857,25.40894058,-15.45449231,-3250.683031,5228.160548,-1977.513599,No fault 
-10.69400417,25.49464065,-14.80290346,-3379.76147,5202.482233,-1822.756849,No fault 
-11.42066745,25.55511129,-14.13671121,-3505.503994,5171.669211,-1666.201301,No fault 
-12.1359872,25.5902925,-13.45657305,-3627.786571,5135.751938,-1508.001456,No fault 
-12.83925786,25.60014988,-12.76316016,-3746.488463,5094.765814,-1348.313438,No fault 
-13.52978501,25.58467338,-12.05715689,-3861.492586,5048.751333,-1187.29484,No fault 
-14.20688756,25.5438786,-11.33925994,-3972.685383,4997.753859,-1025.104568,No fault 
-14.86989692,25.47780547,-10.61017783,-4079.957181,4941.823769,-861.902683,No fault 
-15.51815915,25.38651953,-9.870630036,-4183.202057,4881.01621,-697.8502476,No fault 
-16.15103413,25.27011054,-9.121346435,-4282.318179,4815.39124,-533.1091597,No fault 
-16.76789765,25.1286937,-8.363066452,-4377.207673,4745.013575,-367.8420007,No fault 
-17.36814057,24.96240826,-7.596538446,-4467.776953,4669.952718,-202.2118676,No fault 
-17.95117091,24.77141864,-6.822518859,-4553.936578,4590.282696,-36.38221914,No fault 
-18.51641291,24.555913,-6.041771582,-4635.60158,4506.082182,129.4832927,No fault 
-19.06330911,24.31610435,-5.255067093,-4712.691306,4417.434225,295.2209768,No fault 
-19.59131942,24.05222902,-4.4631818,-4785.129736,4324.426355,460.667272,No fault 
-20.09992314,23.76454775,-3.666897172,-4852.845323,4227.150315,625.6589009,No fault 
-20.58861797,23.45334413,-2.866999072,-4915.771299,4125.702149,790.0330384,No fault 
-21.05692198,23.11892559,-2.064276877,-4973.845505,4020.181929,953.6274654,No fault 
-21.50437266,22.76162186,-1.259522803,-5027.010688,3910.693838,1116.280736,No fault 
-21.9305288,22.38178586,-0.453531019,-5075.214321,3797.345879,1277.832328,No fault 
-22.33496945,21.97979213,0.352903033,-5118.408892,3680.249961,1438.122813,No fault 
-22.71729586,21.5560377,1.158983524,-5156.551714,3559.521596,1596.994002,No fault 
-23.07713036,21.11094046,1.963914925,-5189.605203,3435.279975,1754.289108,No fault 
-23.41411818,20.64493997,2.766902892,-5217.536682,3307.647663,1909.852899,No fault 
-23.72792641,20.15849582,3.567154946,-5240.318643,3176.750664,2063.531855,No fault 
-24.01824571,19.65208837,4.363881362,-5257.928545,3042.718112,2215.17431,No fault 
-24.28478922,19.12621708,5.15629584,-5270.349068,2905.682327,2364.630615,No fault 
-24.52729425,18.58140123,5.943616388,-5277.567896,2765.7785,2511.753271,No fault 
-24.74552112,18.01817818,6.725065992,-5279.577963,2623.144745,2656.397088,No fault 
-24.93925483,17.43710406,7.499873479,-5276.377227,2477.92178,2798.419319,No fault 
-25.10830381,16.83875204,8.267274183,-5267.968905,2330.252966,2937.679807,No fault 
-25.25250162,16.2237129,9.026510797,-5254.361237,2180.283991,3074.041115,No fault 
-25.37170557,15.59259332,9.776834022,-5235.567709,2028.1629,3207.368675,No fault 
-25.46579839,14.94601644,10.5175034,-5211.606812,1874.039773,3337.530906,No fault 
-25.53468687,14.28462005,11.24778796,-5182.50225,1718.066757,3464.399355,No fault 
-25.57830337,13.60905718,11.96696703,-5148.282687,1560.397733,3587.848817,No fault 
-25.5966045,12.91999421,12.67433083,-5108.981951,1401.188347,3707.757464,No fault 
-25.58957256,12.21811148,13.3691813,-5064.63877,1240.595673,3824.006959,No fault 
-25.55721412,11.50410135,14.0508327,-5015.296964,1078.778242,3936.482579,No fault 
-25.49956148,10.77866877,14.71861233,-4961.005168,915.8957048,4045.073322,No fault 
-25.41667118,10.04252936,15.37186115,-4901.81702,752.10885,4149.672025,No fault 
-25.30862538,9.296409897,16.00993451,-4837.790875,587.5792713,4250.17546,No fault 
-25.17553035,8.541046406,16.63220269,-4768.989974,422.4693841,4346.484443,No fault 
-25.0175178,7.777184647,17.2380516,-4695.48216,256.9420874,4438.503927,No fault 
-24.83474331,7.005578155,17.82688332,-4617.340033,91.16078114,4526.143102,No fault 
-24.62738762,6.226988717,18.39811677,-4534.640653,-74.71097291,4609.315477,No fault 
-24.395655,5.442184404,18.95118818,-4447.46569,-240.5094351,4687.938972,No fault 
-24.1397745,4.651940026,19.48555177,-4355.90112,-406.0710265,4761.935995,No fault 
-23.8599983,3.857035159,20.00068016,-4260.037361,-571.2323137,4831.23352,No fault 
-23.55660285,3.058254578,20.49606501,-4159.968965,-735.8303466,4895.763157,No fault 
-23.22988722,2.256386284,20.97121739,-4055.794741,-899.7026426,4955.461226,No fault 
-22.88017418,1.452221924,21.42566843,-3947.617442,-1062.687524,5010.26881,No fault 
-22.50780851,0.646554813,21.85896961,-3835.543882,-1224.6241,5060.131822,No fault 
-22.11315804,-0.159819653,22.27069333,-3719.684607,-1385.352602,5105.001051,No fault 
-21.6966119,-0.966105979,22.66043325,-3600.154013,-1544.714368,5144.832219,No fault 
-21.25858152,-1.771508157,23.02780477,-3477.070006,-1702.55217,5179.586015,No fault 
-20.79949882,-2.575231652,23.37244531,-3350.554111,-1858.710197,5209.228144,No fault 
-20.31981723,-3.376482987,23.69401478,-3220.731128,-2013.034385,5233.72935,No fault 
-19.82000978,-4.174471719,23.99219581,-3087.729232,-2165.37239,5253.065456,No fault 
-19.30057006,-4.968410033,24.26669414,-2951.679625,-2315.573916,5267.217377,No fault 
-18.76201037,-5.757514704,24.51723886,-2812.716627,-2463.49069,5276.171148,No fault 
-18.20486253,-6.541006684,24.74358274,-2670.977322,-2608.976779,5279.917933,No fault 
-17.62967604,-7.318113056,24.94550237,-2526.601644,-2751.888561,5278.454034,No fault 
-17.03701888,-8.088066614,25.12279852,-2379.732021,-2892.085045,5271.780896,No fault 
-16.4274756,-8.850107801,25.27529617,-2230.513449,-3029.427828,5259.905104,No fault 
-15.80164808,-9.60348428,25.40284488,-2079.093135,-3163.781415,5242.838378,No fault 
-15.16015359,-10.34745285,25.50531872,-1925.620566,-3295.013171,5220.597562,No fault 
-14.50362557,-11.08127902,25.58261661,-1770.247148,-3422.993629,5193.204603,No fault 
-13.83271157,-11.80423887,25.63466223,-1613.126269,-3547.596445,5160.686537,No fault 
-13.14807406,-12.51561864,25.66140424,-1454.412934,-3668.698694,5123.075453,No fault 
-12.45038835,-13.21471657,25.66281623,-1294.26383,-3786.18082,5080.40847,No fault 
-11.74034331,-13.90084245,25.63889682,-1132.836948,-3899.926924,5032.727694,No fault 
-11.01863932,-14.57331945,25.5896696,-970.2916522,-4009.824711,4980.080182,No fault 
-10.28598898,-15.23148362,25.51518318,-806.7883012,-4115.765767,4922.517889,No fault 
-9.543114965,-15.87468571,25.41551104,-642.4883071,-4217.645499,4860.097623,No fault 
-8.790750754,-16.50229069,25.29075157,-477.55376,-4315.363406,4792.880984,No fault 
-8.0296385,-17.11367946,25.14102786,-312.1474845,-4408.82301,4720.93431,No fault 
-7.260529666,-17.70824837,24.9664877,-146.4326626,-4497.93212,4644.328599,No fault 
-6.484182934,-18.28541094,24.76730332,19.42711136,-4582.602754,4563.139455,No fault 
-5.701364802,-18.84459729,24.54367131,185.2682075,-4662.751394,4477.447001,No fault 
-4.912847481,-19.38525586,24.29581234,350.926907,-4738.298901,4387.335805,No fault 
-4.11940948,-19.9068528,24.02397105,516.2397783,-4809.170761,4292.894795,No fault 
-3.321833491,-20.40887364,23.72841569,681.043624,-4875.29699,4194.217175,No fault 
-2.520906961,-20.89082266,23.40943795,845.1758562,-4936.612371,4091.400326,No fault 
-1.717419974,-21.35222451,23.0673526,1008.474443,-4993.056352,3984.545716,No fault 
-0.91216581,-21.79262357,22.70249728,1170.778281,-5044.57327,3873.758798,No fault 
-0.105938825,-22.2115855,22.31523201,1331.927143,-5091.112244,3759.148906,No fault 
0.700464999,-22.60869654,21.90593902,1491.762048,-5132.627386,3640.829145,No fault 
1.50625017,-22.98356509,21.47502219,1650.125205,-5169.077685,3518.916283,No fault 
2.310621144,-23.3358209,21.02290681,1806.860381,-5200.427209,3393.530633,No fault 
3.112784433,-23.66511663,20.55003905,1961.812846,-5226.64498,3264.795936,No fault 
3.911948067,-23.97112702,20.05688559,2114.829732,-5247.705164,3132.839236,No fault 
4.707323699,-24.25355035,19.54393309,2265.759977,-5263.586938,2997.790761,No fault 
5.498126057,-24.51210762,19.01168779,2414.454685,-5274.274668,2859.783784,No fault 
6.283575045,-24.74654395,18.46067494,2560.767059,-5279.757765,2718.954505,No fault 
7.062895188,-24.9566277,17.89143834,2704.552758,-5280.030861,2575.441903,No fault 
7.83531772,-25.14215182,17.30453974,2845.669832,-5275.093644,2429.387609,No fault 
8.600080024,-25.30293294,16.70055835,2983.979067,-5264.951027,2280.935759,No fault 
9.356427699,-25.43881266,16.08009021,3119.343915,-5249.61298,2130.23286,No fault 
10.10361399,-25.54965662,15.44374767,3251.630842,-5229.09468,1977.427635,No fault 
10.84090185,-25.63535569,14.7921587,3380.709243,-5203.416335,1822.670886,No fault 
11.56756333,-25.69582503,14.12596637,3506.451786,-5172.603327,1666.115337,No fault 
12.28288162,-25.73100524,13.44582809,3628.734325,-5136.686025,1507.915492,No fault 
12.98615048,-25.74086131,12.75241512,3747.436235,-5095.699915,1348.227474,No fault 
13.67667618,-25.72538381,12.04641173,3862.44032,-5049.685405,1187.208876,No fault 
14.35377693,-25.68458772,11.3285147,3973.633135,-4998.687946,1025.018603,No fault 
15.01678484,-25.61851359,10.59943248,4080.904896,-4942.757825,861.8167183,No fault 
15.66504528,-25.52722634,9.8598846,4184.14979,-4881.950281,697.7642817,No fault 
16.29791881,-25.41081633,9.110600894,4283.265875,-4816.325282,533.0231945,No fault 
16.91478054,-25.26939819,8.352320831,4378.155386,-4745.947631,367.7560345,No fault 
17.51502202,-25.10311173,7.585792721,4468.724629,-4670.886744,202.125902,No fault 
18.09805057,-24.9121208,6.811773057,4554.884272,-4591.216737,36.29625248,No fault 
18.66329112,-24.69661415,6.03102568,4636.549237,-4507.016194,-129.5692587,No fault 
19.21018554,-24.45680418,5.244321116,4713.63898,-4418.36825,-295.3069439,No fault 
19.73819441,-24.19292783,4.452435725,4786.077373,-4325.360351,-460.7532384,No fault 
20.24679635,-23.90524524,3.656151025,4853.792978,-4228.084325,-625.7448683,No fault 
20.73548974,-23.5940406,2.856252829,4916.718917,-4126.63613,-790.1190052,No fault 
21.20379197,-23.25962075,2.053530564,4974.793141,-4021.115924,-953.7134332,No fault 
21.65124122,-22.90231599,1.248776397,5027.958287,-3911.627803,-1116.366703,No fault 
22.07739557,-22.52247866,0.442784546,5076.161937,-3798.279859,-1277.918297,No fault 
22.4818348,-22.1204839,-0.363649596,5119.356471,-3681.183911,-1438.208781,No fault 
22.86415943,-21.69672815,-1.169730152,5157.499311,-3560.45556,-1597.07997,No fault 
23.22399249,-21.25162988,-1.974661641,5190.552763,-3436.21391,-1754.375075,No fault 
23.56097855,-20.78562807,-2.77764967,5218.484259,-3308.581612,-1909.938868,No fault 
23.87478534,-20.29918288,-3.57790181,5241.266184,-3177.684584,-2063.617823,No fault 
24.16510288,-19.79277411,-4.374628286,5258.876104,-3043.652046,-2215.260279,No fault 
24.43164496,-19.26690178,-5.167042847,5271.29659,-2906.616232,-2364.716583,No fault 
24.67414823,-18.7220846,-5.954363454,5278.515435,-2766.712418,-2511.83924,No fault 
24.89237367,-18.15886051,-6.735813138,5280.525465,-2624.078635,-2656.483057,No fault 
25.08610561,-17.57778507,-7.510620681,5277.324747,-2478.855683,-2798.505289,No fault 
25.25515318,-16.979432,-8.278021463,5268.916388,-2331.18684,-2937.765775,No fault 
25.39934922,-16.36439153,-9.037258131,5255.308737,-2181.217878,-3074.127085,No fault 
25.51855175,-15.73327091,-9.787581432,5236.515174,-2029.096758,-3207.454644,No fault 
25.61264282,-15.0866927,-10.52825086,5212.554294,-1874.973645,-3337.616876,No fault 
25.68152987,-14.42529526,-11.2585355,5183.449695,-1719.0006,-3464.485324,No fault 
25.72514462,-13.74973105,-11.97771461,5149.230149,-1561.33159,-3587.934787,No fault 
25.74344433,-13.06066703,-12.68507848,5109.929377,-1402.122175,-3707.843433,No fault 
25.73641064,-12.35878296,-13.379929,5065.586214,-1241.529514,-3824.092929,No fault 
25.70405078,-11.64477178,-14.06158047,5016.244371,-1079.712055,-3936.568548,No fault 
25.64639639,-10.91933787,-14.72936014,4961.952592,-916.8295303,-4045.159292,No fault 
25.56350468,-10.1831974,-15.38260903,4902.764408,-753.0426469,-4149.757995,No fault 
25.45545713,-9.437076593,-16.02068244,4838.73828,-588.5130813,-4250.26143,No fault 
25.32236069,-8.681712044,-16.64295068,4769.937343,-423.4031656,-4346.570412,No fault 
25.1643464,-7.917848942,-17.24879963,4696.429546,-257.8758819,-4438.589897,No fault 
24.9815705,-7.14624139,-17.83763141,4618.287383,-92.09454716,-4526.229071,No fault 
24.77421306,-6.367650608,-18.4088649,4535.588019,73.77719398,-4609.401447,No fault 
24.54247903,-5.582845232,-18.96193637,4448.413021,239.5756845,-4688.024942,No fault 
24.2865968,-4.792599509,-19.4963,4356.848467,405.1372631,-4762.021965,No fault 
24.00681919,-3.997693576,-20.01142845,4260.984673,570.2985787,-4831.31949,No fault 
23.703422,-3.198911648,-20.50681333,4160.916293,734.8965988,-4895.849128,No fault 
23.37670496,-2.397042286,-20.98196577,4056.742034,898.7689232,-4955.547196,No fault 
23.02699018,-1.592876578,-21.43641684,3948.564752,1061.753792,-5010.35478,No fault 
22.65462311,-0.787208397,-21.86971807,3836.491156,1223.690396,-5060.217791,No fault 
22.25997091,0.01916742,-22.28144182,3720.631898,1384.418885,-5105.087021,No fault 
21.84342337,0.825454818,-22.6711818,3601.101268,1543.780679,-5144.918188,No fault 
21.40539126,1.630858349,-23.03855335,3478.017278,1701.618469,-5179.671985,No fault 
20.94630716,2.434582918,-23.38319394,3351.501347,1857.776525,-5209.314113,No fault 
20.46662384,3.235835606,-23.70476344,3221.678381,2012.1007,-5233.81532,No fault 
19.96681499,4.033825416,-24.00294451,3088.67645,2164.438733,-5253.151425,No fault 
19.44737355,4.827765085,-24.27744287,2952.626859,2314.640247,-5267.303347,No fault 
18.90881246,5.616870835,-24.52798764,2813.663826,2462.557049,-5276.257118,No fault 
18.35166289,6.400364172,-24.75433154,2671.924537,2608.043125,-5280.003903,No fault 
17.77647501,7.177471625,-24.95625121,2527.548824,2750.954936,-5278.540004,No fault 
17.18381613,7.947426541,-25.13354738,2380.679217,2891.151407,-5271.866866,No fault 
16.57427145,8.709468812,-25.28604508,2231.46061,3028.494218,-5259.991073,No fault 
15.94844222,9.46284665,-25.4135938,2080.040312,3162.847793,-5242.924348,No fault 
15.30694634,10.20681631,-25.51606769,1926.567708,3294.079577,-5220.683531,No fault 
14.6504166,10.94064383,-25.59336559,1771.194306,3422.060022,-5193.290573,No fault 
13.97950121,11.66360477,-25.64541125,1614.073392,3546.662866,-5160.772506,No fault 
13.29486199,12.3749859,-25.67215327,1455.360074,3667.765103,-5123.161422,No fault 
12.59717488,13.07408493,-25.6735653,1295.210934,3785.247257,-5080.494438,No fault 
11.88712813,13.76021217,-25.64964591,1133.784068,3898.993349,-5032.813663,No fault 
11.16542275,14.43269026,-25.60041873,971.238738,4008.891164,-4980.16615,No fault 
10.4327707,15.0908558,-25.52593232,807.7354029,4114.832208,-4922.603858,No fault 
9.689895299,15.73405899,-25.42626021,643.4353742,4216.711968,-4860.183591,No fault 
8.937529384,16.36166533,-25.30150074,478.5008429,4314.429863,-4792.966953,No fault 
8.176415741,16.9730552,-25.15177707,313.0945328,4407.889495,-4721.020278,No fault 
7.407305205,17.56762548,-24.97723692,147.3797267,4496.998593,-4644.414568,No fault 
6.630957085,18.14478915,-24.77805257,-18.48008172,4581.669254,-4563.225423,No fault 
5.848137253,18.70397687,-24.55442056,-184.3211621,4661.817882,-4477.532969,No fault 
5.059618546,19.24463654,-24.30656163,-349.979896,4737.365417,-4387.421773,No fault 
4.266178847,19.76623485,-24.03472034,-515.2927517,4808.237265,-4292.980764,No fault 
3.468601473,20.26825679,-23.739165,-680.0966317,4874.363522,-4194.303142,No fault 
2.667673247,20.75020717,-23.42018727,-844.2288483,4935.678891,-4091.486294,No fault 
1.864184877,21.21161013,-23.07810195,-1007.527469,4992.122899,-3984.631683,No fault 
1.058929019,21.65201057,-22.71324662,-1169.831292,5043.639806,-3873.844766,No fault 
0.252700652,22.0709736,-22.32598138,-1330.980188,5090.178807,-3759.234873,No fault 
-0.553704864,22.46808602,-21.91668838,-1490.815077,5131.693938,-3640.915112,No fault 
-1.359491417,22.84295567,-21.48577158,-1649.178268,5168.144264,-3519.00225,No fault 
-2.16386408,23.19521286,-21.0336562,-1805.91343,5199.493777,-3393.6166,No fault 
-2.966028749,23.5245097,-20.56078846,-1960.865928,5225.711575,-3264.881902,No fault 
-3.765194071,23.83052146,-20.06763499,-2113.882799,5246.771748,-3132.925203,No fault 
-4.560571082,24.11294591,-19.55468251,-2264.813078,5262.653549,-2997.876727,No fault 
-5.351375126,24.37150456,-19.02243721,-2413.507771,5273.341267,-2859.869751,No fault 
-6.136825491,24.605942,-18.47142438,-2559.820178,5278.824392,-2719.040471,No fault 
-6.916147317,24.81602713,-17.90218777,-2703.605862,5279.097477,-2575.527869,No fault 
-7.688571226,25.00155237,-17.31528918,-2844.72297,5274.160287,-2429.473574,No fault 
-8.453335212,25.16233486,-16.71130779,-2983.032189,5264.017659,-2281.021725,No fault 
-9.209684262,25.29821571,-16.09083966,-3118.397072,5248.679639,-2130.318825,No fault 
-9.956872236,25.40906104,-15.45449711,-3250.683984,5228.161328,-1977.5136,No fault 
-10.69416147,25.49476124,-14.80290816,-3379.762418,5202.48301,-1822.75685,No fault 
-11.42082462,25.55523196,-14.13671581,-3505.504946,5171.669991,-1666.201302,No fault 
-12.13614429,25.59041329,-13.45657755,-3627.787519,5135.752716,-1508.001456,No fault 
-12.83941482,25.60027075,-12.76316456,-3746.489414,5094.766595,-1348.313438,No fault 
-13.5299419,25.58479437,-12.05716118,-3861.493532,5048.752111,-1187.294839,No fault 
-14.20704432,25.54399966,-11.33926414,-3972.686333,4997.754641,-1025.104567,No fault 
-14.8700536,25.47792666,-10.61018192,-4079.958127,4941.824548,-861.9026813,No fault 
-15.51831571,25.38664079,-9.870634034,-4183.203006,4881.016993,-697.8502453,No fault 
-16.15119061,25.27023192,-9.121350334,-4282.319124,4815.39202,-533.1091571,No fault 
-16.76805401,25.12881515,-8.363070256,-4377.208621,4745.014359,-367.8419975,No fault 
-17.36829686,24.96252983,-7.59654215,-4467.777896,4669.953499,-202.2118641,No fault 
-17.95132708,24.77154028,-6.822522469,-4553.937525,4590.283481,-36.38221509,No fault 
-18.516569,24.55603476,-6.041775095,-4635.602523,4506.082964,129.4832971,No fault 
-19.06346508,24.31622618,-5.255070513,-4712.692252,4417.43501,295.2209817,No fault 
-19.59147533,24.05235097,-4.463185123,-4785.130677,4324.427138,460.6672772,No fault 
-20.10007893,23.76466977,-3.666900403,-4852.846268,4227.151101,625.6589066,No fault 
-20.58877368,23.45346626,-2.867002208,-4915.77224,4125.702933,790.0330445,No fault 
-21.05707758,23.11904779,-2.064279922,-4973.846449,4020.182716,953.6274721,No fault 
-21.50452819,22.76174417,-1.259525754,-5027.011628,3910.694622,1116.280743,No fault 
-21.93068421,22.38190824,-0.453533881,-5075.215264,3797.346667,1277.832336,No fault 
-22.33512479,21.97991462,0.352900263,-5118.409831,3680.250746,1438.122821,No fault 
-22.71745109,21.55616026,1.158980843,-5156.552656,3559.522384,1596.99401,No fault 
-23.07728551,21.11106313,1.963912336,-5189.606141,3435.280761,1754.289116,No fault 
-23.41427322,20.64506271,2.76690039,-5217.537623,3307.648452,1909.852908,No fault 
-23.72808138,20.15861866,3.567152535,-5240.31958,3176.751451,2063.531864,No fault 
-24.01840058,19.65221128,4.363879037,-5257.929486,3042.718903,2215.17432,No fault 
-24.28494402,19.1263401,5.156293604,-5270.350005,2905.683115,2364.630625,No fault 
-24.52744894,18.58152431,5.943614239,-5277.568836,2765.779291,2511.753282,No fault 
-24.74567574,18.01830137,6.72506393,-5279.578899,2623.145534,2656.397099,No fault 
-24.93940934,17.43722732,7.499871502,-5276.378166,2477.922571,2798.419331,No fault 
-25.10845826,16.83887539,8.267272293,-5267.96984,2330.253755,2937.679818,No fault 
-25.25265595,16.22383632,9.026508991,-5254.362175,2180.284783,3074.041128,No fault 
-25.37185984,15.59271685,9.776832301,-5235.568644,2028.16369,3207.368688,No fault 
-25.46595256,14.94614003,10.51750176,-5211.60775,1874.040566,3337.530919,No fault 
-25.53484097,14.28474374,11.24778641,-5182.503183,1718.067548,3464.399369,No fault 
-25.57845737,13.60918093,11.96696556,-5148.283623,1560.398527,3587.848831,No fault 
-25.59675844,12.92011806,12.67432944,-5108.982884,1401.189138,3707.757478,No fault 
-25.58972639,12.21823539,13.36917999,-5064.639706,1240.596468,3824.006973,No fault 
-25.55736789,11.50422536,14.05083147,-5015.297896,1078.779035,3936.482594,No fault 
-25.49971515,10.77879285,14.71861118,-4961.006104,915.8965003,4045.073338,No fault 
-25.41682479,10.04265354,15.37186008,-4901.817952,752.109643,4149.672041,No fault 
-25.30877888,9.29653413,16.00993352,-4837.791809,587.5800675,4250.175476,No fault 
-25.1756838,8.541170737,16.63220178,-4768.990905,422.4701778,4346.484459,No fault 
-25.01767114,7.777309036,17.23805077,-4695.483094,256.9428843,4438.503943,No fault 
-24.8348966,7.005702641,17.82688257,-4617.340963,91.16157564,4526.143119,No fault 
-24.6275408,6.22711326,18.39811609,-4534.641586,-74.71017529,4609.315494,No fault 
-24.39580813,5.442309043,18.95118759,-4447.466619,-240.5086399,4687.93899,No fault 
-24.13992753,4.652064722,19.48555126,-4355.902052,-406.0702282,4761.936013,No fault 
-23.86015127,3.857159948,20.00067972,-4260.03829,-571.2315178,4831.233538,No fault 
-23.55675572,3.058379424,20.49606464,-4159.969896,-735.8295476,4895.763176,No fault 
-23.23004003,2.256511223,20.97121711,-4055.795669,-899.701846,4955.461245,No fault 
-22.88032689,1.452346918,21.42566822,-3947.618373,-1062.686724,5010.26883,No fault 
-22.50796117,0.646679899,21.85896947,-3835.544809,-1224.623302,5060.131841,No fault 
-22.11331061,-0.159694513,22.27069326,-3719.685537,-1385.351802,5105.001071,No fault 
-21.69676441,-0.965980747,22.66043326,-3600.154939,-1544.71357,5144.832239,No fault 
-21.25873393,-1.771382873,23.02780485,-3477.070935,-1702.551369,5179.586036,No fault 
-20.79965119,-2.575106277,23.37244547,-3350.555036,-1858.709399,5209.228165,No fault 
-20.3199695,-3.376357559,23.69401501,-3220.732057,-2013.033583,5233.729372,No fault 
-19.820162,-4.174346202,23.99219611,-3087.730157,-2165.371591,5253.065477,No fault 
-19.30072219,-4.968284464,24.26669451,-2951.680553,-2315.573114,5267.217399,No fault 
-18.76216244,-5.757389047,24.51723931,-2812.717551,-2463.48989,5276.171171,No fault 
-18.2050145,-6.540880976,24.74358325,-2670.978249,-2608.975976,5279.917956,No fault 
-17.62982796,-7.317987261,24.94550296,-2526.602568,-2751.887761,5278.454058,No fault 
-17.03717072,-8.087940769,25.12279917,-2379.732948,-2892.084241,5271.780919,No fault 
-16.42762738,-8.849981869,25.2752969,-2230.514372,-3029.427027,5259.905128,No fault 
-15.80179977,-9.603358298,25.40284567,-2079.094061,-3163.780611,5242.838402,No fault 
-15.16030524,-10.34732678,25.50531958,-1925.621489,-3295.012369,5220.597587,No fault 
-14.50377712,-11.0811529,25.58261754,-1770.248073,-3422.992824,5193.204628,No fault 
-13.83286308,-11.80411267,25.63466322,-1613.127191,-3547.595643,5160.686562,No fault 
-13.14822548,-12.51549239,25.6614053,-1454.413859,-3668.697889,5123.075478,No fault 
-12.45053972,-13.21459024,25.66281735,-1294.264751,-3786.180017,5080.408495,No fault 
-11.74049459,-13.90071607,25.63889801,-1132.837872,-3899.926118,5032.72772,No fault 
-11.01879056,-14.57319299,25.58967087,-970.2925726,-4009.823907,4980.080208,No fault 
-10.28614012,-15.23135711,25.51518451,-806.7892248,-4115.764961,4922.517915,No fault 
-9.543266068,-15.87455912,25.41551243,-642.489227,-4217.644695,4860.09765,No fault 
-8.79090177,-16.50216405,25.29075302,-477.554683,-4315.362599,4792.881012,No fault 
-8.029789471,-17.11355274,25.14102938,-312.1484038,-4408.822206,4720.934337,No fault 
-7.260680551,-17.70812161,24.96648929,-146.4335849,-4497.931313,4644.328627,No fault 
-6.484333775,-18.2852841,24.76730497,19.42619269,-4582.601949,4563.139484,No fault 
-5.701515557,-18.84447041,24.54367302,185.2672858,-4662.750586,4477.447029,No fault 
-4.912998194,-19.3851289,24.29581412,350.9259889,-4738.298095,4387.335834,No fault 
-4.119560107,-19.90672579,24.02397289,516.2388571,-4809.169952,4292.894824,No fault 
-3.321984076,-20.40874655,23.72841758,681.0427065,-4875.296184,4194.217204,No fault 
-2.521057462,-20.89069553,23.40943991,845.1749356,-4936.611562,4091.400355,No fault 
-1.717570434,-21.3520973,23.06735463,1008.473526,-4993.055545,3984.545746,No fault 
-0.912316187,-21.79249632,22.70249936,1170.777361,-5044.57246,3873.758828,No fault 
-0.106089161,-22.21145817,22.31523415,1331.926227,-5091.111436,3759.148937,No fault 
0.700314746,-22.60856918,21.90594122,1491.761129,-5132.626576,3640.829176,No fault 
1.506099957,-22.98343765,21.47502445,1650.124289,-5169.076876,3518.916314,No fault 
2.310471012,-23.33569342,21.02290913,1806.859463,-5200.426398,3393.530664,No fault 
3.112634341,-23.66498907,20.55004143,1961.811931,-5226.644171,3264.795967,No fault 
3.911798056,-23.97099942,20.05688803,2114.828814,-5247.704353,3132.839268,No fault 
4.707173727,-24.25342267,19.54393558,2265.759063,-5263.586129,2997.790793,No fault 
5.497976165,-24.51197991,19.01169035,2414.453767,-5274.273856,2859.783817,No fault 
6.283425191,-24.74641616,18.46067755,2560.766145,-5279.756956,2718.954538,No fault 
7.062745413,-24.95649987,17.89144101,2704.551841,-5280.030049,2575.441936,No fault 
7.835167983,-25.14202392,17.30454246,2845.668918,-5275.092834,2429.387642,No fault 
8.599930365,-25.302805,16.70056113,2983.97815,-5264.950215,2280.935793,No fault 
9.356278077,-25.43868465,16.08009305,3119.343002,-5249.61217,2130.232894,No fault 
10.10346445,-25.54952857,15.44375056,3251.629926,-5229.093867,1977.427669,No fault 
10.84075234,-25.63522757,14.79216165,3380.70833,-5203.415524,1822.67092,No fault 
11.5674139,-25.69569688,14.12596937,3506.45087,-5172.602513,1666.115371,No fault 
12.28273223,-25.73087701,13.44583115,3628.733413,-5136.685213,1507.915527,No fault 
12.98600116,-25.74073305,12.75241823,3747.43532,-5095.699101,1348.227508,No fault 
13.6765269,-25.72525548,12.0464149,3862.439408,-5049.684593,1187.208911,No fault 
14.35362772,-25.68445935,11.32851792,3973.632221,-4998.687131,1025.018638,No fault 
15.01663567,-25.61838515,10.59943575,4080.903985,-4942.757013,861.8167537,No fault 
15.66489618,-25.52709787,9.859887928,4184.148876,-4881.949466,697.7643176,No fault 
16.29776974,-25.41068779,9.110604275,4283.264964,-4816.324468,533.0232304,No fault 
16.91463155,-25.26926961,8.352324264,4378.154473,-4745.946816,367.7560708,No fault 
17.51487306,-25.10298309,7.585796207,4468.723718,-4670.885931,202.1259384,No fault 
18.09790168,-24.91199212,6.811776594,4554.883359,-4591.215921,36.29628925,No fault 
18.66314227,-24.6964854,6.031029269,4636.548327,-4507.01538,-129.5692218,No fault 
19.21003676,-24.4566754,5.244324755,4713.638068,-4418.367433,-295.3069066,No fault 
19.73804567,-24.19279899,4.452439416,4786.076464,-4325.359537,-460.753201,No fault 
20.24664768,-23.90511637,3.656154765,4853.792066,-4228.083508,-625.7448306,No fault 
20.73534109,-23.59391166,2.856256621,4916.718008,-4126.635315,-790.1189674,No fault 
21.2036434,-23.25949177,2.053534404,4974.792229,-4021.115107,-953.7133951,No fault 
21.65109268,-22.90218695,1.248780289,5027.957379,-3911.626988,-1116.366665,No fault 
22.0772471,-22.52234959,0.442788485,5076.161026,-3798.279041,-1277.918258,No fault 
22.48168636,-22.12035477,-0.363645606,5119.355563,-3681.183095,-1438.208742,No fault 
22.86401106,-21.69659899,-1.169726115,5157.4984,-3560.454742,-1597.079931,No fault 
23.22384415,-21.25150065,-1.974657555,5190.551856,-3436.213094,-1754.375036,No fault 
23.56083027,-20.78549881,-2.777645537,5218.483349,-3308.580793,-1909.938828,No fault 
23.8746371,-20.29905356,-3.577897628,5241.265277,-3177.683768,-2063.617783,No fault 
24.16495471,-19.79264476,-4.374624058,5258.875194,-3043.651227,-2215.260239,No fault 
24.43149682,-19.26677237,-5.16703857,5271.295683,-2906.615415,-2364.716543,No fault 
24.67400015,-18.72195516,-5.954359132,5278.514526,-2766.711599,-2511.8392,No fault 
24.89222562,-18.15873101,-6.735808768,5280.524559,-2624.077817,-2656.483016,No fault 
25.08595763,-17.57765554,-7.510616266,5277.323838,-2478.854862,-2798.505248,No fault 
25.25500522,-16.9793024,-8.278017001,5268.915483,-2331.186022,-2937.765734,No fault 
25.39920133,-16.36426191,-9.037253624,5255.307829,-2181.217057,-3074.127044,No fault 
25.51840389,-15.73314122,-9.787576878,5236.514269,-2029.09594,-3207.454603,No fault 
25.61249502,-15.08656298,-10.52824627,5212.553386,-1874.972824,-3337.616834,No fault 
25.6813821,-14.42516549,-11.25853086,5183.44879,-1718.999782,-3464.485283,No fault 
25.72499692,-13.74960125,-11.97770993,5149.229241,-1561.330768,-3587.934745,No fault 
25.74329666,-13.06053717,-12.68507375,5109.928473,-1402.121355,-3707.843391,No fault 
25.73626303,-12.35865308,-13.37992423,5065.585307,-1241.528692,-3824.092886,No fault 
25.7039032,-11.64464184,-14.06157565,5016.243467,-1079.711235,-3936.568505,No fault 
25.64624887,-10.9192079,-14.72935528,4961.951686,-916.8287082,-4045.15925,No fault 
25.56335718,-10.18306737,-15.38260412,4902.763505,-753.0418271,-4149.757952,No fault 
25.4553097,-9.43694654,-16.02067749,4838.737374,-588.5122588,-4250.261387,No fault 
25.32221328,-8.681581933,-16.64294568,4769.93644,-423.4023453,-4346.570369,No fault 
25.16419905,-7.917718807,-17.24879459,4696.42864,-257.875059,-4438.589853,No fault 
24.98142318,-7.146111197,-17.83762633,4618.286481,-92.09372652,-4526.229028,No fault 
24.7740658,-6.367520391,-18.40885978,4535.587114,73.7780172,-4609.401403,No fault 
24.5423318,-5.582714958,-18.96193121,4448.412119,239.5765056,-4688.024898,No fault 
24.28644963,-4.792469211,-19.4962948,4356.847562,405.1380867,-4762.021921,No fault 
24.00667204,-3.997563222,-20.01142321,4260.983772,570.2994001,-4831.319445,No fault 
23.70327491,-3.19878127,-20.50680804,4160.915389,734.8974227,-4895.849083,No fault 
23.37655789,-2.396911853,-20.98196045,4056.741133,898.7697449,-4955.547151,No fault 
23.02684318,-1.592746121,-21.43641148,3948.563848,1061.754616,-5010.354735,No fault 
22.65447613,-0.787077885,-21.86971267,3836.490255,1223.691218,-5060.217746,No fault 
22.259824,0.019297954,-22.28143638,3720.630994,1384.41971,-5105.086976,No fault 
21.84327647,0.825585407,-22.67117631,3601.100368,1543.781502,-5144.918143,No fault 
21.40524442,1.63098896,-23.03854782,3478.016374,1701.619294,-5179.671939,No fault 
20.94616035,2.434713583,-23.38318838,3351.500447,1857.777347,-5209.314067,No fault 
20.46647709,3.235966293,-23.70475784,3221.677478,2012.101525,-5233.815274,No fault 
19.96666826,4.033956156,-24.00293887,3088.67555,2164.439556,-5253.151379,No fault 
19.44722688,4.827895846,-24.27743719,2952.625956,2314.641073,-5267.3033,No fault 
18.9086658,5.61700165,-24.52798192,2813.662926,2462.557872,-5276.257071,No fault 
18.3515163,6.400495007,-24.75432578,2671.923634,2608.043951,-5280.003856,No fault 
17.77632843,7.177602513,-24.95624542,2527.547925,2750.955759,-5278.539957,No fault 
17.18366961,7.94755745,-25.13354155,2380.678315,2891.152233,-5271.866819,No fault 
16.57412495,8.709599773,-25.28603921,2231.459711,3028.495043,-5259.991026,No fault 
15.94829577,9.46297763,-25.4135879,2080.03941,3162.84862,-5242.924301,No fault 
15.30679991,10.20694734,-25.51606175,1926.56681,3294.080401,-5220.683483,No fault 
14.65027023,10.94077488,-25.59335961,1771.193405,3422.060849,-5193.290525,No fault 
13.97935486,11.66373587,-25.64540523,1614.072494,3546.663691,-5160.772458,No fault 
13.29471569,12.37511702,-25.67214722,1455.359173,3667.76593,-5123.161374,No fault 
12.59702861,13.0742161,-25.67355921,1295.210036,3785.248082,-5080.49439,No fault 
11.88698191,13.76034337,-25.64963978,1133.783168,3898.994177,-5032.813615,No fault 
11.16527656,14.4328215,-25.60041257,971.2378406,4008.891989,-4980.166102,No fault 
10.43262456,15.09098705,-25.52592612,807.7345027,4114.833036,-4922.603809,No fault 
9.689749174,15.7341903,-25.42625398,643.4344771,4216.712793,-4860.183542,No fault 
8.937383313,16.36179666,-25.30149448,478.4999431,4314.430691,-4792.966904,No fault 
8.176269688,16.97318657,-25.15177077,313.0936361,4407.890321,-4721.020228,No fault 
7.407159206,17.56775687,-24.97723059,147.3788272,4496.999421,-4644.414518,No fault 
6.630811104,18.14492059,-24.7780462,-18.48097815,4581.67008,-4563.225374,No fault 
5.847991325,18.70410833,-24.55441417,-184.3220613,4661.818711,-4477.53292,No fault 
5.059472635,19.24476805,-24.30655519,-349.9807921,4737.366244,-4387.421723,No fault 
4.266032989,19.76636637,-24.03471387,-515.2936505,4808.238094,-4292.980713,No fault 
3.468455632,20.26838836,-23.7391585,-680.0975275,4874.364349,-4194.303092,No fault 
2.667527458,20.75033876,-23.42018073,-844.2297468,4935.679721,-4091.486243,No fault 
1.864039104,21.21174177,-23.07809538,-1007.528364,4992.123726,-3984.631633,No fault 
1.058783299,21.65214222,-22.71324002,-1169.83219,5043.640636,-3873.844715,No fault 
0.252554947,22.0711053,-22.32597475,-1330.981083,5090.179635,-3759.234822,No fault 
-0.553850517,22.46821773,-21.91668172,-1490.815975,5131.694768,-3640.915061,No fault 
-1.359637054,22.84308744,-21.48576488,-1649.179163,5168.145092,-3519.002199,No fault 
-2.164009666,23.19534464,-21.03364947,-1805.914327,5199.494607,-3393.616549,No fault 
-2.96617432,23.52464152,-20.5607817,-1960.866823,5225.712403,-3264.881851,No fault 
-3.765339591,23.8306533,-20.0676282,-2113.883696,5246.772579,-3132.925151,No fault 
-4.560716587,24.11307779,-19.55467569,-2264.813972,5262.654377,-2997.876675,No fault 
-5.35152058,24.37163645,-19.02243036,-2413.508668,5273.342098,-2859.869699,No fault 
-6.136970931,24.60607395,-18.47141749,-2559.821072,5278.825221,-2719.040419,No fault 
-6.916292708,24.81615909,-17.90218086,-2703.606759,5279.098308,-2575.527817,No fault 
-7.688716602,25.00168437,-17.31528224,-2844.723863,5274.161116,-2429.473522,No fault 
-8.453480538,25.16246688,-16.71130081,-2983.033086,5264.01849,-2281.021673,No fault 
-9.209829575,25.29834777,-16.09083265,-3118.397965,5248.680468,-2130.318772,No fault 
-9.957017499,25.40919312,-15.45449008,-3250.68488,5228.162159,-1977.513547,No fault 
-10.69430672,25.49489336,-14.80290109,-3379.763311,5202.483839,-1822.756797,No fault 
-11.42096982,25.55536409,-14.13670872,-3505.505842,5171.670823,-1666.201249,No fault 
-12.13628948,25.59054546,-13.45657042,-3627.788412,5135.753545,-1508.001403,No fault 
-12.83955996,25.60040293,-12.76315741,-3746.490309,5094.767427,-1348.313385,No fault 
-13.53008702,25.5849266,-12.057154,-3861.494424,5048.752941,-1187.294786,No fault 
-14.2071894,25.54413191,-11.33925693,-3972.687228,4997.755473,-1025.104513,No fault 
-14.87019867,25.47805894,-10.61017468,-4079.959019,4941.825378,-861.9026277,No fault 
-15.51846073,25.38677309,-9.870626765,-4183.203901,4881.017825,-697.8501914,No fault 
-16.15133562,25.27036425,-9.121343035,-4282.320016,4815.392851,-533.1091032,No fault 
-16.76819897,25.12894751,-8.36306293,-4377.209515,4745.015192,-367.8419434,No fault 
-17.36844181,24.96266222,-7.596534796,-4467.778788,4669.95433,-202.21181,No fault 
-17.95147198,24.77167269,-6.822515088,-4553.93842,4590.284314,-36.38216073,No fault 
-18.51671389,24.55616721,-6.041767685,-4635.603415,4506.083795,129.4833515,No fault 
-19.06360993,24.31635864,-5.255063076,-4712.693146,4417.435843,295.2210364,No fault 
-19.59162016,24.05248346,-4.463177658,-4785.131569,4324.427969,460.6673319,No fault 
-20.10022371,23.76480228,-3.666892912,-4852.847162,4227.151934,625.6589615,No fault 
-20.58891846,23.45359881,-2.866994689,-4915.773131,4125.703764,790.0330994,No fault 
-21.05722231,23.11918036,-2.064272378,-4973.847343,4020.18355,953.6275272,No fault 
-21.50467291,22.76187677,-1.259518182,-5027.012519,3910.695454,1116.280798,No fault 
-21.93082888,22.38204085,-0.453526283,-5075.216158,3797.347501,1277.832391,No fault 
-22.33526946,21.98004727,0.352907889,-5118.410721,3680.251578,1438.122877,No fault 
-22.71759571,21.55629292,1.158988493,-5156.553549,3559.523218,1596.994065,No fault 
-23.07743012,21.11119583,1.963920013,-5189.607032,3435.281593,1754.289172,No fault 
-23.41441779,20.64519542,2.766908092,-5217.538516,3307.649287,1909.852964,No fault 
-23.72822594,20.15875141,3.567160264,-5240.32047,3176.752284,2063.53192,No fault 
-24.01854509,19.65234404,4.36388679,-5257.930378,3042.719737,2215.174376,No fault 
-24.28508852,19.1264729,5.156301384,-5270.350894,2905.683947,2364.630681,No fault 
-24.5275934,18.58165712,5.943622042,-5277.569728,2765.780126,2511.753338,No fault 
-24.74582019,18.01843421,6.72507176,-5279.579788,2623.146367,2656.397156,No fault 
-24.93955374,17.43736018,7.499879356,-5276.379058,2477.923406,2798.419387,No fault 
-25.10860266,16.83900829,8.267280173,-5267.970729,2330.254588,2937.679875,No fault 
-25.25280031,16.22396923,9.026516894,-5254.363067,2180.285618,3074.041184,No fault 
-25.37200419,15.59284979,9.77684023,-5235.569533,2028.164523,3207.368745,No fault 
-25.46609686,14.94627298,10.51750972,-5211.608642,1874.041402,3337.530976,No fault 
-25.53498526,14.28487673,11.24779439,-5182.504072,1718.068381,3464.399426,No fault 
-25.57860162,13.60931393,11.96697356,-5148.284515,1560.399363,3587.848888,No fault 
-25.59690268,12.9202511,12.67433746,-5108.983772,1401.189972,3707.757536,No fault 
-25.58987059,12.21836843,13.36918804,-5064.640597,1240.597304,3824.007031,No fault 
-25.55751208,11.50435844,14.05083954,-5015.298784,1078.779869,3936.482651,No fault 
-25.4998593,10.77892594,14.71861927,-4961.006994,915.8973363,4045.073395,No fault 
-25.41696893,10.04278666,15.3718682,-4901.81884,752.1104771,4149.672098,No fault 
-25.30892298,9.29666726,16.00994166,-4837.7927,587.5809037,4250.175534,No fault 
-25.17582789,8.541303903,16.63220995,-4768.991793,422.4710121,4346.484517,No fault 
-25.0178152,7.777442209,17.23805895,-4695.483984,256.9437207,4438.504002,No fault 
-24.83504064,7.00583585,17.82689078,-4617.34185,91.16241006,4526.143177,No fault 
-24.62768481,6.227246476,18.39812433,-4534.642476,-74.70933871,4609.315553,No fault 
-24.39595212,5.442442294,18.95119584,-4447.467506,-240.5078052,4687.939048,No fault 
-24.14007149,4.65219798,19.48555953,-4355.902942,-406.0693914,4761.936072,No fault 
-23.86029522,3.857293242,20.00068802,-4260.039177,-571.230683,4831.233597,No fault 
-23.55689963,3.058512724,20.49607296,-4159.970786,-735.8287106,4895.763235,No fault 
-23.23018393,2.256644558,20.97122545,-4055.796556,-899.7010111,4955.461304,No fault 
-22.88047076,1.45248026,21.42567658,-3947.619263,-1062.685887,5010.268888,No fault 
-22.50810503,0.646813275,21.85897786,-3835.545696,-1224.622467,5060.1319,No fault 
-22.11345442,-0.15956113,22.27070167,-3719.686426,-1385.350964,5105.00113,No fault 
-21.69690822,-0.965847331,22.66044169,-3600.155826,-1544.712734,5144.832298,No fault 
-21.25887771,-1.77124945,23.0278133,-3477.071824,-1702.550531,5179.586095,No fault 
-20.79979495,-2.574972821,23.37245394,-3350.555923,-1858.708563,5209.228224,No fault 
-20.32011323,-3.376224097,23.6940235,-3220.732945,-2013.032746,5233.729431,No fault 
-19.82030572,-4.174212706,23.99220462,-3087.731043,-2165.370755,5253.065537,No fault 
-19.30086587,-4.968150963,24.26670305,-2951.681442,-2315.572276,5267.217459,No fault 
-18.76230612,-5.757255512,24.51724786,-2812.718437,-2463.489054,5276.171231,No fault 
-18.20515814,-6.540747436,24.74359183,-2670.979137,-2608.975138,5279.918016,No fault 
-17.6299716,-7.317853688,24.94551155,-2526.603453,-2751.886925,5278.454117,No fault 
-17.03731431,-8.08780719,25.12280778,-2379.733836,-2892.083403,5271.780979,No fault 
-16.42777097,-8.849848258,25.27530553,-2230.515257,-3029.426191,5259.905188,No fault 
-15.80194332,-9.603224683,25.40285432,-2079.094949,-3163.779773,5242.838463,No fault 
-15.16044879,-10.34719314,25.50532826,-1925.622374,-3295.011533,5220.597647,No fault 
-14.50392063,-11.08101925,25.58262623,-1770.248961,-3422.991986,5193.204688,No fault 
-13.83300659,-11.80397898,25.63467194,-1613.128076,-3547.594806,5160.686622,No fault 
-13.14836895,-12.5153587,25.66141403,-1454.414747,-3668.69705,5123.075538,No fault 
-12.45068318,-13.21445652,25.66282611,-1294.265636,-3786.17918,5080.408556,No fault 
-11.74063802,-13.90058235,25.63890679,-1132.838759,-3899.925279,5032.727781,No fault 
-11.01893398,-14.57305923,25.58967966,-970.2934573,-4009.823071,4980.080269,No fault 
-10.28628351,-15.23122335,25.51519332,-806.7901119,-4115.764122,4922.517976,No fault 
-9.543409451,-15.87442533,25.41552126,-642.4901115,-4217.643858,4860.097711,No fault 
-8.791045117,-16.50203026,25.29076187,-477.5555699,-4315.36176,4792.881073,No fault 
-8.029932814,-17.11341892,25.14103825,-312.1492881,-4408.821368,4720.934398,No fault 
-7.260823858,-17.70798778,24.96649817,-146.4344716,-4497.930473,4644.328688,No fault 
-6.484477078,-18.28515024,24.76731387,19.42530854,-4582.601111,4563.139545,No fault 
-5.701658825,-18.84433654,24.54368194,185.2663992,-4662.749746,4477.447091,No fault 
-4.913141458,-19.384995,24.29582306,350.9251049,-4738.297258,4387.335895,No fault 
-4.119703336,-19.9065919,24.02398184,516.2379708,-4809.169113,4292.894886,No fault 
-3.322127301,-20.40861262,23.72842656,681.0418227,-4875.295346,4194.217266,No fault 
-2.521200653,-20.89056159,23.4094489,845.1740494,-4936.610722,4091.400417,No fault 
-1.717713621,-21.35196334,23.06736364,1008.472642,-4993.054707,3984.545808,No fault 
-0.912459339,-21.79236235,22.70250839,1170.776475,-5044.57162,3873.75889,No fault 
-0.10623231,-22.21132418,22.3152432,1331.925343,-5091.110598,3759.148999,No fault 
0.700171631,-22.60843518,21.90595028,1491.760243,-5132.625736,3640.829238,No fault 
1.505956846,-22.98330362,21.47503353,1650.123406,-5169.076038,3518.916376,No fault 
2.310327935,-23.33555939,21.02291823,1806.858577,-5200.425558,3393.530726,No fault 
3.112491266,-23.66485501,20.55005054,1961.811048,-5226.643333,3264.796029,No fault 
3.911655015,-23.97086536,20.05689716,2114.827928,-5247.703513,3132.83933,No fault 
4.707030689,-24.25328858,19.54394473,2265.75818,-5263.58529,2997.790855,No fault 
5.49783316,-24.51184581,19.01169951,2414.452882,-5274.273015,2859.783879,No fault 
6.283282189,-24.74628204,18.46068674,2560.765262,-5279.756117,2718.9546,No fault 
7.062602444,-24.95636575,17.89145021,2704.550956,-5280.029208,2575.441999,No fault 
7.835025016,-25.14188977,17.30455168,2845.668036,-5275.091995,2429.387705,No fault 
8.599787432,-25.30267085,16.70057036,2983.977265,-5264.949374,2280.935856,No fault 
9.356135146,-25.43855047,16.08010229,3119.34212,-5249.611331,2130.232956,No fault 
10.10332155,-25.54939439,15.44375982,3251.629041,-5229.093026,1977.427732,No fault 
10.84060945,-25.63509336,14.79217093,3380.707448,-5203.414685,1822.670983,No fault 
11.56727103,-25.69556266,14.12597866,3506.449985,-5172.601672,1666.115434,No fault 
12.28258937,-25.73074277,13.44584046,3628.732531,-5136.684374,1507.91559,No fault 
12.98585833,-25.74059881,12.75242755,3747.434436,-5095.69826,1348.227572,No fault 
13.67638407,-25.72512121,12.04642424,3862.438526,-5049.683753,1187.208974,No fault 
14.35348493,-25.68432508,11.32852728,3973.631336,-4998.68629,1025.018701,No fault 
15.01649288,-25.61825085,10.59944512,4080.903103,-4942.756173,861.8168171,No fault 
15.66475342,-25.52696356,9.859897315,4184.147992,-4881.948624,697.7643811,No fault 
16.29762698,-25.41055347,9.110613679,4283.264082,-4816.323629,533.0232939,No fault 
16.91448882,-25.26913528,8.352333681,4378.153589,-4745.945974,367.7561344,No fault 
17.51473033,-25.10284874,7.585805641,4468.722837,-4670.885091,202.1260021,No fault 
18.09775899,-24.91185777,6.811786041,4554.882475,-4591.215079,36.29635304,No fault 
18.66299958,-24.69635102,6.031038733,4636.547446,-4507.01454,-129.569158,No fault 
19.20989409,-24.45654102,5.244334232,4713.637184,-4418.366592,-295.3068427,No fault 
19.737903,-24.19266458,4.452448909,4786.075583,-4325.358697,-460.7531371,No fault 
20.24650504,-23.90498196,3.656164271,4853.791182,-4228.082666,-625.7447665,No fault 
20.73519846,-23.59377722,2.856266143,4916.717127,-4126.634475,-790.1189033,No fault 
21.2035008,-23.25935734,2.05354394,4974.791346,-4021.114265,-953.7133309,No fault 
21.65095008,-22.90205249,1.248789839,5027.956498,-3911.626148,-1116.3666,No fault 
22.07710453,-22.52221513,0.442798049,5076.160143,-3798.278199,-1277.918194,No fault 
22.48154379,-22.12022028,-0.363636027,5119.354683,-3681.182255,-1438.208678,No fault 
22.86386853,-21.6964645,-1.169716523,5157.497517,-3560.453899,-1597.079866,No fault 
23.22370162,-21.25136614,-1.974647948,5190.550975,-3436.212253,-1754.374972,No fault 
23.56068777,-20.7853643,-2.777635918,5218.482466,-3308.579951,-1909.938764,No fault 
23.8744946,-20.29891902,-3.577887994,5241.264396,-3177.682927,-2063.617719,No fault 
24.16481223,-19.79251022,-4.374614411,5258.874311,-3043.650384,-2215.260175,No fault 
24.43135434,-19.2666378,-5.167028909,5271.294803,-2906.614574,-2364.716478,No fault 
24.6738577,-18.7218206,-5.954349457,5278.513643,-2766.710756,-2511.839135,No fault 
24.89208318,-18.15859642,-6.735799079,5280.523679,-2624.076976,-2656.482952,No fault 
25.08581521,-17.57752095,-7.510606565,5277.322956,-2478.85402,-2798.505183,No fault 
25.25486281,-16.97916779,-8.278007285,5268.914603,-2331.185181,-2937.765669,No fault 
25.39905895,-16.3641273,-9.037243897,5255.306947,-2181.216215,-3074.126979,No fault 
25.5182615,-15.73300659,-9.787567136,5236.513389,-2029.095099,-3207.454538,No fault 
25.61235266,-15.08642835,-10.52823651,5212.552504,-1874.971981,-3337.616769,No fault 
25.68123975,-14.42503083,-11.25852109,5183.447911,-1718.998941,-3464.485217,No fault 
25.72485459,-13.74946659,-11.97770015,5149.228359,-1561.329926,-3587.93468,No fault 
25.74315433,-13.06040249,-12.68506396,5109.927593,-1402.120514,-3707.843326,No fault 
25.73612072,-12.35851839,-13.37991442,5065.584425,-1241.527849,-3824.092821,No fault 
25.70376089,-11.64450713,-14.06156583,5016.242587,-1079.710394,-3936.56844,No fault 
25.6461066,-10.91907319,-14.72934545,4961.950804,-916.8278651,-4045.159184,No fault 
25.56321491,-10.18293264,-15.38259428,4902.762626,-753.0409857,-4149.757886,No fault 
25.45516745,-9.43681181,-16.02066763,4838.736492,-588.5114156,-4250.261321,No fault 
25.32207104,-8.68144718,-16.64293581,4769.935561,-423.4015039,-4346.570303,No fault 
25.16405683,-7.917584055,-17.24878471,4696.427759,-257.8742157,-4438.589788,No fault 
24.98128096,-7.145976422,-17.83761644,4618.285601,-92.092885,-4526.228962,No fault 
24.77392361,-6.367385617,-18.40884988,4535.586233,73.77886057,-4609.401337,No fault 
24.54218961,-5.582580161,-18.9619213,4448.41124,239.5773472,-4688.024832,No fault 
24.28630746,-4.792334416,-19.49628487,4356.846681,405.1389302,-4762.021855,No fault 
24.00652987,-3.997428403,-20.01141327,4260.982893,570.3002418,-4831.319379,No fault 
23.70313278,-3.198646454,-20.50679809,4160.914508,734.8982663,-4895.849017,No fault 
23.37641575,-2.396777013,-20.98195048,4056.740254,898.7705868,-4955.547085,No fault 
23.02670107,-1.592611284,-21.4364015,3948.562967,1061.75546,-5010.354669,No fault 
22.65433402,-0.786943025,-21.86970268,3836.489376,1223.69206,-5060.21768,No fault 
22.25968191,0.019432813,-22.28142638,3720.630113,1384.420554,-5105.086909,No fault 
21.84313439,0.825720288,-22.6711663,3601.099489,1543.782344,-5144.918076,No fault 
21.40510236,1.631123839,-23.0385378,3478.015494,1701.620138,-5179.671873,No fault 
20.94601828,2.434848485,-23.38317834,3351.499568,1857.778189,-5209.314001,No fault 
20.46633505,3.236101192,-23.70474779,3221.676597,2012.102369,-5233.815208,No fault 
19.96652622,4.034091077,-24.00292881,3088.674672,2164.440398,-5253.151312,No fault 
19.44708487,4.828030766,-24.27742712,2952.625076,2314.641917,-5267.303234,No fault 
18.90852379,5.617136591,-24.52797184,2813.662048,2462.558715,-5276.257005,No fault 
18.35137431,6.400629946,-24.75431569,2671.922754,2608.044795,-5280.003789,No fault 
17.77618644,7.177737474,-24.95623532,2527.547047,2750.956602,-5278.53989,No fault 
17.18352765,7.947692408,-25.13353144,2380.677435,2891.153077,-5271.866752,No fault 
16.57398299,8.709734752,-25.28602909,2231.458833,3028.495885,-5259.990959,No fault 
15.94815384,9.463112608,-25.41357777,2080.03853,3162.849464,-5242.924234,No fault 
15.30665797,10.20708234,-25.5160516,1926.565932,3294.081244,-5220.683417,No fault 
14.65012832,10.94090988,-25.59334946,1771.192525,3422.061694,-5193.290458,No fault 
13.97921295,11.66387089,-25.64539507,1614.071617,3546.664534,-5160.772391,No fault 
13.2945738,12.37525204,-25.67213705,1455.358293,3667.766775,-5123.161307,No fault 
12.59688671,13.07435114,-25.67354903,1295.209159,3785.248924,-5080.494323,No fault 
11.88684004,13.7604784,-25.64962959,1133.782288,3898.995021,-5032.813547,No fault 
11.16513469,14.43295656,-25.60040236,971.236963,4008.892832,-4980.166034,No fault 
10.43248271,15.09112211,-25.52591591,807.7336231,4114.83388,-4922.603742,No fault 
9.689607328,15.73432537,-25.42624375,643.4335997,4216.713636,-4860.183475,No fault 
8.937241493,16.36193172,-25.30148425,478.4990635,4314.431536,-4792.966837,No fault 
8.176127865,16.97332166,-25.15176053,313.0927588,4407.891164,-4721.020161,No fault 
7.407017408,17.56789196,-24.97722034,147.3779477,4497.000266,-4644.414451,No fault 
6.630669304,18.14505569,-24.77803594,-18.48185538,4581.670923,-4563.225306,No fault 
5.84784955,18.70424343,-24.55440389,-184.3229407,4661.819556,-4477.532852,No fault 
5.059330857,19.24490317,-24.30654491,-349.9816692,4737.367087,-4387.421655,No fault 
4.265891236,19.76650149,-24.03470358,-515.2945298,4808.238939,-4292.980646,No fault 
3.468313876,20.2685235,-23.7391482,-680.0984046,4874.365192,-4194.303025,No fault 
2.667385727,20.7504739,-23.42017042,-844.230626,4935.680565,-4091.486175,No fault 
1.863897371,21.21187693,-23.07808506,-1007.529241,4992.12457,-3984.631565,No fault 
1.058641589,21.65227737,-22.71322969,-1169.833069,5043.641481,-3873.844647,No fault 
0.252413235,22.07124047,-22.32596441,-1330.98196,5090.180478,-3759.234754,No fault 
-0.553992205,22.4683529,-21.91667137,-1490.816854,5131.695613,-3640.914993,No fault 
-1.359778745,22.84322263,-21.48575452,-1649.18004,5168.145935,-3519.002131,No fault 
-2.164151333,23.19547983,-21.0336391,-1805.915206,5199.495452,-3393.616481,No fault 
-2.966315989,23.52477673,-20.56077132,-1960.867699,5225.713246,-3264.881783,No fault 
-3.765481237,23.8307885,-20.06761782,-2113.884575,5246.773424,-3132.925083,No fault 
-4.560858236,24.11321301,-19.55466529,-2264.814849,5262.655221,-2997.876607,No fault 
-5.351662206,24.37177167,-19.02241996,-2413.509546,5273.342943,-2859.869631,No fault 
-6.137112559,24.60620918,-18.47140708,-2559.821949,5278.826065,-2719.040351,No fault 
-6.916434312,24.81629432,-17.90217044,-2703.607638,5279.099153,-2575.527749,No fault 
-7.68885821,25.00181962,-17.3152718,-2844.72474,5274.161959,-2429.473454,No fault 
-8.453622123,25.16260213,-16.71129037,-2983.033964,5264.019336,-2281.021604,No fault 
-9.209971162,25.29848304,-16.0908222,-3118.398842,5248.681312,-2130.318704,No fault 
-9.957159064,25.40932838,-15.45447962,-3250.685758,5228.163005,-1977.513479,No fault 
-10.69444828,25.49502864,-14.80289062,-3379.764187,5202.484683,-1822.756729,No fault 
-11.42111137,25.55549937,-14.13669824,-3505.50672,5171.671668,-1666.20118,No fault 
-12.13643103,25.59068076,-13.45655994,-3627.789288,5135.754389,-1508.001335,No fault 
-12.83970149,25.60053823,-12.76314692,-3746.491187,5094.768272,-1348.313316,No fault 
-13.53022855,25.58506191,-12.0571435,-3861.4953,5048.753785,-1187.294717,No fault 
-14.20733091,25.54426721,-11.33924642,-3972.688106,4997.756319,-1025.104444,No fault 
-14.87034018,25.47819427,-10.61016417,-4079.959895,4941.826222,-861.9025591,No fault 
-15.51860222,25.38690841,-9.870616242,-4183.204779,4881.018671,-697.8501227,No fault 
-16.15147711,25.27049959,-9.121332503,-4282.320892,4815.393695,-533.1090345,No fault 
-16.76834044,25.12908284,-8.363052391,-4377.210393,4745.016038,-367.8418747,No fault 
-17.36858328,24.96279758,-7.596524247,-4467.779664,4669.955174,-202.2117412,No fault 
-17.95161343,24.77180804,-6.822504532,-4553.939297,4590.28516,-36.38209188,No fault 
-18.51685534,24.55630257,-6.041757121,-4635.60429,4506.084639,129.4834203,No fault 
-19.06375136,24.316494,-5.255052505,-4712.694024,4417.436689,295.2211053,No fault 
-19.59176159,24.05261884,-4.463167078,-4785.132444,4324.428813,460.6674008,No fault 
-20.10036513,23.76493765,-3.666882325,-4852.848039,4227.15278,625.6590305,No fault 
-20.58905987,23.4537342,-2.866984094,-4915.774006,4125.704608,790.0331684,No fault 
-21.0573637,23.11931575,-2.064261775,-4973.84822,4020.184396,953.6275962,No fault 
-21.5048143,22.76201218,-1.259507571,-5027.013394,3910.696298,1116.280867,No fault 
-21.93097026,22.38217625,-0.453515665,-5075.217035,3797.348347,1277.83246,No fault 
-22.33541083,21.98018269,0.352918515,-5118.411597,3680.252422,1438.122946,No fault 
-22.71773706,21.55642834,1.158999126,-5156.554426,3559.524065,1596.994135,No fault 
-23.07757148,21.11133126,1.963930654,-5189.607907,3435.282437,1754.289241,No fault 
-23.41455913,20.64533085,2.76691874,-5217.539393,3307.650133,1909.853033,No fault 
-23.72836728,20.15888686,3.56717092,-5240.321345,3176.753128,2063.531989,No fault 
-24.01868641,19.65247948,4.363897453,-5257.931255,3042.720583,2215.174446,No fault 
-24.28522985,19.12660835,5.156312055,-5270.35177,2905.684792,2364.63075,No fault 
-24.5277347,18.58179258,5.943632719,-5277.570605,2765.780972,2511.753407,No fault 
-24.7459615,18.01856968,6.725082445,-5279.580663,2623.147211,2656.397225,No fault 
-24.93969503,17.43749564,7.499890047,-5276.379935,2477.924253,2798.419457,No fault 
-25.10874395,16.83914377,8.267290872,-5267.971604,2330.255433,2937.679944,No fault 
-25.25294158,16.2241047,9.026527599,-5254.363944,2180.286465,3074.041254,No fault 
-25.37214546,15.59298528,9.776850943,-5235.570408,2028.165368,3207.368814,No fault 
-25.46623811,14.94640847,10.51752044,-5211.609518,1874.042248,3337.531046,No fault 
-25.53512652,14.28501224,11.24780512,-5182.504947,1718.069226,3464.399495,No fault 
-25.57874286,13.60944943,11.96698429,-5148.285391,1560.400209,3587.848958,No fault 
-25.59704392,12.92038661,12.6743482,-5108.984647,1401.190817,3707.757605,No fault 
-25.59001181,12.21850394,13.36919879,-5064.641474,1240.59815,3824.007101,No fault 
-25.55765331,11.50449397,14.0508503,-5015.299659,1078.780714,3936.482721,No fault 
-25.5000005,10.77906146,14.71863003,-4961.007871,915.8981828,4045.073465,No fault 
-25.41711014,10.0429222,15.37187897,-4901.819714,752.111322,4149.672168,No fault 
-25.30906417,9.296802793,16.00995244,-4837.793576,587.5817502,4250.175603,No fault 
-25.17596908,8.541439452,16.63222073,-4768.992667,422.4718571,4346.484586,No fault 
-25.01795637,7.777577753,17.23806974,-4695.484861,256.9445673,4438.504071,No fault 
-24.83518182,7.00597141,17.82690157,-4617.342725,91.1632551,4526.143247,No fault 
-24.62782596,6.227382031,18.39813513,-4534.643352,-74.70849209,4609.315623,No fault 
-24.39609328,5.442577865,18.95120665,-4447.468381,-240.5069602,4687.939118,No fault 
-24.14021263,4.652333546,19.48557034,-4355.903818,-406.0685447,4761.936142,No fault 
-23.86043637,3.857428823,20.00069884,-4260.040051,-571.2298379,4831.233667,No fault 
-23.55704076,3.058648299,20.49608379,-4159.971662,-735.8278639,4895.763305,No fault 
-23.23032506,2.256780149,20.97123628,-4055.79743,-899.7001659,4955.461374,No fault 
-22.88061187,1.452615846,21.42568742,-3947.620139,-1062.68504,5010.268959,No fault 
-22.50824614,0.646948877,21.8589887,-3835.54657,-1224.621622,5060.13197,No fault 
-22.11359552,-0.159425534,22.27071252,-3719.687302,-1385.350118,5105.0012,No fault 
-21.69704932,-0.965711719,22.66045255,-3600.1567,-1544.711889,5144.832368,No fault 
-21.25901879,-1.771113844,23.02782416,-3477.0727,-1702.549684,5179.586165,No fault 
-20.79993604,-2.5748372,23.37246481,-3350.556797,-1858.707718,5209.228294,No fault 
-20.32025429,-3.376088481,23.69403438,-3220.733821,-2013.031899,5233.729501,No fault 
-19.82044679,-4.174077076,23.9922155,-3087.731917,-2165.36991,5253.065607,No fault 
-19.30100692,-4.968015338,24.26671393,-2951.682318,-2315.571429,5267.217529,No fault 
-18.76244717,-5.757119872,24.51725875,-2812.719311,-2463.488209,5276.171301,No fault 
-18.20529918,-6.540611802,24.74360272,-2670.980013,-2608.974291,5279.918086,No fault 
-17.63011264,-7.317718038,24.94552246,-2526.604327,-2751.886079,5278.454188,No fault 
-17.03745533,-8.087671547,25.12281869,-2379.734711,-2892.082556,5271.78105,No fault 
-16.427912,-8.8497126,25.27531645,-2230.516131,-3029.425346,5259.905259,No fault 
-15.80208433,-9.60308903,25.40286524,-2079.095824,-3163.778926,5242.838533,No fault 
-15.1605898,-10.34705747,25.50533919,-1925.623248,-3295.010687,5220.597717,No fault 
-14.50406163,-11.08088359,25.58263716,-1770.249837,-3422.991139,5193.204759,No fault 
-13.83314759,-11.8038433,25.63468288,-1613.128949,-3547.593961,5160.686693,No fault 
-13.14850993,-12.51522303,25.66142497,-1454.415622,-3668.696203,5123.075609,No fault 
-12.45082417,-13.21432083,25.66283706,-1294.266509,-3786.178334,5080.408626,No fault 
-11.74077898,-13.90044667,25.63891774,-1132.839635,-3899.924432,5032.727851,No fault 
-11.01907495,-14.57292354,25.58969062,-970.2943307,-4009.822225,4980.080339,No fault 
-10.28642446,-15.23108766,25.51520428,-806.7909871,-4115.763275,4922.518047,No fault 
-9.543550408,-15.87428963,25.41553223,-642.4909848,-4217.643012,4860.097781,No fault 
-8.791186056,-16.50189456,25.29077284,-477.5564451,-4315.360913,4792.881144,No fault 
-8.030073758,-17.11328321,25.14104923,-312.1501613,-4408.820523,4720.934469,No fault 
-7.260964783,-17.70785207,24.96650916,-146.4353467,-4497.929626,4644.328759,No fault 
-6.484618009,-18.28501452,24.76732487,19.42443536,-4582.600266,4563.139616,No fault 
-5.701799737,-18.84420083,24.54369294,185.2655242,-4662.748899,4477.447162,No fault 
-4.913282375,-19.38485928,24.29583406,350.9242318,-4738.296412,4387.335966,No fault 
-4.119844235,-19.90645617,24.02399285,516.2370958,-4809.168266,4292.894957,No fault 
-3.322268206,-20.40847689,23.72843757,681.0409497,-4875.2945,4194.217337,No fault 
-2.521341539,-20.89042587,23.40945992,845.1731745,-4936.609875,4091.400488,No fault 
-1.717854512,-21.3518276,23.06737466,1008.471769,-4993.053861,3984.545879,No fault 
-0.912600213,-21.79222662,22.70251941,1170.7756,-5044.570773,3873.758961,No fault 
-0.106373188,-22.21118843,22.31525423,1331.92447,-5091.109752,3759.149069,No fault 
0.70003077,-22.60829943,21.90596132,1491.759368,-5132.624888,3640.829309,No fault 
1.50581598,-22.98316786,21.47504457,1650.122533,-5169.075192,3518.916447,No fault 
2.310187087,-23.33542364,21.02292927,1806.857702,-5200.424711,3393.530797,No fault 
3.112350413,-23.66471925,20.5500616,1961.810175,-5226.642487,3264.796101,No fault 
3.91151418,-23.9707296,20.05690821,2114.827053,-5247.702665,3132.839401,No fault 
4.706889848,-24.25315281,19.54395579,2265.757307,-5263.584444,2997.790926,No fault 
5.497692337,-24.51171005,19.01171058,2414.452007,-5274.272168,2859.78395,No fault 
6.28314136,-24.74614626,18.46069781,2560.764389,-5279.755271,2718.954671,No fault 
7.062461634,-24.95622998,17.89146128,2704.550081,-5280.028361,2575.44207,No fault 
7.8348842,-25.14175398,17.30456276,2845.667163,-5275.091149,2429.387776,No fault 
8.599646633,-25.30253507,16.70058144,2983.97639,-5264.948526,2280.935927,No fault 
9.355994342,-25.43841468,16.08011338,3119.341247,-5249.610485,2130.233028,No fault 
10.10318076,-25.5492586,15.44377092,3251.628167,-5229.092178,1977.427803,No fault 
10.84046865,-25.63495756,14.79218203,3380.706576,-5203.413839,1822.671054,No fault 
11.56713026,-25.69542687,14.12598977,3506.449111,-5172.600825,1666.115506,No fault 
12.28244859,-25.73060696,13.44585157,3628.731658,-5136.683528,1507.915661,No fault 
12.98571757,-25.74046301,12.75243867,3747.433561,-5095.697412,1348.227643,No fault 
13.6762433,-25.72498539,12.04643536,3862.437654,-5049.682907,1187.209045,No fault 
14.35334418,-25.68418928,11.3285384,3973.630462,-4998.685442,1025.018773,No fault 
15.01635212,-25.61811503,10.59945625,4080.902231,-4942.755327,861.8168885,No fault 
15.66461268,-25.52682775,9.859908445,4184.147118,-4881.947777,697.7644525,No fault 
16.29748624,-25.41041764,9.110624814,4283.26321,-4816.322783,533.0233654,No fault 
16.91434809,-25.26899946,8.35234482,4378.152715,-4745.945126,367.7562059,No fault 
17.5145896,-25.1027129,7.585816785,4468.721965,-4670.884245,202.1260735,No fault 
18.09761827,-24.91172194,6.811797188,4554.881601,-4591.214232,36.29642458,No fault 
18.66285885,-24.69621518,6.031049885,4636.546574,-4507.013694,-129.5690865,No fault 
19.20975339,-24.45640519,5.244345388,4713.63631,-4418.365744,-295.3067711,No fault 
19.73776229,-24.19252873,4.452460069,4786.07471,-4325.357851,-460.7530656,No fault 
20.24636435,-23.90484612,3.656175435,4853.790308,-4228.081818,-625.7446949,No fault 
20.73505776,-23.59364137,2.856277312,4916.716255,-4126.633629,-790.1188317,No fault 
21.20336012,-23.25922149,2.053555112,4974.790472,-4021.113417,-953.7132592,No fault 
21.65080939,-22.90191663,1.248801016,5027.955626,-3911.625302,-1116.366529,No fault 
22.07696386,-22.52207928,0.442809229,5076.159269,-3798.277351,-1277.918122,No fault 
22.48140311,-22.12008442,-0.363624842,5119.353811,-3681.181409,-1438.208606,No fault 
22.86372786,-21.69632864,-1.169705335,5157.496643,-3560.453052,-1597.079795,No fault 
23.22356095,-21.25123027,-1.974636755,5190.550103,-3436.211407,-1754.3749,No fault 
23.56054712,-20.78522844,-2.777624722,5218.481593,-3308.579103,-1909.938692,No fault 
23.87435394,-20.29878315,-3.577876793,5241.263524,-3177.682081,-2063.617647,No fault 
24.16467159,-19.79237435,-4.374603207,5258.873437,-3043.649537,-2215.260103,No fault 
24.43121369,-19.26650192,-5.1670177,5271.293931,-2906.613728,-2364.716406,No fault 
24.67371707,-18.72168472,-5.954338246,5278.51277,-2766.709908,-2511.839063,No fault 
24.89194254,-18.15846053,-6.735787863,5280.522808,-2624.07613,-2656.48288,No fault 
25.08567459,-17.57738507,-7.510595346,5277.322082,-2478.853172,-2798.505111,No fault 
25.25472218,-16.9790319,-8.277996062,5268.913731,-2331.184335,-2937.765598,No fault 
25.39891834,-16.36399141,-9.03723267,5255.306073,-2181.215367,-3074.126907,No fault 
25.51812089,-15.73287069,-9.787555905,5236.512517,-2029.094253,-3207.454466,No fault 
25.61221206,-15.08629246,-10.52822528,5212.55163,-1874.971133,-3337.616697,No fault 
25.68109914,-14.42489492,-11.25850985,5183.447039,-1718.998094,-3464.485145,No fault 
25.724714,-13.74933069,-11.9776889,5149.227486,-1561.329078,-3587.934608,No fault 
25.74301373,-13.06026658,-12.68505271,5109.926722,-1402.119668,-3707.843254,No fault 
25.73598015,-12.35838249,-13.37990318,5065.583551,-1241.527001,-3824.092749,No fault 
25.70362031,-11.64437122,-14.06155458,5016.241716,-1079.709548,-3936.568368,No fault 
25.64596603,-10.91893729,-14.72933419,4961.949931,-916.8270172,-4045.159112,No fault 
25.56307433,-10.18279673,-15.38258302,4902.761754,-753.0401392,-4149.757814,No fault 
25.4550269,-9.436675902,-16.02065637,4838.735619,-588.5105677,-4250.261249,No fault 
25.32193047,-8.681311261,-16.64292455,4769.93469,-423.4006573,-4346.570231,No fault 
25.16391628,-7.917448142,-17.24877344,4696.426886,-257.8733678,-4438.589715,No fault 
24.9811404,-7.145840498,-17.83760517,4618.28473,-92.09203839,-4526.22889,No fault 
24.77378307,-6.3672497,-18.4088386,4535.58536,73.77970853,-4609.401265,No fault 
24.54204906,-5.582444233,-18.96191001,4448.410368,239.5781938,-4688.02476,No fault 
24.28616693,-4.792198494,-19.49627359,4356.845808,405.1397782,-4762.021783,No fault 
24.00638934,-3.99729247,-20.01140198,4260.982021,570.3010885,-4831.319307,No fault 
23.70299225,-3.198510527,-20.5067868,4160.913635,734.8991143,-4895.848945,No fault 
23.37627523,-2.396641076,-20.98193919,4056.739383,898.7714334,-4955.547013,No fault 
23.02656056,-1.592475353,-21.43639021,3948.562094,1061.756308,-5010.354597,No fault 
22.6541935,-0.786807083,-21.86969138,3836.488505,1223.692906,-5060.217608,No fault 
22.25954141,0.019568747,-22.28141508,3720.62924,1384.421402,-5105.086837,No fault 
21.84299388,0.825856234,-22.671155,3601.098618,1543.783191,-5144.918004,No fault 
21.40496187,1.631259778,-23.03852649,3478.014621,1701.620986,-5179.671801,No fault 
20.94587779,2.434984435,-23.38316703,3351.498697,1857.779036,-5209.313929,No fault 
20.46619457,3.236237135,-23.70473648,3221.675724,2012.103217,-5233.815135,No fault 
19.96638573,4.034227031,-24.00291749,3088.6738,2164.441245,-5253.15124,No fault 
19.44694439,4.828166713,-24.2774158,2952.624203,2314.642765,-5267.303161,No fault 
18.90838331,5.617272549,-24.52796051,2813.661177,2462.559561,-5276.256932,No fault 
18.35123385,6.400765897,-24.75430436,2671.921881,2608.045643,-5280.003717,No fault 
17.77604597,7.177873436,-24.95622399,2527.546176,2750.957448,-5278.539818,No fault 
17.18338719,7.947828362,-25.1335201,2380.676562,2891.153925,-5271.866679,No fault 
16.57384253,8.709870718,-25.28601775,2231.457962,3028.496732,-5259.990887,No fault 
15.94801339,9.463248566,-25.41356643,2080.037657,3162.850312,-5242.924161,No fault 
15.30651752,10.20721831,-25.51604026,1926.565061,3294.08209,-5220.683344,No fault 
14.64998788,10.94104584,-25.59333812,1771.191652,3422.062542,-5193.290386,No fault 
13.9790725,11.66400686,-25.64538372,1614.070746,3546.665381,-5160.772318,No fault 
13.29443337,12.37538801,-25.6721257,1455.357421,3667.767623,-5123.161234,No fault 
12.59674628,13.07448711,-25.67353767,1295.208288,3785.249771,-5080.494251,No fault 
11.88669962,13.76061437,-25.64961823,1133.781415,3898.995869,-5032.813475,No fault 
11.16499426,14.43309254,-25.600391,971.2360922,4008.893679,-4980.165962,No fault 
10.4323423,15.09125808,-25.52590455,807.7327506,4114.834729,-4922.603669,No fault 
9.689466909,15.73446135,-25.42623239,643.4327289,4216.714483,-4860.183403,No fault 
8.937101088,16.3620677,-25.30147288,478.4981911,4314.432384,-4792.966764,No fault 
8.175987454,16.97345765,-25.15174915,313.091888,4407.89201,-4721.020088,No fault 
7.406877012,17.56802793,-24.97720896,147.3770754,4497.001114,-4644.414378,No fault 
6.630528901,18.14519168,-24.77802456,-18.48272606,4581.67177,-4563.225234,No fault 
5.847709162,18.70437941,-24.55439251,-184.323813,4661.820404,-4477.532779,No fault 
5.059190463,19.24503916,-24.30653352,-349.9825399,4737.367934,-4387.421583,No fault 
4.265750856,19.76663748,-24.03469219,-515.295402,4808.239787,-4292.980573,No fault 
3.46817349,20.2686595,-23.73913681,-680.0992752,4874.366039,-4194.302952,No fault 
2.667245356,20.75060989,-23.42015903,-844.2314982,4935.681414,-4091.486103,No fault 
1.863756993,21.21201293,-23.07807366,-1007.530112,4992.125417,-3984.631493,No fault 
1.058501226,21.65241336,-22.7132183,-1169.833941,5043.642329,-3873.844575,No fault 
0.252272865,22.07137647,-22.32595301,-1330.98283,5090.181325,-3759.234682,No fault 
-0.554132561,22.4684889,-21.91665997,-1490.817726,5131.696461,-3640.914921,No fault 
-1.359919106,22.84335863,-21.48574311,-1649.180911,5168.146782,-3519.002058,No fault 
-2.16429168,23.19561582,-21.0336277,-1805.916078,5199.4963,-3393.616408,No fault 
-2.966456343,23.52491274,-20.56075991,-1960.86857,5225.714093,-3264.88171,No fault 
-3.765621576,23.8309245,-20.0676064,-2113.885447,5246.774272,-3132.92501,No fault 
-4.560998581,24.11334902,-19.55465388,-2264.815719,5262.656068,-2997.876534,No fault 
-5.351802537,24.37190768,-19.02240854,-2413.510418,5273.343792,-2859.869558,No fault 
-6.137252897,24.6063452,-18.47139566,-2559.822819,5278.826912,-2719.040278,No fault 
-6.916574636,24.81643033,-17.90215901,-2703.60851,5279.100001,-2575.527676,No fault 
-7.68899854,25.00195564,-17.31526038,-2844.72561,5274.162806,-2429.473381,No fault 
-8.453762439,25.16273814,-16.71127894,-2983.034836,5264.020184,-2281.021531,No fault 
-9.210111484,25.29861905,-16.09081077,-3118.399712,5248.682159,-2130.318631,No fault 
-9.957299372,25.40946439,-15.45446819,-3250.68663,5228.163853,-1977.513406,No fault 
-10.6945886,25.49516466,-14.80287919,-3379.765058,5202.48553,-1822.756656,No fault 
-11.42125167,25.55563538,-14.1366868,-3505.507592,5171.672516,-1666.201107,No fault 
-12.13657133,25.59081678,-13.4565485,-3627.790158,5135.755236,-1508.001262,No fault 
-12.83984178,25.60067424,-12.76313547,-3746.492059,5094.76912,-1348.313243,No fault 
-13.53036885,25.58519793,-12.05713206,-3861.496171,5048.754632,-1187.294644,No fault 
-14.20747119,25.54440323,-11.33923497,-3972.688977,4997.757167,-1025.104371,No fault 
-14.87048047,25.47833029,-10.61015272,-4079.960765,4941.827069,-861.9024862,No fault 
-15.5187425,25.38704443,-9.870604791,-4183.20565,4881.019519,-697.8500498,No fault 
-16.15161739,25.27063562,-9.121321049,-4282.321762,4815.394542,-533.1089616,No fault 
-16.76848071,25.12921886,-8.363040935,-4377.211265,4745.016886,-367.8418017,No fault 
-17.36872356,24.96293361,-7.596512788,-4467.780534,4669.956021,-202.2116683,No fault 
-17.95175369,24.77194406,-6.822493072,-4553.940169,4590.286008,-36.38201893,No fault 
-18.51699561,24.55643861,-6.041745657,-4635.60516,4506.085486,129.4834932,No fault 
-19.06389161,24.31663003,-5.25504104,-4712.694895,4417.437537,295.2211782,No fault 
-19.59190185,24.05275488,-4.46315561,-4785.133314,4324.42966,460.6674737,No fault 
-20.10050537,23.76507368,-3.666870856,-4852.848911,4227.153628,625.6591035,No fault 
-20.58920013,23.45387024,-2.866972621,-4915.774876,4125.705455,790.0332413,No fault 
-21.05750394,23.11945178,-2.064250301,-4973.849092,4020.185244,953.6276693,No fault 
-21.50495455,22.76214822,-1.259496094,-5027.014264,3910.697145,1116.28094,No fault 
-21.93111049,22.38231229,-0.453504187,-5075.217906,3797.349195,1277.832533,No fault 
-22.33555108,21.98031873,0.352929995,-5118.412466,3680.253269,1438.123019,No fault 
-22.71787729,21.55656437,1.159010608,-5156.555298,3559.524913,1596.994208,No fault 
-23.07771172,21.11146731,1.963942139,-5189.608777,3435.283284,1754.289314,No fault 
-23.41469935,20.64546689,2.766930226,-5217.540265,3307.650981,1909.853106,No fault 
-23.72850751,20.15902291,3.567182409,-5240.322215,3176.753975,2063.532062,No fault 
-24.01882662,19.65261552,4.363908943,-5257.932127,3042.721432,2215.174519,No fault 
-24.28537007,19.1267444,5.156323548,-5270.352639,2905.685639,2364.630823,No fault 
-24.52787491,18.58192862,5.943644214,-5277.571477,2765.78182,2511.75348,No fault 
-24.74610171,18.01870573,6.725093942,-5279.581533,2623.148058,2656.397298,No fault 
-24.93983523,17.43763168,7.499901545,-5276.380806,2477.925101,2798.41953,No fault 
-25.10888415,16.83927982,8.267302373,-5267.972474,2330.25628,2937.680018,No fault 
-25.25308177,16.22424075,9.026539102,-5254.364815,2180.287313,3074.041327,No fault 
-25.37228566,15.59312133,9.776862448,-5235.571277,2028.166215,3207.368887,No fault 
-25.4663783,14.94654452,10.51753194,-5211.610389,1874.043096,3337.531119,No fault 
-25.53526671,14.28514829,11.24781662,-5182.505816,1718.070073,3464.399568,No fault 
-25.57888304,13.60958547,11.9669958,-5148.286262,1560.401058,3587.849031,No fault 
-25.59718411,12.92052267,12.67435972,-5108.985516,1401.191664,3707.757678,No fault 
-25.59015198,12.21863999,13.3692103,-5064.642345,1240.598998,3824.007174,No fault 
-25.55779349,11.50463003,14.05086181,-5015.300528,1078.781561,3936.482794,No fault 
-25.50014067,10.77919751,14.71864155,-4961.008742,915.8990311,4045.073538,No fault 
-25.41725031,10.04305826,15.37189049,-4901.820584,752.1121691,4149.672241,No fault 
-25.30920433,9.296938845,16.00996396,-4837.794447,587.5825985,4250.175677,No fault 
-25.17610925,8.541575512,16.63223225,-4768.993537,422.4727042,4346.48466,No fault 
-25.01809652,7.777713807,17.23808127,-4695.485732,256.9454156,4438.504145,No fault 
-24.83532198,7.006107471,17.8269131,-4617.343594,91.16410222,4526.14332,No fault 
-24.62796611,6.227518085,18.39814665,-4534.644223,-74.7076438,4609.315696,No fault 
-24.39623344,5.442713928,18.95121818,-4447.46925,-240.506113,4687.939192,No fault 
-24.14035277,4.652469601,19.48558188,-4355.904689,-406.0676965,4761.936215,No fault 
-23.86057651,3.857564887,20.00071038,-4260.04092,-571.2289907,4831.23374,No fault 
-23.55718089,3.058784356,20.49609532,-4159.972533,-735.8270156,4895.763378,No fault 
-23.23046521,2.256916214,20.97124782,-4055.798299,-899.6993188,4955.461447,No fault 
-22.880752,1.452751904,21.42569896,-3947.621009,-1062.684192,5010.269032,No fault 
-22.50838628,0.647084943,21.85900024,-3835.547439,-1224.620775,5060.132044,No fault 
-22.11373564,-0.159289475,22.27072406,-3719.688173,-1385.349269,5105.001274,No fault 
-21.69718945,-0.965575652,22.66046409,-3600.157569,-1544.711042,5144.832442,No fault 
-21.2591589,-1.770977784,23.02783571,-3477.073571,-1702.548836,5179.586239,No fault 
-20.80007616,-2.574701131,23.37247636,-3350.557666,-1858.706871,5209.228368,No fault 
-20.3203944,-3.37595242,23.69404593,-3220.734692,-2013.031051,5233.729575,No fault 
-19.8205869,-4.173941006,23.99222706,-3087.732786,-2165.369063,5253.06568,No fault 
-19.30114703,-4.967879276,24.26672548,-2951.683188,-2315.570581,5267.217602,No fault 
-18.76258728,-5.756983802,24.51727031,-2812.72018,-2463.487362,5276.171374,No fault 
-18.20543928,-6.540475739,24.74361428,-2670.980884,-2608.973443,5279.91816,No fault 
-17.63025274,-7.317581967,24.94553401,-2526.605196,-2751.885232,5278.454261,No fault 
-17.03759543,-8.087535483,25.12283025,-2379.735582,-2892.081708,5271.781123,No fault 
-16.4280521,-8.849576528,25.27532801,-2230.517,-3029.424498,5259.905332,No fault 
-15.80222442,-9.602952965,25.4028768,-2079.096695,-3163.778077,5242.838607,No fault 
-15.16072989,-10.3469214,25.50535075,-1925.624117,-3295.00984,5220.597791,No fault 
-14.50420171,-11.08074752,25.58264873,-1770.250707,-3422.99029,5193.204832,No fault 
-13.83328767,-11.80370723,25.63469444,-1613.129819,-3547.593113,5160.686766,No fault 
-13.14865,-12.51508696,25.66143654,-1454.416493,-3668.695355,5123.075683,No fault 
-12.45096425,-13.21418476,25.66284863,-1294.267378,-3786.177487,5080.4087,No fault 
-11.74091905,-13.9003106,25.63892931,-1132.840505,-3899.923584,5032.727925,No fault 
-11.01921503,-14.57278746,25.58970219,-970.2951998,-4009.821378,4980.080413,No fault 
-10.28656453,-15.23095159,25.51521586,-806.7918576,-4115.762426,4922.51812,No fault 
-9.543690478,-15.87415355,25.41554381,-642.4918539,-4217.642165,4860.097855,No fault 
-8.791326113,-16.50175849,25.29078442,-477.5573156,-4315.360065,4792.881217,No fault 
-8.030213821,-17.11314713,25.14106081,-312.1510304,-4408.819675,4720.934542,No fault 
-7.261104835,-17.707716,24.96652074,-146.4362172,-4497.928778,4644.328832,No fault 
-6.484758067,-18.28487844,24.76733645,19.42356636,-4582.599418,4563.139689,No fault 
-5.701939784,-18.84406476,24.54370452,185.2646538,-4662.748051,4477.447235,No fault 
-4.913422427,-19.3847232,24.29584564,350.9233628,-4738.295565,4387.336039,No fault 
-4.119984276,-19.9063201,24.02400444,516.2362254,-4809.167417,4292.89503,No fault 
-3.322408252,-20.40834081,23.72844916,681.0400807,-4875.293653,4194.21741,No fault 
-2.521481574,-20.89028979,23.4094715,845.1723042,-4936.609027,4091.400561,No fault 
-1.717994553,-21.35169152,23.06738625,1008.4709,-4993.053014,3984.545952,No fault 
-0.912740242,-21.79209055,22.702531,1170.77473,-5044.569925,3873.759035,No fault 
-0.106513224,-22.21105235,22.31526583,1331.923601,-5091.108905,3759.149143,No fault 
0.699890746,-22.60816336,21.90597291,1491.758498,-5132.62404,3640.829382,No fault 
1.50567595,-22.98303178,21.47505617,1650.121664,-5169.074345,3518.916521,No fault 
2.310047068,-23.33528756,21.02294087,1806.856832,-5200.423862,3393.530871,No fault 
3.112210388,-23.66458317,20.5500732,1961.809306,-5226.64164,3264.796174,No fault 
3.911374167,-23.97059352,20.05691981,2114.826183,-5247.701817,3132.839475,No fault 
4.706749829,-24.25301673,19.5439674,2265.756438,-5263.583597,2997.791,No fault 
5.49755233,-24.51157397,19.01172218,2414.451137,-5274.27132,2859.784024,No fault 
6.283001347,-24.74601018,18.46070941,2560.76352,-5279.754424,2718.954745,No fault 
7.062321631,-24.9560939,17.89147289,2704.549211,-5280.027512,2575.442143,No fault 
7.834744192,-25.1416179,17.30457436,2845.666294,-5275.090302,2429.387849,No fault 
8.599506636,-25.30239899,16.70059305,2983.97552,-5264.947678,2280.936,No fault 
9.355854339,-25.4382786,16.08012499,3119.340379,-5249.609638,2130.233101,No fault 
10.10304077,-25.54912253,15.44378253,3251.627297,-5229.09133,1977.427876,No fault 
10.84032866,-25.63482148,14.79219364,3380.705707,-5203.412992,1822.671127,No fault 
11.56699027,-25.6952908,14.12600138,3506.448241,-5172.599977,1666.115579,No fault 
12.28230859,-25.73047088,13.44586318,3628.73079,-5136.682681,1507.915735,No fault 
12.98557759,-25.74032693,12.75245028,3747.432691,-5095.696564,1348.227717,No fault 
13.67610331,-25.72484931,12.04644698,3862.436785,-5049.68206,1187.209119,No fault 
14.3532042,-25.6840532,11.32855001,3973.629592,-4998.684594,1025.018846,No fault 
15.01621214,-25.61797895,10.59946787,4080.901362,-4942.75448,861.8169621,No fault 
15.66447271,-25.52669168,9.859920064,4184.146248,-4881.946929,697.7645262,No fault 
16.29734626,-25.41028156,9.110636435,4283.262341,-4816.321936,533.023439,No fault 
16.91420812,-25.26886339,8.352356442,4378.151845,-4745.944278,367.7562796,No fault 
17.51444963,-25.10257682,7.585828408,4468.721096,-4670.883398,202.1261472,No fault 
18.09747831,-24.91158587,6.811808812,4554.880732,-4591.213383,36.29649826,No fault 
18.66271889,-24.6960791,6.031061511,4636.545705,-4507.012847,-129.5690129,No fault 
19.20961343,-24.45626911,5.244357014,4713.63544,-4418.364896,-295.3066974,No fault 
19.73762233,-24.19239265,4.452471698,4786.073842,-4325.357004,-460.7529919,No fault 
20.2462244,-23.90471005,3.656187064,4853.789439,-4228.08097,-625.7446212,No fault 
20.73491781,-23.59350529,2.856288942,4916.715387,-4126.632782,-790.1187581,No fault 
21.20322017,-23.25908542,2.053566743,4974.789602,-4021.112569,-953.7131855,No fault 
21.65066944,-22.90178055,1.248812649,5027.954757,-3911.624455,-1116.366455,No fault 
22.07682392,-22.52194321,0.442820862,5076.1584,-3798.276503,-1277.918048,No fault 
22.48126316,-22.11994834,-0.363613208,5119.352942,-3681.180562,-1438.208532,No fault 
22.86358793,-21.69619257,-1.1696937,5157.495773,-3560.452203,-1597.079721,No fault 
23.22342101,-21.25109419,-1.974625118,5190.549235,-3436.21056,-1754.374826,No fault 
23.56040719,-20.78509236,-2.777613084,5218.480723,-3308.578255,-1909.938618,No fault 
23.874214,-20.29864707,-3.577865154,5241.262656,-3177.681234,-2063.617573,No fault 
24.16453166,-19.79223828,-4.374591567,5258.872568,-3043.648688,-2215.260029,No fault 
24.43107376,-19.26636584,-5.167006059,5271.293063,-2906.61288,-2364.716333,No fault 
24.67357715,-18.72154865,-5.954326604,5278.5119,-2766.70906,-2511.838989,No fault 
24.89180261,-18.15832445,-6.73577622,5280.521939,-2624.075283,-2656.482806,No fault 
25.08553468,-17.577249,-7.510583702,5277.321212,-2478.852324,-2798.505037,No fault 
25.25458226,-16.97889582,-8.277984417,5268.912863,-2331.183488,-2937.765524,No fault 
25.39877842,-16.36385534,-9.037221024,5255.305204,-2181.214519,-3074.126833,No fault 
25.51798097,-15.73273461,-9.787544258,5236.511649,-2029.093405,-3207.454392,No fault 
25.61207216,-15.08615639,-10.52821363,5212.550761,-1874.970285,-3337.616623,No fault 
25.68095923,-14.42475885,-11.2584982,5183.446171,-1718.997247,-3464.485072,No fault 
25.7245741,-13.74919462,-11.97767725,5149.226616,-1561.32823,-3587.934534,No fault 
25.74287382,-13.0601305,-12.68504106,5109.925853,-1402.118821,-3707.84318,No fault 
25.73584025,-12.35824642,-13.37989152,5065.582682,-1241.526153,-3824.092675,No fault 
25.70348041,-11.64423514,-14.06154292,5016.240848,-1079.708701,-3936.568294,No fault 
25.64582614,-10.91880122,-14.72932254,4961.949061,-916.8261691,-4045.159038,No fault 
25.56293444,-10.18266065,-15.38257136,4902.760886,-753.0392921,-4149.75774,No fault 
25.45488701,-9.436539831,-16.02064471,4838.734749,-588.5097196,-4250.261175,No fault 
25.32179058,-8.681175183,-16.64291289,4769.933821,-423.3998102,-4346.570157,No fault 
25.1637764,-7.917312072,-17.24876179,4696.426016,-257.8725197,-4438.589642,No fault 
24.98100051,-7.145704421,-17.83759351,4618.283862,-92.09119132,-4526.228816,No fault 
24.77364319,-6.36711363,-18.40882694,4535.58449,73.78055661,-4609.401191,No fault 
24.54190918,-5.582308156,-18.96189835,4448.4095,239.5790409,-4688.024686,No fault 
24.28602706,-4.792062424,-19.49626193,4356.844939,405.1406262,-4762.021709,No fault 
24.00624946,-3.997156394,-20.01139032,4260.981153,570.3019355,-4831.319233,No fault 
23.70285239,-3.198374458,-20.50677514,4160.912765,734.8999624,-4895.848871,No fault 
23.37613535,-2.396505,-20.98192752,4056.738515,898.7722805,-4955.546939,No fault 
23.02642069,-1.592339285,-21.43637854,3948.561224,1061.757156,-5010.354523,No fault 
22.65405363,-0.786671008,-21.86967971,3836.487637,1223.693753,-5060.217534,No fault 
22.25940155,0.019704815,-22.28140341,3720.628371,1384.42225,-5105.086763,No fault 
21.84285401,0.825992308,-22.67114333,3601.09775,1543.784038,-5144.91793,No fault 
21.40482201,1.631395845,-23.03851483,3478.013751,1701.621834,-5179.671727,No fault 
20.94573792,2.435120508,-23.38315536,3351.497829,1857.779883,-5209.313855,No fault 
20.46605472,3.236373202,-23.70472481,3221.674855,2012.104065,-5233.815061,No fault 
19.96624587,4.034363104,-24.00290582,3088.672932,2164.442092,-5253.151166,No fault 
19.44680454,4.828302779,-24.27740413,2952.623334,2314.643613,-5267.303087,No fault 
18.90824346,5.617408621,-24.52794884,2813.660309,2462.560408,-5276.256858,No fault 
18.351094,6.400901962,-24.75429269,2671.921012,2608.046491,-5280.003643,No fault 
17.77590612,7.178009507,-24.95621231,2527.545308,2750.958295,-5278.539744,No fault 
17.18324736,7.947964427,-25.13350843,2380.675693,2891.154773,-5271.866605,No fault 
16.57370268,8.710006789,-25.28600608,2231.457094,3028.497579,-5259.990813,No fault 
15.94787355,9.46338463,-25.41355475,2080.036788,3162.85116,-5242.924087,No fault 
15.30637768,10.20735438,-25.51602858,1926.564193,3294.082937,-5220.68327,No fault 
14.64984805,10.94118191,-25.59332644,1771.190783,3422.06339,-5193.290312,No fault 
13.97893267,11.66414293,-25.64537204,1614.069878,3546.666228,-5160.772244,No fault 
13.29429355,12.37552407,-25.67211402,1455.356551,3667.768471,-5123.16116,No fault 
12.59660645,13.07462318,-25.67352599,1295.20742,3785.250618,-5080.494177,No fault 
11.8865598,13.76075043,-25.64960655,1133.780546,3898.996717,-5032.813401,No fault 
11.16485443,14.43322861,-25.60037932,971.2352244,4008.894526,-4980.165888,No fault 
10.43220249,15.09139414,-25.52589286,807.7318816,4114.835577,-4922.603595,No fault 
9.689327088,15.73459742,-25.4262207,643.4318611,4216.71533,-4860.183329,No fault 
8.936961276,16.36220376,-25.3014612,478.4973221,4314.433232,-4792.96669,No fault 
8.175847637,16.97359372,-25.15173747,313.0910202,4407.892857,-4721.020015,No fault 
7.406737204,17.56816399,-24.97719728,147.3762064,4497.001962,-4644.414304,No fault 
6.630389088,18.14532775,-24.77801287,-18.48359382,4581.672617,-4563.22516,No fault 
5.847569358,18.70451547,-24.55438082,-184.3246819,4661.821252,-4477.532705,No fault 
5.059050655,19.24517523,-24.30652184,-349.9834076,4737.368781,-4387.421509,No fault 
4.265611057,19.76677354,-24.03468051,-515.296271,4808.240635,-4292.980499,No fault 
3.468033685,20.26879556,-23.73912512,-680.1001429,4874.366886,-4194.302878,No fault 
2.667105561,20.75074595,-23.42014734,-844.2323671,4935.682262,-4091.486029,No fault 
1.863617192,21.21214899,-23.07806197,-1007.53098,4992.126264,-3984.631419,No fault 
1.058361435,21.65254942,-22.71320661,-1169.83481,5043.643177,-3873.844501,No fault 
0.252133069,22.07151254,-22.32594131,-1330.983698,5090.182172,-3759.234608,No fault 
-0.554272347,22.46862495,-21.91664828,-1490.818595,5131.697309,-3640.914847,No fault 
-1.360058899,22.84349469,-21.48573142,-1649.181778,5168.147629,-3519.001984,No fault 
-2.164431463,23.19575188,-21.033616,-1805.916947,5199.497148,-3393.616334,No fault 
-2.966596131,23.5250488,-20.56074821,-1960.869437,5225.71494,-3264.881636,No fault 
-3.765761355,23.83106056,-20.06759471,-2113.886316,5246.77512,-3132.924936,No fault 
-4.561138365,24.11348508,-19.55464218,-2264.816587,5262.656915,-2997.87646,No fault 
-5.351942311,24.37204373,-19.02239684,-2413.511287,5273.344639,-2859.869484,No fault 
-6.137392677,24.60648125,-18.47138396,-2559.823687,5278.827758,-2719.040204,No fault 
-6.916714407,24.81656638,-17.90214732,-2703.609378,5279.100849,-2575.527602,No fault 
-7.689138315,25.00209169,-17.31524868,-2844.726478,5274.163653,-2429.473307,No fault 
-8.453902205,25.16287419,-16.71126724,-2983.035705,5264.021032,-2281.021457,No fault 
-9.210251256,25.29875511,-16.09079907,-3118.400579,5248.683006,-2130.318557,No fault 
-9.957439134,25.40960044,-15.45445649,-3250.687499,5228.164701,-1977.513332,No fault 
-10.69472837,25.49530072,-14.80286749,-3379.765925,5202.486377,-1822.756582,No fault 
-11.42139143,25.55577143,-14.1366751,-3505.50846,5171.673364,-1666.201033,No fault 
-12.1367111,25.59095284,-13.4565368,-3627.791025,5135.756083,-1508.001188,No fault 
-12.83998154,25.60081029,-12.76312377,-3746.492928,5094.769968,-1348.313169,No fault 
-13.53050861,25.58533399,-12.05712035,-3861.497038,5048.755479,-1187.29457,No fault 
-14.20761094,25.54453928,-11.33922327,-3972.689846,4997.758015,-1025.104297,No fault 
-14.87062023,25.47846635,-10.61014101,-4079.961633,4941.827916,-861.9024122,No fault 
-15.51888224,25.38718047,-9.870593086,-4183.206519,4881.020367,-697.8499758,No fault 
-16.15175714,25.27077168,-9.121309343,-4282.322629,4815.395388,-533.1088876,No fault 
-16.76862045,25.12935491,-8.363029229,-4377.212133,4745.017734,-367.8417277,No fault 
-17.36886331,24.96306966,-7.596501081,-4467.781401,4669.956868,-202.2115943,No fault 
-17.95189343,24.7720801,-6.822481365,-4553.941038,4590.286856,-36.3819449,No fault 
-18.51713536,24.55657466,-6.041733949,-4635.606028,4506.086333,129.4835672,No fault 
-19.06403135,24.31676607,-5.255029332,-4712.695764,4417.438385,295.2212523,No fault 
-19.59204159,24.05289093,-4.463143901,-4785.134182,4324.430507,460.6675477,No fault 
-20.1006451,23.76520972,-3.666859147,-4852.849779,4227.154476,625.6591775,No fault 
-20.58933986,23.45400629,-2.866960911,-4915.775744,4125.706302,790.0333153,No fault 
-21.05764367,23.11958782,-2.064238591,-4973.84996,4020.186092,953.6277433,No fault 
-21.50509429,22.76228426,-1.259484383,-5027.015131,3910.697992,1116.281014,No fault 
-21.93125021,22.38244832,-0.453492476,-5075.218775,3797.350043,1277.832608,No fault 
-22.3356908,21.98045477,0.352941708,-5118.413334,3680.254116,1438.123093,No fault 
-22.71801701,21.55670041,1.159022321,-5156.556166,3559.52576,1596.994282,No fault 
-23.07785144,21.11160335,1.963953853,-5189.609644,3435.284131,1754.289388,No fault 
-23.41483906,20.64560292,2.76694194,-5217.541133,3307.651829,1909.853181,No fault 
-23.72864723,20.15915895,3.567194123,-5240.323082,3176.754822,2063.532136,No fault 
-24.01896633,19.65275156,4.363920658,-5257.932995,3042.722279,2215.174593,No fault 
-24.28550978,19.12688044,5.156335263,-5270.353507,2905.686486,2364.630897,No fault 
-24.52801462,18.58206465,5.943655929,-5277.572345,2765.782668,2511.753555,No fault 
-24.74624142,18.01884177,6.725105659,-5279.5824,2623.148905,2656.397372,No fault 
-24.93997493,17.43776772,7.499913262,-5276.381675,2477.925949,2798.419604,No fault 
-25.10902386,16.83941586,8.26731409,-5267.973341,2330.257127,2937.680092,No fault 
-25.25322147,16.22437678,9.026550819,-5254.365683,2180.288161,3074.041401,No fault 
-25.37242537,15.59325737,9.776874166,-5235.572144,2028.167061,3207.368961,No fault 
-25.466518,14.94668054,10.51754366,-5211.611258,1874.043944,3337.531193,No fault 
-25.53540642,14.28528432,11.24782834,-5182.506684,1718.07092,3464.399642,No fault 
-25.57902273,13.6097215,11.96700752,-5148.287131,1560.401905,3587.849105,No fault 
-25.59732381,12.9206587,12.67437144,-5108.986384,1401.192511,3707.757752,No fault 
-25.59029167,12.21877602,13.36922202,-5064.643213,1240.599846,3824.007248,No fault 
-25.55793318,11.50476606,14.05087354,-5015.301395,1078.782407,3936.482868,No fault 
-25.50028035,10.77933353,14.71865327,-4961.00961,915.8998787,4045.073612,No fault 
-25.41739,10.04319428,15.37190221,-4901.821451,752.1130158,4149.672315,No fault 
-25.30934401,9.297074868,16.00997568,-4837.795316,587.5834461,4250.175751,No fault 
-25.17624894,8.541711541,16.63224397,-4768.994404,422.4735509,4346.484734,No fault 
-25.0182362,7.777849828,17.23809299,-4695.4866,256.9462632,4438.504219,No fault 
-24.83546166,7.006243498,17.82692482,-4617.344461,91.16494892,4526.143394,No fault 
-24.62810578,6.227654106,18.39815838,-4534.645091,-74.70679622,4609.31577,No fault 
-24.39637312,5.442849953,18.95122991,-4447.470117,-240.5052663,4687.939266,No fault 
-24.14049244,4.65260562,19.4855936,-4355.905557,-406.0668489,4761.936289,No fault 
-23.86071619,3.857700911,20.0007221,-4260.041787,-571.2281441,4831.233814,No fault 
-23.55732056,3.058920374,20.49610705,-4159.973401,-735.8261681,4895.763453,No fault 
-23.23060488,2.257052237,20.97125955,-4055.799166,-899.6984721,4955.461522,No fault 
-22.88089166,1.452887919,21.42571068,-3947.621878,-1062.683344,5010.269106,No fault 
-22.50852595,0.647220964,21.85901197,-3835.548306,-1224.619928,5060.132118,No fault 
-22.1138753,-0.159153461,22.27073579,-3719.689041,-1385.348422,5105.001348,No fault 
-21.69732912,-0.965439632,22.66047582,-3600.158436,-1544.710195,5144.832516,No fault 
-21.25929856,-1.770841771,23.02784744,-3477.074439,-1702.547989,5179.586313,No fault 
-20.80021582,-2.574565113,23.37248809,-3350.558533,-1858.706024,5209.228442,No fault 
-20.32053406,-3.375816409,23.69405766,-3220.73556,-2013.030203,5233.729649,No fault 
-19.82072656,-4.173804989,23.99223879,-3087.733653,-2165.368216,5253.065755,No fault 
-19.30128667,-4.967743266,24.26673721,-2951.684056,-2315.569734,5267.217676,No fault 
-18.76272694,-5.756847787,24.51728204,-2812.721047,-2463.486515,5276.171448,No fault 
-18.20557892,-6.54033973,24.74362601,-2670.981752,-2608.972595,5279.918234,No fault 
-17.63039239,-7.317445953,24.94554574,-2526.606063,-2751.884386,5278.454335,No fault 
-17.03773507,-8.087399476,25.12284198,-2379.73645,-2892.08086,5271.781197,No fault 
-16.42819175,-8.849440516,25.27533974,-2230.517867,-3029.423652,5259.905406,No fault 
-15.80236406,-9.60281696,25.40288854,-2079.097563,-3163.77723,5242.838681,No fault 
-15.16086954,-10.34678539,25.50536248,-1925.624984,-3295.008994,5220.597865,No fault 
-14.50434134,-11.08061152,25.58266046,-1770.251575,-3422.989443,5193.204907,No fault 
-13.83342731,-11.80357122,25.63470618,-1613.130685,-3547.592267,5160.68684,No fault 
-13.14878963,-12.51495096,25.66144828,-1454.417361,-3668.694507,5123.075757,No fault 
-12.45110389,-13.21404875,25.66286036,-1294.268245,-3786.17664,5080.408774,No fault 
-11.74105868,-13.9001746,25.63894104,-1132.841373,-3899.922736,5032.727999,No fault 
-11.01935466,-14.57265146,25.58971393,-970.2960666,-4009.820531,4980.080487,No fault 
-10.28670415,-15.23081559,25.51522759,-806.7927255,-4115.761579,4922.518194,No fault 
-9.543830106,-15.87401755,25.41555555,-642.4927207,-4217.641319,4860.097929,No fault 
-8.791465734,-16.50162249,25.29079616,-477.5581834,-4315.359217,4792.881291,No fault 
-8.030353447,-17.11301113,25.14107255,-312.1518972,-4408.818829,4720.934616,No fault 
-7.261244452,-17.70758001,24.96653247,-146.437085,-4497.927931,4644.328907,No fault 
-6.484897689,-18.28474244,24.76734818,19.42269959,-4582.598572,4563.139763,No fault 
-5.702079397,-18.84392877,24.54371626,185.2637859,-4662.747204,4477.447309,No fault 
-4.913562046,-19.3845872,24.29585738,350.9224961,-4738.294718,4387.336114,No fault 
-4.120123886,-19.90618411,24.02401617,516.2353576,-4809.16657,4292.895104,No fault 
-3.322547867,-20.40820481,23.7284609,681.039214,-4875.292806,4194.217484,No fault 
-2.52162118,-20.8901538,23.40948324,845.1714364,-4936.608179,4091.400635,No fault 
-1.718134165,-21.35155552,23.06739799,1008.470033,-4993.052167,3984.546026,No fault 
-0.912879845,-21.79195456,22.70254274,1170.773862,-5044.569078,3873.759109,No fault 
-0.106652832,-22.21091635,22.31527757,1331.922735,-5091.108059,3759.149217,No fault 
0.699751147,-22.60802737,21.90598465,1491.75763,-5132.623193,3640.829457,No fault 
1.505536345,-22.98289579,21.47506791,1650.120797,-5169.073499,3518.916595,No fault 
2.309907472,-23.33515158,21.02295261,1806.855964,-5200.423015,3393.530945,No fault 
3.112070787,-23.66444718,20.55008494,1961.808439,-5226.640793,3264.796248,No fault 
3.911234574,-23.97045754,20.05693155,2114.825316,-5247.70097,3132.839549,No fault 
4.706610231,-24.25288074,19.54397914,2265.755571,-5263.582751,2997.791074,No fault 
5.49741274,-24.51143799,19.01173392,2414.45027,-5274.270472,2859.784098,No fault 
6.282861752,-24.74587419,18.46072115,2560.762654,-5279.753578,2718.954819,No fault 
7.062182045,-24.95595792,17.89148463,2704.548344,-5280.026665,2575.442218,No fault 
7.834604601,-25.14148191,17.30458611,2845.665428,-5275.089455,2429.387924,No fault 
8.599367053,-25.30226301,16.70060479,2983.974653,-5264.946831,2280.936075,No fault 
9.355714751,-25.43814261,16.08013674,3119.339512,-5249.608791,2130.233175,No fault 
10.10290119,-25.54898655,15.44379427,3251.626429,-5229.090483,1977.427951,No fault 
10.84018907,-25.6346855,14.79220538,3380.70484,-5203.412145,1822.671202,No fault 
11.5668507,-25.69515482,14.12601312,3506.447373,-5172.59913,1666.115654,No fault 
12.28216901,-25.7303349,13.44587493,3628.729923,-5136.681835,1507.915809,No fault 
12.98543802,-25.74019096,12.75246202,3747.431824,-5095.695717,1348.227791,No fault 
13.67596374,-25.72471333,12.04645872,3862.435919,-5049.681214,1187.209193,No fault 
14.35306463,-25.68391723,11.32856176,3973.628725,-4998.683747,1025.018921,No fault 
15.01607256,-25.61784297,10.59947962,4080.900496,-4942.753634,861.8170363,No fault 
15.66433314,-25.52655571,9.859931809,4184.14538,-4881.946081,697.7646004,No fault 
16.29720669,-25.41014558,9.110648181,4283.261475,-4816.321089,533.0235132,No fault 
16.91406856,-25.26872742,8.352368187,4378.150977,-4745.943431,367.7563538,No fault 
17.51431006,-25.10244085,7.585840155,4468.72023,-4670.882552,202.1262213,No fault 
18.09733875,-24.9114499,6.811820558,4554.879864,-4591.212536,36.29657245,No fault 
18.66257932,-24.69594313,6.031073258,4636.544839,-4507.012,-129.5689387,No fault 
19.20947388,-24.45613315,5.244368761,4713.634573,-4418.364049,-295.3066232,No fault 
19.73748277,-24.19225668,4.452483445,4786.072976,-4325.356157,-460.7529177,No fault 
20.24608485,-23.90457408,3.656198811,4853.788571,-4228.080123,-625.744547,No fault 
20.73477825,-23.59336932,2.85630069,4916.71452,-4126.631935,-790.1186839,No fault 
21.20308062,-23.25894946,2.05357849,4974.788735,-4021.111722,-953.7131113,No fault 
21.65052988,-22.90164458,1.248824397,5027.953891,-3911.623608,-1116.366381,No fault 
22.07668438,-22.52180725,0.44283261,5076.157532,-3798.275656,-1277.917974,No fault 
22.48112361,-22.11981237,-0.363601459,5119.352076,-3681.179715,-1438.208458,No fault 
22.86344838,-21.69605661,-1.169681951,5157.494906,-3560.451356,-1597.079647,No fault 
23.22328146,-21.25095823,-1.974613369,5190.548369,-3436.209714,-1754.374752,No fault 
23.56026765,-20.78495641,-2.777601335,5218.479855,-3308.577408,-1909.938544,No fault 
23.87407446,-20.29851111,-3.577853404,5241.26179,-3177.680387,-2063.617499,No fault 
24.16439213,-19.79210232,-4.374579818,5258.8717,-3043.647841,-2215.259955,No fault 
24.43093422,-19.26622989,-5.166994309,5271.292197,-2906.612034,-2364.716259,No fault 
24.67343762,-18.7214127,-5.954314854,5278.511033,-2766.708213,-2511.838915,No fault 
24.89166307,-18.1581885,-6.735764469,5280.521073,-2624.074437,-2656.482732,No fault 
25.08539515,-17.57711305,-7.510571952,5277.320345,-2478.851477,-2798.504963,No fault 
25.25444272,-16.97875987,-8.277972666,5268.911996,-2331.182642,-2937.76545,No fault 
25.3986389,-16.36371939,-9.037209274,5255.304336,-2181.213672,-3074.126759,No fault 
25.51784144,-15.73259866,-9.787532506,5236.510782,-2029.092559,-3207.454318,No fault 
25.61193263,-15.08602044,-10.52820188,5212.549894,-1874.969438,-3337.616549,No fault 
25.6808197,-14.42462289,-11.25848645,5183.445304,-1718.996401,-3464.484998,No fault 
25.72443458,-13.74905868,-11.9776655,5149.225749,-1561.327383,-3587.93446,No fault 
25.7427343,-13.05999455,-12.68502931,5109.924987,-1402.117974,-3707.843106,No fault 
25.73570073,-12.35811048,-13.37987977,5065.581815,-1241.525306,-3824.092601,No fault 
25.70334088,-11.64409919,-14.06153117,5016.239981,-1079.707854,-3936.56822,No fault 
25.64568662,-10.91866527,-14.72931079,4961.948194,-916.8253221,-4045.158964,No fault 
25.56279492,-10.1825247,-15.38255961,4902.76002,-753.0384459,-4149.757666,No fault 
25.4547475,-9.436403892,-16.02063296,4838.733882,-588.5088726,-4250.261101,No fault 
25.32165106,-8.68103924,-16.64290114,4769.932955,-423.398964,-4346.570083,No fault 
25.16363689,-7.917176135,-17.24875003,4696.425149,-257.8716728,-4438.589567,No fault 
24.980861,-7.145568479,-17.83758175,4618.282996,-92.09034515,-4526.228742,No fault 
24.77350369,-6.366977694,-18.40881519,4535.583623,73.78140353,-4609.401117,No fault 
24.54176967,-5.582172216,-18.9618866,4448.408634,239.579887,-4688.024612,No fault 
24.28588756,-4.791926491,-19.49625017,4356.844072,405.1414731,-4762.021635,No fault 
24.00610995,-3.997020457,-20.01137856,4260.980287,570.3027817,-4831.319159,No fault 
23.70271289,-3.198238527,-20.50676339,4160.911898,734.9008092,-4895.848797,No fault 
23.37599585,-2.396369064,-20.98191577,4056.737649,898.7731266,-4955.546865,No fault 
23.0262812,-1.592203355,-21.43636679,3948.560357,1061.758002,-5010.354449,No fault 
22.65391413,-0.786535074,-21.86966796,3836.486771,1223.694599,-5060.21746,No fault 
22.25926205,0.019840743,-22.28139166,3720.627504,1384.423097,-5105.086689,No fault 
21.84271452,0.82612824,-22.67113157,3601.096884,1543.784884,-5144.917856,No fault 
21.40468252,1.631531771,-23.03850307,3478.012884,1701.622681,-5179.671653,No fault 
20.94559843,2.435256438,-23.38314361,3351.496963,1857.780729,-5209.313781,No fault 
20.46591523,3.236509125,-23.70471305,3221.673988,2012.104912,-5233.814987,No fault 
19.96610638,4.034499032,-24.00289407,3088.672066,2164.442938,-5253.151092,No fault 
19.44666506,4.8284387,-24.27739238,2952.622467,2314.64446,-5267.303013,No fault 
18.90810397,5.617544547,-24.52793709,2813.659443,2462.561254,-5276.256784,No fault 
18.35095452,6.401037882,-24.75428094,2671.920145,2608.047338,-5280.003569,No fault 
17.77576664,7.178145431,-24.95620056,2527.544442,2750.959142,-5278.53967,No fault 
17.18310788,7.948100345,-25.13349667,2380.674826,2891.15562,-5271.866531,No fault 
16.5735632,8.710142711,-25.28599432,2231.456228,3028.498425,-5259.990739,No fault 
15.94773408,9.463520546,-25.41354299,2080.035921,3162.852007,-5242.924013,No fault 
15.3062382,10.2074903,-25.51601682,1926.563327,3294.083783,-5220.683196,No fault 
14.64970858,10.94131782,-25.59331468,1771.189916,3422.064237,-5193.290237,No fault 
13.97879319,11.66427885,-25.64536028,1614.069012,3546.667074,-5160.77217,No fault 
13.29415408,12.37565998,-25.67210226,1455.355685,3667.769318,-5123.161086,No fault 
12.59646698,13.0747591,-25.67351423,1295.206554,3785.251464,-5080.494102,No fault 
11.88642034,13.76088634,-25.64959479,1133.779679,3898.997564,-5032.813327,No fault 
11.16471497,14.43336452,-25.60036756,971.2343584,4008.895372,-4980.165814,No fault 
10.43206302,15.09153005,-25.52588111,807.7310147,4114.836423,-4922.603521,No fault 
9.689187622,15.73473333,-25.42620895,643.4309952,4216.716176,-4860.183254,No fault 
8.936821818,16.36233967,-25.30144944,478.4964553,4314.434078,-4792.966616,No fault 
8.175708174,16.97372963,-25.15172571,313.0901543,4407.893703,-4721.01994,No fault 
7.406597749,17.5682999,-24.97718552,147.3753395,4497.002809,-4644.41423,No fault 
6.630249629,18.14546366,-24.77800111,-18.48445971,4581.673463,-4563.225086,No fault 
5.847429906,18.70465137,-24.55436907,-184.3255487,4661.822099,-4477.532631,No fault 
5.058911198,19.24531113,-24.30651008,-349.9842735,4737.369627,-4387.421435,No fault 
4.265471608,19.76690943,-24.03466875,-515.2971378,4808.241482,-4292.980425,No fault 
3.467894232,20.26893146,-23.73911336,-680.1010087,4874.367732,-4194.302804,No fault 
2.666966114,20.75088184,-23.42013558,-844.2332339,4935.683108,-4091.485954,No fault 
1.863477742,21.21228489,-23.07805021,-1007.531846,4992.127109,-3984.631344,No fault 
1.058221992,21.65268531,-22.71319485,-1169.835677,5043.644023,-3873.844426,No fault 
0.251993622,22.07164844,-22.32592955,-1330.984564,5090.183018,-3759.234534,No fault 
-0.554411787,22.46876085,-21.91663652,-1490.819462,5131.698155,-3640.914773,No fault 
-1.360198343,22.84363059,-21.48571966,-1649.182644,5168.148475,-3519.00191,No fault 
-2.1645709,23.19588777,-21.03360424,-1805.917814,5199.497995,-3393.61626,No fault 
-2.966735572,23.52518469,-20.56073645,-1960.870303,5225.715786,-3264.881562,No fault 
-3.765900789,23.83119645,-20.06758295,-2113.887182,5246.775966,-3132.924862,No fault 
-4.561277803,24.11362097,-19.55463042,-2264.817453,5262.65776,-2997.876386,No fault 
-5.352081743,24.37217961,-19.02238508,-2413.512154,5273.345486,-2859.86941,No fault 
-6.137532112,24.60661715,-18.4713722,-2559.824552,5278.828604,-2719.04013,No fault 
-6.916853835,24.81670226,-17.90213556,-2703.610245,5279.101696,-2575.527528,No fault 
-7.689277748,25.00222758,-17.31523692,-2844.727343,5274.164499,-2429.473233,No fault 
-8.45404163,25.16301007,-16.71125548,-2983.036571,5264.021878,-2281.021383,No fault 
-9.210390685,25.298891,-16.09078731,-3118.401445,5248.683852,-2130.318483,No fault 
-9.957578556,25.40973632,-15.45444473,-3250.688365,5228.165547,-1977.513258,No fault 
-10.69486779,25.4954366,-14.80285573,-3379.766791,5202.487223,-1822.756508,No fault 
-11.42153085,25.55590731,-14.13666334,-3505.509327,5171.674211,-1666.200959,No fault 
-12.13685052,25.59108872,-13.45652503,-3627.791891,5135.756929,-1508.001114,No fault 
-12.84012095,25.60094617,-12.76311201,-3746.493795,5094.770815,-1348.313095,No fault 
-13.53064803,25.58546987,-12.05710859,-3861.497904,5048.756325,-1187.294496,No fault 
-14.20775036,25.54467515,-11.33921151,-3972.690713,4997.758862,-1025.104223,No fault 
-14.87075964,25.47860222,-10.61012925,-4079.962498,4941.828762,-861.902338,No fault 
-15.51902165,25.38731635,-9.870581324,-4183.207385,4881.021213,-697.8499016,No fault 
-16.15189656,25.27090755,-9.121297581,-4282.323495,4815.396234,-533.1088134,No fault 
-16.76875986,25.12949078,-8.363017467,-4377.213,4745.01858,-367.8416535,No fault 
-17.36900272,24.96320553,-7.596489319,-4467.782267,4669.957713,-202.2115201,No fault 
-17.95203283,24.77221597,-6.822469603,-4553.941904,4590.287702,-36.38187065,No fault 
-18.51727476,24.55671053,-6.041722187,-4635.606893,4506.087179,129.4836414,No fault 
-19.06417075,24.31690193,-5.25501757,-4712.69663,4417.439232,295.2213265,No fault 
-19.592181,24.0530268,-4.463132139,-4785.135047,4324.431353,460.6676219,No fault 
-20.1007845,23.76534559,-3.666847385,-4852.850646,4227.155322,625.6592518,No fault 
-20.58947926,23.45414216,-2.866949148,-4915.776609,4125.707148,790.0333896,No fault 
-21.05778307,23.11972368,-2.064226829,-4973.850827,4020.186938,953.6278176,No fault 
-21.50523368,22.76242013,-1.25947262,-5027.015997,3910.698838,1116.281088,No fault 
-21.93138961,22.38258418,-0.453480713,-5075.219641,3797.350889,1277.832682,No fault 
-22.3358302,21.98059064,0.352953471,-5118.414199,3680.254962,1438.123167,No fault 
-22.7181564,21.55683627,1.159034083,-5156.557033,3559.526607,1596.994356,No fault 
-23.07799083,21.11173921,1.963965616,-5189.610509,3435.284977,1754.289462,No fault 
-23.41497845,20.64573878,2.766953703,-5217.541999,3307.652675,1909.853255,No fault 
-23.72878662,20.15929481,3.567205887,-5240.323948,3176.755668,2063.532211,No fault 
-24.01910572,19.65288741,4.363932421,-5257.933862,3042.723126,2215.174667,No fault 
-24.28564917,19.1270163,5.156347027,-5270.354372,2905.687331,2364.630972,No fault 
-24.528154,18.5822005,5.943667692,-5277.573211,2765.783514,2511.753629,No fault 
-24.74638081,18.01897763,6.725117422,-5279.583266,2623.149751,2656.397446,No fault 
-24.94011431,17.43790356,7.499925025,-5276.382541,2477.926795,2798.419678,No fault 
-25.10916324,16.83955171,8.267325854,-5267.974206,2330.257973,2937.680166,No fault 
-25.25336085,16.22451263,9.026562582,-5254.366549,2180.289007,3074.041475,No fault 
-25.37256475,15.59339322,9.77688593,-5235.57301,2028.167907,3207.369035,No fault 
-25.46665737,14.94681639,10.51755542,-5211.612124,1874.04479,3337.531267,No fault 
-25.53554579,14.28542017,11.24784011,-5182.507549,1718.071766,3464.399717,No fault 
-25.5791621,13.60985734,11.96701928,-5148.287997,1560.402751,3587.84918,No fault 
-25.59746318,12.92079455,12.6743832,-5108.987249,1401.193356,3707.757827,No fault 
-25.59043104,12.21891186,13.36923379,-5064.64408,1240.600692,3824.007322,No fault 
-25.55807255,11.5049019,14.0508853,-5015.302261,1078.783253,3936.482942,No fault 
-25.50041972,10.77946937,14.71866504,-4961.010476,915.9007249,4045.073687,No fault 
-25.41752937,10.04333013,15.37191398,-4901.822316,752.1138614,4149.67239,No fault 
-25.30948337,9.297210704,16.00998745,-4837.796182,587.5842923,4250.175825,No fault 
-25.1763883,8.54184738,16.63225574,-4768.995269,422.4743964,4346.484808,No fault 
-25.01837556,7.777985662,17.23810475,-4695.487466,256.9471094,4438.504293,No fault 
-24.83560102,7.006379335,17.82693659,-4617.345327,91.16579446,4526.143468,No fault 
-24.62824514,6.227789937,18.39817014,-4534.645957,-74.70595003,4609.315844,No fault 
-24.39651248,5.442985788,18.95124167,-4447.470983,-240.5044208,4687.93934,No fault 
-24.14063179,4.652741449,19.48560536,-4355.906423,-406.0660027,4761.936363,No fault 
-23.86085555,3.857836744,20.00073387,-4260.042653,-571.2272985,4831.233888,No fault 
-23.55745991,3.059056201,20.49611881,-4159.974267,-735.8253219,4895.763527,No fault 
-23.23074423,2.257188067,20.97127131,-4055.800032,-899.6976266,4955.461596,No fault 
-22.881031,1.453023744,21.42572245,-3947.622744,-1062.682498,5010.26918,No fault 
-22.5086653,0.647356793,21.85902373,-3835.549171,-1224.619083,5060.132192,No fault 
-22.11401465,-0.159017638,22.27074756,-3719.689907,-1385.347576,5105.001422,No fault 
-21.69746847,-0.965303806,22.66048759,-3600.159301,-1544.70935,5144.83259,No fault 
-21.2594379,-1.770705951,23.0278592,-3477.075305,-1702.547142,5179.586387,No fault 
-20.80035517,-2.574429289,23.37249985,-3350.559398,-1858.705179,5209.228516,No fault 
-20.32067339,-3.37568059,23.69406942,-3220.736426,-2013.029357,5233.729723,No fault 
-19.8208659,-4.173669168,23.99225055,-3087.734519,-2165.36737,5253.065829,No fault 
-19.30142601,-4.96760745,24.26674898,-2951.684923,-2315.568888,5267.217751,No fault 
-18.76286627,-5.756711968,24.5172938,-2812.721912,-2463.48567,5276.171523,No fault 
-18.20571826,-6.540203916,24.74363777,-2670.982618,-2608.971749,5279.918308,No fault 
-17.63053173,-7.317310136,24.94555751,-2526.606929,-2751.88354,5278.454409,No fault 
-17.0378744,-8.087263664,25.12285375,-2379.737316,-2892.080014,5271.781272,No fault 
-16.42833108,-8.849304701,25.27535151,-2230.518732,-3029.422806,5259.90548,No fault 
-15.80250338,-9.60268115,25.4029003,-2079.098429,-3163.776384,5242.838755,No fault 
-15.16100887,-10.34664957,25.50537425,-1925.625849,-3295.008148,5220.597939,No fault 
-14.50448067,-11.08047571,25.58267223,-1770.252441,-3422.988597,5193.204981,No fault 
-13.83356664,-11.80343541,25.63471794,-1613.131551,-3547.591421,5160.686914,No fault 
-13.14892895,-12.51481515,25.66146004,-1454.418227,-3668.693661,5123.075831,No fault 
-12.45124321,-13.21391294,25.66287213,-1294.26911,-3786.175795,5080.408848,No fault 
-11.741198,-13.9000388,25.63895281,-1132.842239,-3899.92189,5032.728073,No fault 
-11.01949398,-14.57251565,25.58972569,-970.2969317,-4009.819686,4980.080561,No fault 
-10.28684347,-15.23067979,25.51523936,-806.7935914,-4115.760733,4922.518269,No fault 
-9.543969425,-15.87388175,25.41556731,-642.4935858,-4217.640473,4860.098003,No fault 
-8.791605046,-16.5014867,25.29080792,-477.5590493,-4315.358371,4792.881365,No fault 
-8.030492762,-17.11287533,25.14108431,-312.1527622,-4408.817984,4720.934691,No fault 
-7.261383761,-17.70744421,24.96654424,-146.4379509,-4497.927085,4644.328981,No fault 
-6.485037001,-18.28460664,24.76735995,19.42183452,-4582.597727,4563.139837,No fault 
-5.702218703,-18.84379297,24.54372802,185.2629201,-4662.746358,4477.447383,No fault 
-4.913701356,-19.3844514,24.29586915,350.921631,-4738.293873,4387.336188,No fault 
-4.12026319,-19.90604832,24.02402794,516.2344918,-4809.165724,4292.895179,No fault 
-3.322687174,-20.40806902,23.72847266,681.038349,-4875.291961,4194.217558,No fault 
-2.521760481,-20.89001801,23.40949501,845.1705706,-4936.607333,4091.40071,No fault 
-1.718273469,-21.35141973,23.06740975,1008.469168,-4993.051322,3984.546101,No fault 
-0.913019143,-21.79181877,22.70255451,1170.772996,-5044.568232,3873.759183,No fault 
-0.106792133,-22.21078056,22.31528933,1331.92187,-5091.107214,3759.149291,No fault 
0.699611851,-22.60789159,21.90599641,1491.756764,-5132.622347,3640.829531,No fault 
1.505397047,-22.98276,21.47507967,1650.119932,-5169.072654,3518.916669,No fault 
2.30976818,-23.3350158,21.02296438,1806.855098,-5200.422169,3393.531019,No fault 
3.111931491,-23.66431139,20.5500967,1961.807574,-5226.639948,3264.796322,No fault 
3.911095284,-23.97032176,20.05694332,2114.82445,-5247.700124,3132.839623,No fault 
4.706470938,-24.25274496,19.5439909,2265.754707,-5263.581905,2997.791148,No fault 
5.497273453,-24.51130221,19.01174568,2414.449404,-5274.269627,2859.784172,No fault 
6.282722462,-24.74573841,18.46073292,2560.761789,-5279.752732,2718.954893,No fault 
7.062042761,-24.95582215,17.89149639,2704.547478,-5280.025819,2575.442292,No fault 
7.834465314,-25.14134614,17.30459787,2845.664563,-5275.08861,2429.387998,No fault 
8.599227772,-25.30212724,16.70061656,2983.973787,-5264.945985,2280.936149,No fault 
9.355575467,-25.43800684,16.0801485,3119.338647,-5249.607946,2130.233249,No fault 
10.10276191,-25.54885078,15.44380604,3251.625563,-5229.089637,1977.428025,No fault 
10.84004979,-25.63454972,14.79221715,3380.703976,-5203.4113,1822.671276,No fault 
11.56671142,-25.69501905,14.12602489,3506.446508,-5172.598284,1666.115728,No fault 
12.28202973,-25.73019913,13.44588669,3628.729058,-5136.68099,1507.915883,No fault 
12.98529874,-25.74005519,12.75247379,3747.430958,-5095.694871,1348.227865,No fault 
13.67582446,-25.72457756,12.04647049,3862.435054,-5049.680369,1187.209267,No fault 
14.35292536,-25.68378146,11.32857352,3973.627859,-4998.682901,1025.018995,No fault 
15.01593329,-25.61770721,10.59949138,4080.899631,-4942.752789,861.8171105,No fault 
15.66419387,-25.52641994,9.859943575,4184.144515,-4881.945236,697.7646746,No fault 
16.29706742,-25.41000982,9.110659946,4283.26061,-4816.320244,533.0235874,No fault 
16.9139293,-25.26859166,8.352379953,4378.150111,-4745.942585,367.756428,No fault 
17.51417079,-25.10230508,7.58585192,4468.719365,-4670.881706,202.1262956,No fault 
18.09719949,-24.91131414,6.811832324,4554.878998,-4591.211691,36.29664669,No fault 
18.66244006,-24.69580737,6.031085023,4636.543974,-4507.011155,-129.5688645,No fault 
19.20933462,-24.45599739,5.244380526,4713.633707,-4418.363203,-295.306549,No fault 
19.73734351,-24.19212092,4.45249521,4786.072111,-4325.355312,-460.7528435,No fault 
20.24594559,-23.90443833,3.656210576,4853.787706,-4228.079277,-625.7444728,No fault 
20.73463899,-23.59323357,2.856312455,4916.713656,-4126.63109,-790.1186097,No fault 
21.20294137,-23.25881371,2.053590255,4974.787869,-4021.110876,-953.7130371,No fault 
21.65039063,-22.90150883,1.248836162,5027.953026,-3911.622763,-1116.366307,No fault 
22.07654512,-22.5216715,0.442844375,5076.156667,-3798.27481,-1277.9179,No fault 
22.48098436,-22.11967662,-0.363589693,5119.351211,-3681.17887,-1438.208384,No fault 
22.86330914,-21.69592087,-1.169670186,5157.494041,-3560.450511,-1597.079572,No fault 
23.22314221,-21.25082248,-1.974601603,5190.547504,-3436.208869,-1754.374678,No fault 
23.5601284,-20.78482067,-2.77758957,5218.47899,-3308.576562,-1909.93847,No fault 
23.87393521,-20.29837536,-3.577841639,5241.260925,-3177.679542,-2063.617425,No fault 
24.16425289,-19.79196658,-4.374568053,5258.870835,-3043.646996,-2215.259881,No fault 
24.43079498,-19.26609414,-5.166982544,5271.291332,-2906.611189,-2364.716184,No fault 
24.67329838,-18.72127696,-5.954303089,5278.510167,-2766.707367,-2511.838841,No fault 
24.89152383,-18.15805275,-6.735752704,5280.520208,-2624.073592,-2656.482658,No fault 
25.08525591,-17.57697731,-7.510560187,5277.31948,-2478.850631,-2798.504889,No fault 
25.25430348,-16.97862413,-8.2779609,5268.911132,-2331.181797,-2937.765376,No fault 
25.39849966,-16.36358366,-9.037197509,5255.303471,-2181.212826,-3074.126685,No fault 
25.5177022,-15.73246292,-9.787520741,5236.509918,-2029.091714,-3207.454244,No fault 
25.6117934,-15.08588471,-10.52819011,5212.549028,-1874.968593,-3337.616475,No fault 
25.68068047,-14.42448716,-11.25847468,5183.44444,-1718.995556,-3464.484923,No fault 
25.72429535,-13.74892295,-11.97765374,5149.224884,-1561.326537,-3587.934386,No fault 
25.74259507,-13.05985882,-12.68501754,5109.924122,-1402.11713,-3707.843032,No fault 
25.7355615,-12.35797475,-13.37986801,5065.580949,-1241.524461,-3824.092527,No fault 
25.70320166,-11.64396346,-14.0615194,5016.239117,-1079.707009,-3936.568146,No fault 
25.6455474,-10.91852955,-14.72929902,4961.947329,-916.8244767,-4045.15889,No fault 
25.56265569,-10.18238897,-15.38254785,4902.759155,-753.037601,-4149.757592,No fault 
25.45460828,-9.43626817,-16.0206212,4838.733017,-588.5080272,-4250.261027,No fault 
25.32151184,-8.680903515,-16.64288937,4769.932091,-423.3981192,-4346.570009,No fault 
25.16349768,-7.917040415,-17.24873827,4696.424284,-257.8708273,-4438.589493,No fault 
24.98072178,-7.145432757,-17.83756999,4618.282131,-92.0895003,-4526.228668,No fault 
24.77336447,-6.366841977,-18.40880342,4535.582758,73.78224895,-4609.401043,No fault 
24.54163045,-5.582036496,-18.96187484,4448.40777,239.5807319,-4688.024538,No fault 
24.28574834,-4.791790776,-19.49623841,4356.843206,405.1423185,-4762.02156,No fault 
24.00597074,-3.996884739,-20.0113668,4260.979423,570.3036265,-4831.319085,No fault 
23.70257368,-3.198102814,-20.50675162,4160.911033,734.9016546,-4895.848723,No fault 
23.37585664,-2.396233349,-20.981904,4056.736784,898.7739714,-4955.546791,No fault 
23.02614199,-1.592067645,-21.43635502,3948.559492,1061.758848,-5010.354374,No fault 
22.65377492,-0.786399361,-21.86965619,3836.485906,1223.695444,-5060.217385,No fault 
22.25912285,0.019976451,-22.28137989,3720.626639,1384.423942,-5105.086615,No fault 
21.84257531,0.826263951,-22.67111981,3601.096019,1543.785729,-5144.917782,No fault 
21.40454332,1.631667476,-23.03849131,3478.012019,1701.623526,-5179.671578,No fault 
20.94545923,2.435392147,-23.38313184,3351.496099,1857.781574,-5209.313706,No fault 
20.46577603,3.236644829,-23.70470129,3221.673123,2012.105757,-5233.814913,No fault 
19.96596718,4.034634738,-24.0028823,3088.671202,2164.443783,-5253.151018,No fault 
19.44652587,4.828574401,-24.27738061,2952.621602,2314.645305,-5267.302939,No fault 
18.90796477,5.617680251,-24.52792532,2813.658578,2462.562099,-5276.25671,No fault 
18.35081533,6.401173581,-24.75426917,2671.91928,2608.048183,-5280.003495,No fault 
17.77562744,7.178281132,-24.95618879,2527.543577,2750.959986,-5278.539595,No fault 
17.18296869,7.948236041,-25.13348491,2380.673961,2891.156465,-5271.866457,No fault 
16.57342401,8.71027841,-25.28598255,2231.455364,3028.49927,-5259.990665,No fault 
15.94759489,9.46365624,-25.41353123,2080.035056,3162.852852,-5242.923939,No fault 
15.30609901,10.20762599,-25.51600506,1926.562463,3294.084628,-5220.683122,No fault 
14.64956939,10.94145351,-25.59330292,1771.189051,3422.065082,-5193.290163,No fault 
13.978654,11.66441455,-25.64534852,1614.068147,3546.667918,-5160.772096,No fault 
13.2940149,12.37579567,-25.6720905,1455.354819,3667.770163,-5123.161012,No fault 
12.59632779,13.07489479,-25.67350247,1295.20569,3785.252309,-5080.494028,No fault 
11.88628116,13.76102203,-25.64958303,1133.778814,3898.998409,-5032.813253,No fault 
11.16457578,14.43350021,-25.6003558,971.2334941,4008.896216,-4980.16574,No fault 
10.43192385,15.09166573,-25.52586934,807.7301497,4114.837268,-4922.603447,No fault 
9.689048442,15.73486902,-25.42619718,643.4301309,4216.717021,-4860.18318,No fault 
8.936682644,16.36247535,-25.30143767,478.4955903,4314.434924,-4792.966542,No fault 
8.175568997,16.97386531,-25.15171395,313.08929,4407.894548,-4721.019866,No fault 
7.406458577,17.56843558,-24.97717375,147.3744746,4497.003654,-4644.414156,No fault 
6.630110454,18.14559934,-24.77798935,-18.48532399,4581.674308,-4563.225011,No fault 
5.847290737,18.70478705,-24.5543573,-184.3264137,4661.822944,-4477.532557,No fault 
5.058772026,19.24544681,-24.30649831,-349.9851378,4737.370471,-4387.42136,No fault 
4.265332442,19.76704511,-24.03465698,-515.2980027,4808.242327,-4292.980351,No fault 
3.467755063,20.26906714,-23.73910159,-680.101873,4874.368576,-4194.30273,No fault 
2.666826951,20.75101752,-23.42012382,-844.2340988,4935.683953,-4091.48588,No fault 
1.863338576,21.21242057,-23.07803845,-1007.53271,4992.127954,-3984.63127,No fault 
1.058082831,21.65282099,-22.71318308,-1169.836542,5043.644869,-3873.844352,No fault 
0.251854458,22.07178411,-22.32591779,-1330.985428,5090.183862,-3759.23446,No fault 
-0.554550945,22.46889651,-21.91662475,-1490.820327,5131.699001,-3640.914698,No fault 
-1.360337504,22.84376626,-21.4857079,-1649.183508,5168.149319,-3519.001836,No fault 
-2.164710055,23.19602343,-21.03359248,-1805.918678,5199.49884,-3393.616186,No fault 
-2.96687473,23.52532036,-20.56072469,-1960.871167,5225.716631,-3264.881488,No fault 
-3.766039942,23.83133211,-20.06757119,-2113.888047,5246.776812,-3132.924788,No fault 
-4.561416959,24.11375664,-19.55461866,-2264.818317,5262.658605,-2997.876312,No fault 
-5.352220893,24.37231528,-19.02237332,-2413.513019,5273.346331,-2859.869336,No fault 
-6.137671265,24.60675281,-18.47136044,-2559.825416,5278.829449,-2719.040056,No fault 
-6.916992982,24.81683792,-17.90212379,-2703.61111,5279.102541,-2575.527453,No fault 
-7.689416898,25.00236324,-17.31522516,-2844.728208,5274.165343,-2429.473158,No fault 
-8.454180775,25.16314573,-16.71124372,-2983.037436,5264.022723,-2281.021309,No fault 
-9.210529833,25.29902666,-16.09077555,-3118.402309,5248.684696,-2130.318409,No fault 
-9.957717698,25.40987198,-15.45443297,-3250.68923,5228.166392,-1977.513184,No fault 
-10.69500694,25.49557226,-14.80284396,-3379.767655,5202.488067,-1822.756434,No fault 
-11.42166998,25.55604296,-14.13665158,-3505.510192,5171.675056,-1666.200885,No fault 
-12.13698966,25.59122437,-13.45651327,-3627.792755,5135.757773,-1508.001039,No fault 
-12.84026009,25.60108182,-12.76310025,-3746.494659,5094.77166,-1348.313021,No fault 
-13.53078717,25.58560552,-12.05709683,-3861.498768,5048.757169,-1187.294422,No fault 
-14.20788949,25.5448108,-11.33919975,-3972.691577,4997.759707,-1025.104149,No fault 
-14.87089878,25.47873787,-10.61011749,-4079.963362,4941.829606,-861.9022638,No fault 
-15.51916078,25.38745199,-9.870569563,-4183.20825,4881.022058,-697.8498273,No fault 
-16.15203569,25.2710432,-9.121285819,-4282.324359,4815.397079,-533.1087392,No fault 
-16.76889899,25.12962642,-8.363005705,-4377.213864,4745.019425,-367.8415793,No fault 
-17.36914185,24.96334117,-7.596477557,-4467.783131,4669.958558,-202.2114459,No fault 
-17.95217196,24.77235161,-6.822457841,-4553.942769,4590.288547,-36.38179644,No fault 
-18.51741389,24.55684617,-6.041710425,-4635.607757,4506.088023,129.4837156,No fault 
-19.06430987,24.31703757,-5.255005808,-4712.697495,4417.440076,295.2214007,No fault 
-19.59232013,24.05316244,-4.463120377,-4785.135911,4324.432197,460.6676961,No fault 
-20.10092362,23.76548122,-3.666835623,-4852.85151,4227.156167,625.659326,No fault 
-20.58961839,23.45427779,-2.866937387,-4915.777473,4125.707992,790.0334637,No fault 
-21.05792218,23.11985931,-2.064215068,-4973.851692,4020.187783,953.6278918,No fault 
-21.50537281,22.76255576,-1.259460859,-5027.016861,3910.699682,1116.281162,No fault 
-21.93152872,22.38271981,-0.453468952,-5075.220506,3797.351734,1277.832756,No fault 
-22.33596932,21.98072627,0.352965232,-5118.415063,3680.255806,1438.123241,No fault 
-22.71829551,21.55697189,1.159045844,-5156.557897,3559.527452,1596.99443,No fault 
-23.07812995,21.11187484,1.963977377,-5189.611373,3435.285821,1754.289537,No fault 
-23.41511756,20.6458744,2.766965463,-5217.542864,3307.65352,1909.853329,No fault 
-23.72892573,20.15943043,3.567217648,-5240.324812,3176.756512,2063.532285,No fault 
-24.01924482,19.65302303,4.363944181,-5257.934726,3042.723971,2215.174741,No fault 
-24.28578828,19.12715192,5.156358788,-5270.355236,2905.688176,2364.631046,No fault 
-24.5282931,18.58233612,5.943679453,-5277.574076,2765.784359,2511.753703,No fault 
-24.74651992,18.01911325,6.725129183,-5279.584129,2623.150595,2656.397521,No fault 
-24.94025341,17.43803918,7.499936785,-5276.383405,2477.92764,2798.419752,No fault 
-25.10930235,16.83968733,8.267337615,-5267.97507,2330.258817,2937.68024,No fault 
-25.25349995,16.22464824,9.026574343,-5254.367414,2180.289852,3074.04155,No fault 
-25.37270385,15.59352884,9.776897691,-5235.573874,2028.168751,3207.36911,No fault 
-25.46679646,14.946952,10.51756718,-5211.612989,1874.045635,3337.531341,No fault 
-25.53568489,14.28555579,11.24785187,-5182.508413,1718.07261,3464.399791,No fault 
-25.57930119,13.60999295,11.96703104,-5148.288862,1560.403596,3587.849254,No fault 
-25.59760227,12.92093016,12.67439496,-5108.988113,1401.1942,3707.757901,No fault 
-25.59057013,12.21904747,13.36924555,-5064.644944,1240.601537,3824.007396,No fault 
-25.55821164,11.50503751,14.05089706,-5015.303125,1078.784097,3936.483016,No fault 
-25.5005588,10.77960498,14.7186768,-4961.011341,915.9015696,4045.073761,No fault 
-25.41766846,10.04346573,15.37192574,-4901.82318,752.1147056,4149.672464,No fault 
-25.30962246,9.297346307,16.00999921,-4837.797046,587.585137,4250.175899,No fault 
-25.17652739,8.541982985,16.6322675,-4768.996133,422.4752406,4346.484882,No fault 
-25.01851464,7.778121262,17.23811651,-4695.488331,256.947954,4438.504367,No fault 
-24.83574011,7.006514938,17.82694835,-4617.346191,91.1666386,4526.143542,No fault 
-24.62838422,6.227925535,18.3981819,-4534.646822,-74.70510541,4609.315918,No fault 
-24.39665156,5.443121388,18.95125343,-4447.471846,-240.5035767,4687.939414,No fault 
-24.14077087,4.652877045,19.48561712,-4355.907288,-406.0651581,4761.936437,No fault 
-23.86099463,3.857972342,20.00074563,-4260.043517,-571.2264544,4831.233963,No fault 
-23.55759898,3.059191794,20.49613057,-4159.975131,-735.8244773,4895.763601,No fault 
-23.23088331,2.257323662,20.97128307,-4055.800895,-899.6967825,4955.46167,No fault 
-22.88117008,1.453159335,21.42573421,-3947.623608,-1062.681654,5010.269254,No fault 
-22.50880437,0.647492385,21.85903549,-3835.550035,-1224.618238,5060.132266,No fault 
-22.11415372,-0.15888205,22.27075931,-3719.690772,-1385.346731,5105.001496,No fault 
-21.69760754,-0.965168216,22.66049934,-3600.160165,-1544.708506,5144.832664,No fault 
-21.25957697,-1.770570365,23.02787096,-3477.07617,-1702.546298,5179.586461,No fault 
-20.80049424,-2.574293701,23.37251161,-3350.560262,-1858.704335,5209.22859,No fault 
-20.32081246,-3.375545007,23.69408118,-3220.73729,-2013.028512,5233.729797,No fault 
-19.82100497,-4.173533582,23.99226231,-3087.735382,-2165.366526,5253.065903,No fault 
-19.30156507,-4.967471869,24.26676074,-2951.685787,-2315.568043,5267.217825,No fault 
-18.76300534,-5.756576385,24.51730556,-2812.722776,-2463.484826,5276.171597,No fault 
-18.20585732,-6.540068338,24.74364953,-2670.983482,-2608.970905,5279.918382,No fault 
-17.63067079,-7.317174556,24.94556927,-2526.607792,-2751.882696,5278.454484,No fault 
-17.03801345,-8.087128088,25.1228655,-2379.73818,-2892.07917,5271.781346,No fault 
-16.42847014,-8.849169123,25.27536327,-2230.519596,-3029.421962,5259.905554,No fault 
-15.80264244,-9.602545577,25.40291206,-2079.099293,-3163.77554,5242.838829,No fault 
-15.16114792,-10.346514,25.50538601,-1925.626712,-3295.007304,5220.598013,No fault 
-14.50461972,-11.08034014,25.58268398,-1770.253305,-3422.987753,5193.205055,No fault 
-13.83370569,-11.80329984,25.6347297,-1613.132414,-3547.590577,5160.686989,No fault 
-13.149068,-12.51467959,25.6614718,-1454.419091,-3668.692817,5123.075905,No fault 
-12.45138226,-13.21377737,25.66288388,-1294.269974,-3786.174951,5080.408922,No fault 
-11.74133704,-13.89990323,25.63896457,-1132.843103,-3899.921046,5032.728147,No fault 
-11.01963303,-14.57238008,25.58973745,-970.2977953,-4009.818842,4980.080635,No fault 
-10.28698251,-15.23054423,25.51525111,-806.7944556,-4115.759889,4922.518343,No fault 
-9.544108471,-15.87374618,25.41557907,-642.4944493,-4217.639629,4860.098077,No fault 
-8.791744087,-16.50135113,25.29081968,-477.5599135,-4315.357527,4792.88144,No fault 
-8.030631806,-17.11273976,25.14109607,-312.1536258,-4408.81714,4720.934765,No fault 
-7.2615228,-17.70730865,24.96655599,-146.438815,-4497.92624,4644.329055,No fault 
-6.485176042,-18.28447108,24.76737171,19.42097102,-4582.596883,4563.139911,No fault 
-5.702357739,-18.84365742,24.54373978,185.262056,-4662.745513,4477.447458,No fault 
-4.913840394,-19.38431585,24.29588091,350.9207675,-4738.293029,4387.336262,No fault 
-4.120402223,-19.90591277,24.0240397,516.2336277,-4809.16488,4292.895253,No fault 
-3.32282621,-20.40793346,23.72848442,681.0374855,-4875.291117,4194.217633,No fault 
-2.521899512,-20.88988246,23.40950676,845.1697065,-4936.606489,4091.400784,No fault 
-1.718412502,-21.35128418,23.06742151,1008.468305,-4993.050478,3984.546175,No fault 
-0.913158171,-21.79168322,22.70256626,1170.772132,-5044.567387,3873.759257,No fault 
-0.106931164,-22.21064501,22.31530109,1331.921006,-5091.10637,3759.149365,No fault 
0.699472826,-22.60775604,21.90600817,1491.7559,-5132.621503,3640.829605,No fault 
1.505258019,-22.98262445,21.47509143,1650.119069,-5169.07181,3518.916743,No fault 
2.309629157,-23.33488025,21.02297613,1806.854234,-5200.421325,3393.531094,No fault 
3.111792466,-23.66417584,20.55010846,1961.806711,-5226.639104,3264.796397,No fault 
3.910956264,-23.97018622,20.05695507,2114.823586,-5247.69928,3132.839698,No fault 
4.706331915,-24.25260941,19.54400266,2265.753843,-5263.581062,2997.791222,No fault 
5.497134436,-24.51116667,19.01175744,2414.44854,-5274.268782,2859.784247,No fault 
6.282583442,-24.74560287,18.46074467,2560.760925,-5279.751889,2718.954967,No fault 
7.061903746,-24.95568661,17.89150815,2704.546614,-5280.024975,2575.442366,No fault 
7.834326296,-25.1412106,17.30460963,2845.663699,-5275.087767,2429.388072,No fault 
8.59908876,-25.30199171,16.70062831,2983.972923,-5264.945141,2280.936223,No fault 
9.355436452,-25.4378713,16.08016026,3119.337784,-5249.607102,2130.233324,No fault 
10.1026229,-25.54871525,15.44381779,3251.6247,-5229.088793,1977.428099,No fault 
10.83991078,-25.63441419,14.79222891,3380.703112,-5203.410456,1822.67135,No fault 
11.56657241,-25.69488352,14.12603664,3506.445644,-5172.59744,1666.115802,No fault 
12.28189073,-25.7300636,13.44589845,3628.728195,-5136.680146,1507.915957,No fault 
12.98515974,-25.73991967,12.75248555,3747.430094,-5095.694027,1348.227939,No fault 
13.67568545,-25.72444204,12.04648224,3862.43419,-5049.679525,1187.209341,No fault 
14.35278636,-25.68364594,11.32858528,3973.626995,-4998.682057,1025.019069,No fault 
15.01579428,-25.61757168,10.59950314,4080.898768,-4942.751945,861.8171846,No fault 
15.66405487,-25.52628442,9.859955329,4184.143651,-4881.944391,697.7647488,No fault 
16.29692842,-25.40987429,9.110671701,4283.259747,-4816.3194,533.0236615,No fault 
16.9137903,-25.26845614,8.352391707,4378.149248,-4745.941741,367.7565022,No fault 
17.5140318,-25.10216956,7.585863675,4468.718502,-4670.880863,202.1263697,No fault 
18.09706049,-24.91117863,6.811844078,4554.878135,-4591.210846,36.29672085,No fault 
18.66230106,-24.69567185,6.031096777,4636.543111,-4507.010311,-129.5687904,No fault 
19.20919563,-24.45586188,5.24439228,4713.632843,-4418.362359,-295.3064749,No fault 
19.73720451,-24.19198541,4.452506965,4786.071248,-4325.354469,-460.7527694,No fault 
20.2458066,-23.90430282,3.65622233,4853.786842,-4228.078433,-625.7443986,No fault 
20.7345,-23.59309805,2.856324209,4916.712792,-4126.630247,-790.1185355,No fault 
21.20280238,-23.2586782,2.053602009,4974.787006,-4021.110032,-953.7129629,No fault 
21.65025164,-22.90137332,1.248847916,5027.952163,-3911.62192,-1116.366233,No fault 
22.07640614,-22.52153599,0.442856129,5076.155803,-3798.273966,-1277.917826,No fault 
22.48084537,-22.11954111,-0.36357794,5119.350348,-3681.178027,-1438.20831,No fault 
22.86317016,-21.69578536,-1.169658433,5157.493177,-3560.449667,-1597.079498,No fault 
23.22300322,-21.25068697,-1.97458985,5190.546641,-3436.208025,-1754.374604,No fault 
23.55998942,-20.78468516,-2.777577817,5218.478126,-3308.575718,-1909.938396,No fault 
23.87379623,-20.29823986,-3.577829885,5241.260062,-3177.678699,-2063.617351,No fault 
24.16411391,-19.79183108,-4.3745563,5258.869971,-3043.646152,-2215.259807,No fault 
24.430656,-19.26595864,-5.16697079,5271.290469,-2906.610346,-2364.71611,No fault 
24.67315941,-18.72114146,-5.954291336,5278.509304,-2766.706524,-2511.838767,No fault 
24.89138486,-18.15791725,-6.735740951,5280.519345,-2624.072748,-2656.482583,No fault 
25.08511694,-17.57684182,-7.510548434,5277.318616,-2478.849787,-2798.504815,No fault 
25.25416451,-16.97848863,-8.277949147,5268.910268,-2331.180953,-2937.765301,No fault 
25.3983607,-16.36344817,-9.037185756,5255.302607,-2181.211982,-3074.12661,No fault 
25.51756323,-15.73232743,-9.787508988,5236.509055,-2029.090871,-3207.45417,No fault 
25.61165444,-15.08574922,-10.52817836,5212.548165,-1874.967749,-3337.616401,No fault 
25.6805415,-14.42435167,-11.25846293,5183.443577,-1718.994712,-3464.484849,No fault 
25.72415639,-13.74878746,-11.97764199,5149.22402,-1561.325693,-3587.934312,No fault 
25.7424561,-13.05972333,-12.68500579,5109.923259,-1402.116286,-3707.842958,No fault 
25.73542254,-12.35783927,-13.37985626,5065.580086,-1241.523617,-3824.092453,No fault 
25.70306269,-11.64382798,-14.06150765,5016.238254,-1079.706166,-3936.568072,No fault 
25.64540844,-10.91839407,-14.72928727,4961.946465,-916.8236328,-4045.158816,No fault 
25.56251673,-10.18225349,-15.38253609,4902.758292,-753.0367576,-4149.757518,No fault 
25.45446932,-9.43613269,-16.02060944,4838.732153,-588.5071833,-4250.260953,No fault 
25.32137288,-8.680768033,-16.64287762,4769.931228,-423.3972758,-4346.569935,No fault 
25.16335872,-7.916904937,-17.24872652,4696.42342,-257.8699835,-4438.589419,No fault 
24.98058283,-7.145297277,-17.83755824,4618.281268,-92.0886569,-4526.228593,No fault 
24.77322553,-6.366706501,-18.40879167,4535.581894,73.78309277,-4609.400969,No fault 
24.5414915,-5.581901019,-18.96186308,4448.406907,239.5815753,-4688.024464,No fault 
24.2856094,-4.791655303,-19.49622666,4356.842343,405.1431623,-4762.021486,No fault 
24.00583179,-3.996749264,-20.01135504,4260.97856,570.3044699,-4831.319011,No fault 
23.70243473,-3.197967344,-20.50673987,4160.910169,734.9024984,-4895.848648,No fault 
23.37571769,-2.396097877,-20.98189225,4056.735921,898.7748148,-4955.546717,No fault 
23.02600305,-1.591932177,-21.43634327,3948.558629,1061.759692,-5010.3543,No fault 
22.65363598,-0.786263891,-21.86964444,3836.485043,1223.696288,-5060.217311,No fault 
22.25898391,0.020111917,-22.28136814,3720.625775,1384.424786,-5105.086541,No fault 
21.84243637,0.826399418,-22.67110806,3601.095156,1543.786572,-5144.917708,No fault 
21.40440438,1.63180294,-23.03847956,3478.011156,1701.62437,-5179.671504,No fault 
20.94532029,2.435527611,-23.38312009,3351.495236,1857.782417,-5209.313632,No fault 
20.4656371,3.23678029,-23.70468954,3221.672259,2012.106601,-5233.814839,No fault 
19.96582824,4.034770201,-24.00287055,3088.670339,2164.444626,-5253.150944,No fault 
19.44638693,4.82870986,-24.27736886,2952.620738,2314.646149,-5267.302865,No fault 
18.90782584,5.617815711,-24.52791357,2813.657716,2462.562942,-5276.256636,No fault 
18.3506764,6.401309036,-24.75425742,2671.918416,2608.049027,-5280.003421,No fault 
17.77548851,7.17841659,-24.95617704,2527.542714,2750.96083,-5278.539521,No fault 
17.18282976,7.948371495,-25.13347316,2380.673097,2891.157309,-5271.866383,No fault 
16.57328508,8.710413865,-25.2859708,2231.454501,3028.500113,-5259.990591,No fault 
15.94745597,9.463791691,-25.41351948,2080.034193,3162.853696,-5242.923865,No fault 
15.30596009,10.20776145,-25.51599331,1926.5616,3294.085471,-5220.683048,No fault 
14.64943047,10.94158896,-25.59329117,1771.188188,3422.065925,-5193.290089,No fault 
13.97851508,11.66455,-25.64533677,1614.067285,3546.668761,-5160.772022,No fault 
13.29387598,12.37593111,-25.67207875,1455.353956,3667.771006,-5123.160938,No fault 
12.59618887,13.07503024,-25.67349072,1295.204827,3785.253152,-5080.493954,No fault 
11.88614224,13.76115747,-25.64957128,1133.777951,3898.999253,-5032.813178,No fault 
11.16443686,14.43363565,-25.60034405,971.2326313,4008.89706,-4980.165666,No fault 
10.43178493,15.09180117,-25.52585759,807.7292864,4114.838112,-4922.603373,No fault 
9.688909527,15.73500446,-25.42618543,643.4292681,4216.717864,-4860.183106,No fault 
8.936543733,16.36261079,-25.30142593,478.494727,4314.435767,-4792.966468,No fault 
8.175430085,16.97400075,-25.1517022,313.0884273,4407.895391,-4721.019792,No fault 
7.406319669,17.56857101,-24.97716201,147.3736113,4497.004497,-4644.414082,No fault 
6.629971544,18.14573478,-24.7779776,-18.48618673,4581.675151,-4563.224937,No fault 
5.847151832,18.70492248,-24.55434555,-184.327277,4661.823787,-4477.532483,No fault 
5.058633119,19.24558225,-24.30648656,-349.9860005,4737.371314,-4387.421286,No fault 
4.265193539,19.76718054,-24.03464524,-515.2988659,4808.243171,-4292.980277,No fault 
3.467616158,20.26920257,-23.73908985,-680.1027357,4874.369419,-4194.302656,No fault 
2.666688051,20.75115295,-23.42011207,-844.234962,4935.684797,-4091.485806,No fault 
1.863199674,21.212556,-23.0780267,-1007.533572,4992.128797,-3984.631196,No fault 
1.057943934,21.65295641,-22.71317134,-1169.837405,5043.645712,-3873.844278,No fault 
0.251715559,22.07191954,-22.32590604,-1330.986291,5090.184705,-3759.234385,No fault 
-0.55468984,22.46903194,-21.91661301,-1490.82119,5131.699844,-3640.914624,No fault 
-1.360476401,22.84390168,-21.48569615,-1649.184371,5168.150162,-3519.001762,No fault 
-2.164848948,23.19615886,-21.03358073,-1805.919542,5199.499683,-3393.616111,No fault 
-2.967013625,23.52545578,-20.56071294,-1960.87203,5225.717474,-3264.881414,No fault 
-3.766178831,23.83146753,-20.06755944,-2113.88891,5246.777655,-3132.924714,No fault 
-4.561555851,24.11389206,-19.55460691,-2264.81918,5262.659448,-2997.876238,No fault 
-5.35235978,24.37245069,-19.02236157,-2413.513882,5273.347174,-2859.869261,No fault 
-6.137810154,24.60688823,-18.47134869,-2559.826279,5278.830292,-2719.039981,No fault 
-6.917131867,24.81697334,-17.90211205,-2703.611973,5279.103384,-2575.527379,No fault 
-7.689555784,25.00249866,-17.31521341,-2844.72907,5274.166186,-2429.473084,No fault 
-8.454319657,25.16328114,-16.71123198,-2983.038299,5264.023567,-2281.021235,No fault 
-9.210668717,25.29916207,-16.0907638,-3118.403172,5248.685539,-2130.318335,No fault 
-9.957856578,25.41000739,-15.45442122,-3250.690093,5228.167236,-1977.513109,No fault 
-10.69514582,25.49570767,-14.80283222,-3379.768518,5202.48891,-1822.756359,No fault 
-11.42180886,25.55617837,-14.13663983,-3505.511055,5171.675899,-1666.200811,No fault 
-12.13712854,25.59135978,-13.45650153,-3627.793618,5135.758616,-1508.000965,No fault 
-12.84039896,25.60121722,-12.7630885,-3746.495522,5094.772503,-1348.312947,No fault 
-13.53092605,25.58574092,-12.05708508,-3861.49963,5048.758012,-1187.294348,No fault 
-14.20802836,25.5449462,-11.339188,-3972.69244,4997.76055,-1025.104075,No fault 
-14.87103765,25.47887328,-10.61010574,-4079.964225,4941.830449,-861.9021897,No fault 
-15.51929965,25.38758739,-9.870557817,-4183.209113,4881.022902,-697.8497533,No fault 
-16.15217456,25.2711786,-9.121274073,-4282.325221,4815.397922,-533.1086651,No fault 
-16.76903785,25.12976182,-8.36299396,-4377.214727,4745.020268,-367.8415052,No fault 
-17.36928072,24.96347657,-7.596465812,-4467.783993,4669.959401,-202.2113719,No fault 
-17.95231082,24.77248701,-6.822446096,-4553.943632,4590.28939,-36.38172235,No fault 
-18.51755276,24.55698157,-6.04169868,-4635.60862,4506.088866,129.4837897,No fault 
-19.06444873,24.31717296,-5.254994063,-4712.698358,4417.44092,295.2214748,No fault 
-19.59245899,24.05329783,-4.463108632,-4785.136774,4324.43304,460.6677702,No fault 
-20.10106248,23.76561661,-3.666823879,-4852.852373,4227.157011,625.6594001,No fault 
-20.58975725,23.45441318,-2.866925642,-4915.778336,4125.708835,790.0335378,No fault 
-21.05806104,23.1199947,-2.064203323,-4973.852554,4020.188627,953.6279658,No fault 
-21.50551166,22.76269115,-1.259449114,-5027.017723,3910.700525,1116.281236,No fault 
-21.93166757,22.3828552,-0.453457208,-5075.221369,3797.352577,1277.83283,No fault 
-22.33610817,21.98086166,0.352976976,-5118.415926,3680.256649,1438.123315,No fault 
-22.71843436,21.55710727,1.159057588,-5156.55876,3559.528295,1596.994504,No fault 
-23.0782688,21.11201022,1.963989121,-5189.612236,3435.286664,1754.289611,No fault 
-23.41525641,20.64600978,2.766977207,-5217.543727,3307.654363,1909.853403,No fault 
-23.72906458,20.15956581,3.567229392,-5240.325674,3176.757355,2063.532359,No fault 
-24.01938367,19.65315841,4.363955925,-5257.935589,3042.724814,2215.174815,No fault 
-24.28592713,19.1272873,5.156370531,-5270.356098,2905.689018,2364.63112,No fault 
-24.52843194,18.58247149,5.943691196,-5277.574939,2765.785202,2511.753777,No fault 
-24.74665876,18.01924862,6.725140927,-5279.584992,2623.151438,2656.397595,No fault 
-24.94039225,17.43817455,7.499948529,-5276.384268,2477.928483,2798.419827,No fault 
-25.10944119,16.8398227,8.267349358,-5267.975933,2330.25966,2937.680314,No fault 
-25.25363878,16.22478361,9.026586086,-5254.368277,2180.290695,3074.041624,No fault 
-25.37284269,15.59366421,9.776909434,-5235.574736,2028.169594,3207.369184,No fault 
-25.4669353,14.94708737,10.51757893,-5211.613851,1874.046478,3337.531415,No fault 
-25.53582373,14.28569115,11.24786361,-5182.509275,1718.073453,3464.399865,No fault 
-25.57944002,13.61012832,11.96704278,-5148.289724,1560.404439,3587.849328,No fault 
-25.59774111,12.92106552,12.6744067,-5108.988975,1401.195043,3707.757975,No fault 
-25.59070896,12.21918283,13.36925729,-5064.645807,1240.60238,3824.00747,No fault 
-25.55835048,11.50517288,14.0509088,-5015.303987,1078.78494,3936.48309,No fault 
-25.50069763,10.77974034,14.71868854,-4961.012204,915.9024126,4045.073835,No fault 
-25.41780729,10.04360109,15.37193748,-4901.824042,752.1155483,4149.672538,No fault 
-25.30976129,9.297481664,16.01001095,-4837.797909,587.58598,4250.175973,No fault 
-25.17666622,8.542118343,16.63227924,-4768.996995,422.4760833,4346.484956,No fault 
-25.01865346,7.778256616,17.23812825,-4695.489193,256.948797,4438.504441,No fault 
-24.83587893,7.006650293,17.82696009,-4617.347053,91.16748126,4526.143616,No fault 
-24.62852304,6.228060887,18.39819364,-4534.647684,-74.70426239,4609.315992,No fault 
-24.39679038,5.443256741,18.95126517,-4447.472709,-240.5027341,4687.939488,No fault 
-24.14090969,4.653012394,19.48562887,-4355.90815,-406.0643151,4761.936511,No fault 
-23.86113345,3.858107692,20.00075737,-4260.044379,-571.2256118,4831.234037,No fault 
-23.5577378,3.059327141,20.49614231,-4159.975994,-735.8236343,4895.763675,No fault 
-23.23102212,2.25745901,20.97129481,-4055.801758,-899.6959399,4955.461744,No fault 
-22.88130889,1.453294679,21.42574595,-3947.624471,-1062.680811,5010.269328,No fault 
-22.50894319,0.647627731,21.85904723,-3835.550897,-1224.617396,5060.13234,No fault 
-22.11429253,-0.158746708,22.27077105,-3719.691634,-1385.345888,5105.00157,No fault 
-21.69774635,-0.965032873,22.66051109,-3600.161027,-1544.707663,5144.832738,No fault 
-21.25971577,-1.770435026,23.0278827,-3477.077032,-1702.545455,5179.586535,No fault 
-20.80063305,-2.574158361,23.37252335,-3350.561124,-1858.703492,5209.228664,No fault 
-20.32095126,-3.37540967,23.69409292,-3220.738153,-2013.02767,5233.729871,No fault 
-19.82114378,-4.173398244,23.99227405,-3087.736244,-2165.365684,5253.065977,No fault 
-19.30170387,-4.967336535,24.26677248,-2951.686649,-2315.5672,5267.217899,No fault 
-18.76314414,-5.756441049,24.5173173,-2812.723638,-2463.483983,5276.171671,No fault 
-18.20599611,-6.539933006,24.74366127,-2670.984345,-2608.970062,5279.918456,No fault 
-17.63080959,-7.317039223,24.94558101,-2526.608654,-2751.881854,5278.454558,No fault 
-17.03815225,-8.086992759,25.12287724,-2379.739043,-2892.078327,5271.78142,No fault 
-16.42860894,-8.849033792,25.27537501,-2230.520458,-3029.42112,5259.905628,No fault 
-15.80278123,-9.60241025,25.4029238,-2079.100156,-3163.774697,5242.838903,No fault 
-15.16128672,-10.34637867,25.50539775,-1925.627574,-3295.006462,5220.598087,No fault 
-14.50475851,-11.08020481,25.58269572,-1770.254168,-3422.98691,5193.205129,No fault 
-13.83384449,-11.80316451,25.63474144,-1613.133276,-3547.589735,5160.687063,No fault 
-13.14920679,-12.51454426,25.66148354,-1454.419953,-3668.691974,5123.075979,No fault 
-12.45152105,-13.21364205,25.66289562,-1294.270836,-3786.174109,5080.408996,No fault 
-11.74147583,-13.89976791,25.63897631,-1132.843966,-3899.920203,5032.728221,No fault 
-11.01977182,-14.57224476,25.58974919,-970.2986573,-4009.817999,4980.080709,No fault 
-10.28712129,-15.23040891,25.51526285,-806.7953181,-4115.759046,4922.518417,No fault 
-9.544247257,-15.87361086,25.41559081,-642.4953113,-4217.638787,4860.098151,No fault 
-8.791882868,-16.50121582,25.29083142,-477.5607759,-4315.356684,4792.881514,No fault 
-8.030770589,-17.11260445,25.14110781,-312.1544877,-4408.816297,4720.934839,No fault 
-7.261661579,-17.70717334,24.96656773,-146.4396774,-4497.925397,4644.329129,No fault 
-6.485314823,-18.28433577,24.76738345,19.42010905,-4582.59604,4563.139986,No fault 
-5.702496516,-18.84352211,24.54375152,185.2611936,-4662.744671,4477.447532,No fault 
-4.913979172,-19.38418053,24.29589264,350.9199056,-4738.292187,4387.336336,No fault 
-4.120540997,-19.90577746,24.02405143,516.2327653,-4809.164037,4292.895327,No fault 
-3.322964985,-20.40779815,23.72849616,681.0366235,-4875.290275,4194.217707,No fault 
-2.522038283,-20.88974716,23.4095185,845.1688442,-4936.605646,4091.400858,No fault 
-1.718551275,-21.35114887,23.06743325,1008.467443,-4993.049636,3984.546249,No fault 
-0.91329694,-21.79154792,22.702578,1170.77127,-5044.566545,3873.759331,No fault 
-0.107069934,-22.21050971,22.31531283,1331.920144,-5091.105527,3759.14944,No fault 
0.69933406,-22.60762074,21.90601991,1491.755038,-5132.62066,3640.829679,No fault 
1.505119251,-22.98248915,21.47510317,1650.118207,-5169.070967,3518.916817,No fault 
2.309490393,-23.33474495,21.02298787,1806.853372,-5200.420482,3393.531168,No fault 
3.111653701,-23.66404055,20.5501202,1961.805849,-5226.638262,3264.796471,No fault 
3.910817503,-23.97005092,20.05696681,2114.822723,-5247.698437,3132.839772,No fault 
4.706193153,-24.25247412,19.5440144,2265.752981,-5263.580219,2997.791296,No fault 
5.496995678,-24.51103138,19.01176918,2414.447678,-5274.26794,2859.784321,No fault 
6.282444682,-24.74546758,18.46075641,2560.760064,-5279.751046,2718.955041,No fault 
7.06176499,-24.95555132,17.89151989,2704.545752,-5280.024132,2575.44244,No fault 
7.834187539,-25.14107531,17.30462136,2845.662837,-5275.086924,2429.388146,No fault 
8.598950007,-25.30185642,16.70064005,2983.972061,-5264.944298,2280.936297,No fault 
9.355297698,-25.43773601,16.08017199,3119.336922,-5249.60626,2130.233398,No fault 
10.10248415,-25.54857996,15.44382953,3251.623837,-5229.08795,1977.428173,No fault 
10.83977203,-25.6342789,14.79224064,3380.70225,-5203.409614,1822.671424,No fault 
11.56643366,-25.69474824,14.12604838,3506.444782,-5172.596597,1666.115876,No fault 
12.28175198,-25.72992832,13.44591019,3628.727333,-5136.679304,1507.916031,No fault 
12.98502099,-25.73978439,12.75249728,3747.429232,-5095.693184,1348.228013,No fault 
13.67554671,-25.72430675,12.04649398,3862.433329,-5049.678683,1187.209415,No fault 
14.35264762,-25.68351066,11.32859701,3973.626133,-4998.681214,1025.019143,No fault 
15.01565554,-25.6174364,10.59951487,4080.897906,-4942.751103,861.8172586,No fault 
15.66391613,-25.52614915,9.859967065,4184.142788,-4881.943549,697.7648228,No fault 
16.29678968,-25.40973902,9.110683436,4283.258885,-4816.318558,533.0237355,No fault 
16.91365156,-25.26832087,8.352403442,4378.148385,-4745.940899,367.7565762,No fault 
17.51389306,-25.10203429,7.58587541,4468.71764,-4670.880021,202.1264437,No fault 
18.09692176,-24.91104336,6.811855813,4554.877273,-4591.210004,36.29679487,No fault 
18.66216232,-24.69553658,6.031108512,4636.542249,-4507.009469,-129.5687163,No fault 
19.20905689,-24.45572661,5.244404015,4713.631981,-4418.361517,-295.3064008,No fault 
19.73706578,-24.19185014,4.452518699,4786.070386,-4325.353626,-460.7526954,No fault 
20.24566787,-23.90416755,3.656234064,4853.78598,-4228.077591,-625.7443246,No fault 
20.73436127,-23.59296279,2.856335944,4916.711931,-4126.629405,-790.1184615,No fault 
21.20266366,-23.25854293,2.053613743,4974.786144,-4021.10919,-953.7128889,No fault 
21.65011291,-22.90123805,1.248859651,5027.951301,-3911.621077,-1116.366159,No fault 
22.07626742,-22.52140073,0.442867863,5076.154941,-3798.273124,-1277.917752,No fault 
22.48070665,-22.11940585,-0.363566206,5119.349486,-3681.177185,-1438.208236,No fault 
22.86303143,-21.69565011,-1.169646699,5157.492315,-3560.448824,-1597.079424,No fault 
23.2228645,-21.25055171,-1.974578116,5190.545779,-3436.207183,-1754.37453,No fault 
23.5598507,-20.78454991,-2.777566083,5218.477264,-3308.574876,-1909.938322,No fault 
23.87365751,-20.2981046,-3.577818152,5241.2592,-3177.677857,-2063.617277,No fault 
24.16397519,-19.79169583,-4.374544566,5258.869109,-3043.645309,-2215.259733,No fault 
24.43051728,-19.26582339,-5.166959057,5271.289607,-2906.609504,-2364.716036,No fault 
24.67302069,-18.72100621,-5.954279603,5278.508442,-2766.705681,-2511.838693,No fault 
24.89124614,-18.157782,-6.735729218,5280.518483,-2624.071906,-2656.482509,No fault 
25.08497823,-17.57670657,-7.510536701,5277.317754,-2478.848945,-2798.504741,No fault 
25.2540258,-16.97835338,-8.277937414,5268.909407,-2331.180111,-2937.765227,No fault 
25.39822199,-16.36331292,-9.037174024,5255.301745,-2181.21114,-3074.126536,No fault 
25.51742452,-15.73219218,-9.787497256,5236.508193,-2029.090029,-3207.454096,No fault 
25.61151573,-15.08561398,-10.52816663,5212.547303,-1874.966907,-3337.616327,No fault 
25.68040279,-14.42421643,-11.2584512,5183.442715,-1718.99387,-3464.484775,No fault 
25.72401768,-13.74865222,-11.97763025,5149.223158,-1561.324851,-3587.934238,No fault 
25.7423174,-13.05958809,-12.68499406,5109.922398,-1402.115444,-3707.842884,No fault 
25.73528384,-12.35770403,-13.37984452,5065.579224,-1241.522775,-3824.092379,No fault 
25.70292399,-11.64369274,-14.06149592,5016.237392,-1079.705324,-3936.567998,No fault 
25.64526974,-10.91825883,-14.72927554,4961.945603,-916.8227905,-4045.158742,No fault 
25.56237803,-10.18211825,-15.38252436,4902.757431,-753.0359156,-4149.757444,No fault 
25.45433063,-9.435997458,-16.02059771,4838.731291,-588.5063411,-4250.260879,No fault 
25.32123419,-8.6806328,-16.64286589,4769.930366,-423.3964338,-4346.569861,No fault 
25.16322003,-7.916769707,-17.24871479,4696.422558,-257.8691413,-4438.589345,No fault 
24.98044413,-7.145162046,-17.8375465,4618.280407,-92.08781499,-4526.228519,No fault 
24.77308683,-6.366571274,-18.40877994,4535.581032,73.78393499,-4609.400895,No fault 
24.54135281,-5.581765791,-18.96185135,4448.406045,239.5824171,-4688.02439,No fault 
24.28547071,-4.791520078,-19.49621493,4356.841481,405.1440045,-4762.021412,No fault 
24.0056931,-3.996614039,-20.01134331,4260.977698,570.3053117,-4831.318937,No fault 
23.70229605,-3.197832122,-20.50672814,4160.909308,734.9033406,-4895.848574,No fault 
23.375579,-2.395962654,-20.98188052,4056.73506,898.7756566,-4955.546643,No fault 
23.02586437,-1.591796957,-21.43633154,3948.557767,1061.760534,-5010.354226,No fault 
22.65349729,-0.786128671,-21.86963271,3836.484182,1223.697129,-5060.217237,No fault 
22.25884523,0.020247134,-22.28135641,3720.624913,1384.425628,-5105.086467,No fault 
21.84229768,0.826534636,-22.67109633,3601.094295,1543.787414,-5144.917634,No fault 
21.40426571,1.631938154,-23.03846783,3478.010294,1701.625212,-5179.67143,No fault 
20.94518161,2.435662827,-23.38310836,3351.494375,1857.783259,-5209.313558,No fault 
20.46549842,3.236915502,-23.70467781,3221.671398,2012.107443,-5233.814765,No fault 
19.96568957,4.034905413,-24.00285882,3088.669478,2164.445468,-5253.15087,No fault 
19.44624826,4.828845069,-24.27735713,2952.619877,2314.646991,-5267.302791,No fault 
18.90768716,5.617950921,-24.52790184,2813.656854,2462.563784,-5276.256562,No fault 
18.35053773,6.401444243,-24.75424569,2671.917555,2608.049869,-5280.003347,No fault 
17.77534984,7.178551798,-24.95616531,2527.541853,2750.961671,-5278.539447,No fault 
17.18269109,7.948506699,-25.13346143,2380.672236,2891.158151,-5271.866309,No fault 
16.57314641,8.71054907,-25.28595907,2231.45364,3028.500955,-5259.990517,No fault 
15.9473173,9.463926893,-25.41350775,2080.033331,3162.854538,-5242.923791,No fault 
15.30582142,10.20789665,-25.51598158,1926.560739,3294.086313,-5220.682974,No fault 
14.64929181,10.94172416,-25.59327944,1771.187326,3422.066768,-5193.290015,No fault 
13.97837642,11.6646852,-25.64532504,1614.066423,3546.669603,-5160.771948,No fault 
13.29373732,12.37606631,-25.67206702,1455.353094,3667.771848,-5123.160864,No fault 
12.59605021,13.07516543,-25.67347899,1295.203966,3785.253994,-5080.49388,No fault 
11.88600358,13.76129266,-25.64955955,1133.777089,3899.000095,-5032.813104,No fault 
11.16429821,14.43377085,-25.60033232,971.2317701,4008.897901,-4980.165592,No fault 
10.43164628,15.09193636,-25.52584587,807.7284248,4114.838954,-4922.603299,No fault 
9.68877087,15.73513965,-25.4261737,643.4284069,4216.718706,-4860.183032,No fault 
8.93640508,16.36274598,-25.3014142,478.4938654,4314.436609,-4792.966394,No fault 
8.17529143,16.97413594,-25.15169047,313.0875661,4407.896233,-4721.019718,No fault 
7.406181019,17.5687062,-24.97715028,147.3727497,4497.005339,-4644.414008,No fault 
6.629832892,18.14586997,-24.77796587,-18.48704793,4581.675993,-4563.224863,No fault 
5.847013184,18.70505767,-24.55433383,-184.3281385,4661.824629,-4477.532409,No fault 
5.05849447,19.24571743,-24.30647484,-349.9868617,4737.372156,-4387.421212,No fault 
4.265054893,19.76731572,-24.03463351,-515.2997275,4808.244013,-4292.980203,No fault 
3.467477512,20.26933776,-23.73907812,-680.1035969,4874.370261,-4194.302582,No fault 
2.666549408,20.75128812,-23.42010034,-844.2358236,4935.685639,-4091.485732,No fault 
1.86306103,21.21269118,-23.07801497,-1007.534434,4992.129639,-3984.631122,No fault 
1.057805293,21.65309159,-22.71315961,-1169.838266,5043.646554,-3873.844204,No fault 
0.251576917,22.07205471,-22.32589432,-1330.987152,5090.185547,-3759.234311,No fault 
-0.554828478,22.46916711,-21.91660128,-1490.822052,5131.700686,-3640.91455,No fault 
-1.36061504,22.84403686,-21.48568442,-1649.185232,5168.151004,-3519.001688,No fault 
-2.164987583,23.19629403,-21.03356901,-1805.920403,5199.500525,-3393.616037,No fault 
-2.967152261,23.52559096,-20.56070122,-1960.872891,5225.718315,-3264.88134,No fault 
-3.766317464,23.8316027,-20.06754771,-2113.889772,5246.778497,-3132.92464,No fault 
-4.561694484,24.11402723,-19.55459518,-2264.820041,5262.66029,-2997.876164,No fault 
-5.35249841,24.37258586,-19.02234985,-2413.514743,5273.348016,-2859.869187,No fault 
-6.137948785,24.60702339,-18.47133696,-2559.82714,5278.831133,-2719.039907,No fault 
-6.917270494,24.8171085,-17.90210032,-2703.612834,5279.104226,-2575.527305,No fault 
-7.689694413,25.00263382,-17.31520168,-2844.729931,5274.167028,-2429.47301,No fault 
-8.454458282,25.1634163,-16.71122025,-2983.039161,5264.024408,-2281.021161,No fault 
-9.210807343,25.29929723,-16.09075208,-3118.404033,5248.686381,-2130.318261,No fault 
-9.9579952,25.41014254,-15.45440949,-3250.690954,5228.168077,-1977.513036,No fault 
-10.69528444,25.49584283,-14.80282049,-3379.769379,5202.489751,-1822.756285,No fault 
-11.42194748,25.55631352,-14.13662811,-3505.511916,5171.676741,-1666.200737,No fault 
-12.13726716,25.59149494,-13.4564898,-3627.794479,5135.759458,-1508.000891,No fault 
-12.84053758,25.60135237,-12.76307678,-3746.496384,5094.773345,-1348.312873,No fault 
-13.53106466,25.58587608,-12.05707336,-3861.500491,5048.758854,-1187.294274,No fault 
-14.20816698,25.54508135,-11.33917628,-3972.693302,4997.761392,-1025.104001,No fault 
-14.87117627,25.47900843,-10.61009402,-4079.965086,4941.831291,-861.9021158,No fault 
-15.51943826,25.38772254,-9.870546093,-4183.209975,4881.023743,-697.8496793,No fault 
-16.15231318,25.27131375,-9.121262349,-4282.326082,4815.398763,-533.1085912,No fault 
-16.76917646,25.12989696,-8.362982236,-4377.215589,4745.02111,-367.8414312,No fault 
-17.36941933,24.96361172,-7.596454088,-4467.784854,4669.960242,-202.2112979,No fault 
-17.95244943,24.77262215,-6.822434372,-4553.944493,4590.290232,-36.3816484,No fault 
-18.51769137,24.55711671,-6.041686956,-4635.609481,4506.089708,129.4838636,No fault 
-19.06458734,24.31730811,-5.25498234,-4712.699219,4417.441761,295.2215488,No fault 
-19.59259759,24.05343297,-4.463096908,-4785.137635,4324.433882,460.6678441,No fault 
-20.10120108,23.76575175,-3.666812155,-4852.853235,4227.157852,625.659474,No fault 
-20.58989585,23.45454832,-2.866913918,-4915.779197,4125.709677,790.0336118,No fault 
-21.05819964,23.12012983,-2.0641916,-4973.853416,4020.189468,953.6280398,No fault 
-21.50565026,22.76282629,-1.259437391,-5027.018584,3910.701366,1116.28131,No fault 
-21.93180617,22.38299033,-0.453445485,-5075.22223,3797.353419,1277.832904,No fault 
-22.33624677,21.98099679,0.3529887,-5118.416787,3680.25749,1438.123389,No fault 
-22.71857296,21.55724241,1.159069311,-5156.559621,3559.529137,1596.994578,No fault 
-23.0784074,21.11214535,1.964000844,-5189.613097,3435.287505,1754.289685,No fault 
-23.415395,20.64614491,2.76698893,-5217.544588,3307.655205,1909.853477,No fault 
-23.72920317,20.15970094,3.567241114,-5240.326535,3176.758196,2063.532433,No fault 
-24.01952226,19.65329354,4.363967647,-5257.93645,3042.725655,2215.174889,No fault 
-24.28606572,19.12742243,5.156382254,-5270.356959,2905.68986,2364.631194,No fault 
-24.52857053,18.58260662,5.943702919,-5277.5758,2765.786044,2511.753851,No fault 
-24.74679735,18.01938375,6.725152649,-5279.585853,2623.152279,2656.397669,No fault 
-24.94053084,17.43830967,7.499960251,-5276.385129,2477.929324,2798.4199,No fault 
-25.10957978,16.83995783,8.26736108,-5267.976793,2330.260501,2937.680388,No fault 
-25.25377736,16.22491873,9.026597807,-5254.369138,2180.291536,3074.041698,No fault 
-25.37298127,15.59379933,9.776921156,-5235.575597,2028.170435,3207.369258,No fault 
-25.46707388,14.94722248,10.51759065,-5211.614713,1874.04732,3337.531489,No fault 
-25.53596231,14.28582627,11.24787533,-5182.510136,1718.074294,3464.399939,No fault 
-25.5795786,13.61026343,11.96705451,-5148.290585,1560.405281,3587.849402,No fault 
-25.59787969,12.92120064,12.67441843,-5108.989836,1401.195884,3707.758049,No fault 
-25.59084753,12.21931794,13.36926901,-5064.646668,1240.603221,3824.007544,No fault 
-25.55848905,11.50530799,14.05092052,-5015.304848,1078.785781,3936.483164,No fault 
-25.5008362,10.77987544,14.71870026,-4961.013065,915.9032541,4045.073909,No fault 
-25.41794586,10.0437362,15.3719492,-4901.824903,752.1163894,4149.672612,No fault 
-25.30989985,9.297616771,16.01002267,-4837.79877,587.5868215,4250.176047,No fault 
-25.17680479,8.542253451,16.63229096,-4768.997856,422.4769244,4346.48503,No fault 
-25.01879203,7.778391721,17.23813997,-4695.490054,256.9496385,4438.504515,No fault 
-24.8360175,7.006785398,17.82697181,-4617.347913,91.16832241,4526.14369,No fault 
-24.6286616,6.228195989,18.39820536,-4534.648546,-74.70342097,4609.316066,No fault 
-24.39692895,5.443391844,18.95127689,-4447.473569,-240.5018929,4687.939562,No fault 
-24.14104825,4.653147494,19.48564059,-4355.909011,-406.0634737,4761.936585,No fault 
-23.86127201,3.858242792,20.00076909,-4260.045239,-571.2247707,4831.234111,No fault 
-23.55787636,3.059462238,20.49615403,-4159.976855,-735.8227929,4895.763749,No fault 
-23.23116068,2.257594108,20.97130653,-4055.802618,-899.6950988,4955.461818,No fault 
-22.88144745,1.453429774,21.42575767,-3947.625332,-1062.679969,5010.269402,No fault 
-22.50908174,0.647762826,21.85905895,-3835.551758,-1224.616555,5060.132414,No fault 
-22.11443108,-0.158611616,22.27078277,-3719.692495,-1385.345047,5105.001644,No fault 
-21.6978849,-0.96489778,22.6605228,-3600.161888,-1544.706822,5144.832812,No fault 
-21.25985432,-1.770299936,23.02789442,-3477.077893,-1702.544614,5179.586609,No fault 
-20.8007716,-2.574023271,23.37253507,-3350.561985,-1858.702651,5209.228738,No fault 
-20.32108981,-3.375274583,23.69410464,-3220.739014,-2013.026828,5233.729945,No fault 
-19.82128233,-4.173263157,23.99228577,-3087.737105,-2165.364843,5253.066051,No fault 
-19.30184242,-4.96720145,24.2667842,-2951.68751,-2315.566359,5267.217973,No fault 
-18.76328269,-5.756305964,24.51732902,-2812.724499,-2463.483142,5276.171745,No fault 
-18.20613466,-6.539797924,24.74367299,-2670.985206,-2608.96922,5279.91853,No fault 
-17.63094814,-7.31690414,24.94559273,-2526.609515,-2751.881013,5278.454632,No fault 
-17.03829079,-8.086857679,25.12288896,-2379.739904,-2892.077486,5271.781494,No fault 
-16.42874748,-8.848898712,25.27538672,-2230.521319,-3029.420279,5259.905702,No fault 
-15.80291977,-9.602275173,25.40293552,-2079.101016,-3163.773855,5242.838977,No fault 
-15.16142526,-10.34624359,25.50540946,-1925.628435,-3295.005621,5220.598161,No fault 
-14.50489705,-11.08006974,25.58270744,-1770.255029,-3422.986068,5193.205203,No fault 
-13.83398302,-11.80302944,25.63475316,-1613.134137,-3547.588894,5160.687137,No fault 
-13.14934533,-12.51440919,25.66149526,-1454.420814,-3668.691133,5123.076053,No fault 
-12.45165959,-13.21350698,25.66290734,-1294.271696,-3786.173268,5080.40907,No fault 
-11.74161436,-13.89963284,25.63898802,-1132.844826,-3899.919362,5032.728295,No fault 
-11.01991035,-14.57210969,25.5897609,-970.2995178,-4009.817159,4980.080783,No fault 
-10.28725982,-15.23027384,25.51527457,-806.7961789,-4115.758205,4922.518491,No fault 
-9.544385785,-15.87347579,25.41560252,-642.4961718,-4217.637946,4860.098225,No fault 
-8.792021394,-16.50108076,25.29084314,-477.5616367,-4315.355843,4792.881588,No fault 
-8.030909115,-17.11246938,25.14111952,-312.1553482,-4408.815456,4720.934913,No fault 
-7.261800102,-17.70703828,24.96657945,-146.4405382,-4497.924556,4644.329203,No fault 
-6.485453346,-18.28420071,24.76739516,19.41924861,-4582.595199,4563.140059,No fault 
-5.702635036,-18.84338705,24.54376323,185.2603328,-4662.743829,4477.447606,No fault 
-4.914117693,-19.38404547,24.29590436,350.9190451,-4738.291346,4387.33641,No fault 
-4.120679514,-19.9056424,24.02406315,516.2319046,-4809.163196,4292.895401,No fault 
-3.323103504,-20.4076631,23.72850788,681.0357631,-4875.289434,4194.217781,No fault 
-2.522176798,-20.8896121,23.40953022,845.1679834,-4936.604805,4091.400932,No fault 
-1.718689791,-21.35101382,23.06744497,1008.466583,-4993.048795,3984.546323,No fault 
-0.913435452,-21.79141287,22.70258972,1170.770409,-5044.565704,3873.759405,No fault 
-0.107208447,-22.21037466,22.31532454,1331.919284,-5091.104687,3759.149513,No fault 
0.69919555,-22.60748569,21.90603162,1491.754177,-5132.619819,3640.829753,No fault 
1.50498074,-22.9823541,21.47511488,1650.117347,-5169.070127,3518.916891,No fault 
2.309351886,-23.33460991,21.02299958,1806.852511,-5200.419641,3393.531242,No fault 
3.111515193,-23.6639055,20.55013191,1961.804989,-5226.637421,3264.796544,No fault 
3.910678998,-23.96991588,20.05697853,2114.821863,-5247.697596,3132.839845,No fault 
4.706054647,-24.25233907,19.54402611,2265.752121,-5263.579379,2997.79137,No fault 
5.496857175,-24.51089634,19.01178089,2414.446817,-5274.267099,2859.784395,No fault 
6.282306179,-24.74533254,18.46076813,2560.759203,-5279.750206,2718.955115,No fault 
7.061626491,-24.95541628,17.8915316,2704.544891,-5280.023291,2575.442514,No fault 
7.834049038,-25.14094027,17.30463308,2845.661977,-5275.086083,2429.38822,No fault 
8.59881151,-25.30172138,16.70065176,2983.9712,-5264.943457,2280.936371,No fault 
9.3551592,-25.43760097,16.08018371,3119.336062,-5249.605419,2130.233472,No fault 
10.10234566,-25.54844493,15.44384124,3251.622977,-5229.087109,1977.428247,No fault 
10.83963353,-25.63414387,14.79225236,3380.70139,-5203.408773,1822.671498,No fault 
11.56629517,-25.69461321,14.12606009,3506.443921,-5172.595756,1666.11595,No fault 
12.28161348,-25.72979328,13.4459219,3628.726473,-5136.678463,1507.916105,No fault 
12.9848825,-25.73964936,12.75250899,3747.428372,-5095.692343,1348.228087,No fault 
13.67540822,-25.72417172,12.04650569,3862.432468,-5049.677842,1187.209489,No fault 
14.35250913,-25.68337564,11.32860873,3973.625272,-4998.680373,1025.019217,No fault 
15.01551705,-25.61730137,10.59952658,4080.897046,-4942.750262,861.8173325,No fault 
15.66377765,-25.52601412,9.859978778,4184.141928,-4881.942708,697.7648967,No fault 
16.29665119,-25.40960399,9.11069515,4283.258025,-4816.317718,533.0238094,No fault 
16.91351308,-25.26818585,8.352415155,4378.147525,-4745.940058,367.7566501,No fault 
17.51375457,-25.10189927,7.585887123,4468.71678,-4670.87918,202.1265176,No fault 
18.09678328,-24.91090834,6.811867525,4554.876412,-4591.209163,36.29686876,No fault 
18.66202384,-24.69540156,6.031120225,4636.541389,-4507.008629,-129.5686425,No fault 
19.20891842,-24.45559159,5.244415727,4713.631121,-4418.360676,-295.3063269,No fault 
19.7369273,-24.19171512,4.452530412,4786.069526,-4325.352786,-460.7526215,No fault 
20.2455294,-23.90403254,3.656245777,4853.785119,-4228.07675,-625.7442507,No fault 
20.73422279,-23.59282777,2.856347656,4916.711071,-4126.628564,-790.1183877,No fault 
21.20252518,-23.25840792,2.053625455,4974.785283,-4021.108349,-953.712815,No fault 
21.64997444,-22.90110304,1.248871363,5027.950441,-3911.620237,-1116.366085,No fault 
22.07612895,-22.52126572,0.442879575,5076.15408,-3798.272283,-1277.917678,No fault 
22.48056818,-22.11927084,-0.363554494,5119.348626,-3681.176344,-1438.208162,No fault 
22.86289297,-21.6955151,-1.169634987,5157.491454,-3560.447984,-1597.07935,No fault 
23.22272603,-21.25041671,-1.974566404,5190.544919,-3436.206342,-1754.374456,No fault 
23.55971224,-20.7844149,-2.777554372,5218.476404,-3308.574035,-1909.938248,No fault 
23.87351904,-20.2979696,-3.57780644,5241.25834,-3177.677016,-2063.617203,No fault 
24.16383673,-19.79156083,-4.374532855,5258.868249,-3043.644469,-2215.259659,No fault 
24.43037882,-19.26568838,-5.166947346,5271.288747,-2906.608663,-2364.715962,No fault 
24.67288223,-18.72087121,-5.954267892,5278.507581,-2766.70484,-2511.838619,No fault 
24.89110768,-18.157647,-6.735717507,5280.517623,-2624.071066,-2656.482436,No fault 
25.08483977,-17.57657157,-7.51052499,5277.316894,-2478.848104,-2798.504667,No fault 
25.25388734,-16.97821838,-8.277925704,5268.908547,-2331.179271,-2937.765154,No fault 
25.39808353,-16.36317793,-9.037162313,5255.300885,-2181.210299,-3074.126463,No fault 
25.51728607,-15.73205719,-9.787485545,5236.507333,-2029.089188,-3207.454022,No fault 
25.61137728,-15.08547898,-10.52815492,5212.546442,-1874.966066,-3337.616253,No fault 
25.68026434,-14.42408143,-11.25843949,5183.441855,-1718.99303,-3464.484701,No fault 
25.72387923,-13.74851723,-11.97761854,5149.222298,-1561.32401,-3587.934164,No fault 
25.74217895,-13.0594531,-12.68498235,5109.921538,-1402.114604,-3707.84281,No fault 
25.7351454,-12.35756904,-13.37983281,5065.578363,-1241.521934,-3824.092305,No fault 
25.70278554,-11.64355775,-14.06148421,5016.236532,-1079.704484,-3936.567924,No fault 
25.6451313,-10.91812385,-14.72926383,4961.944743,-916.8219499,-4045.158668,No fault 
25.56223959,-10.18198327,-15.38251265,4902.756571,-753.0350752,-4149.75737,No fault 
25.45419218,-9.435862476,-16.020586,4838.730431,-588.5055004,-4250.260805,No fault 
25.32109574,-8.680497817,-16.64285418,4769.929506,-423.3955934,-4346.569787,No fault 
25.16308159,-7.916634728,-17.24870308,4696.421698,-257.8683006,-4438.589271,No fault 
24.98030569,-7.145027067,-17.8375348,4618.279547,-92.0869746,-4526.228446,No fault 
24.7729484,-6.366436297,-18.40876823,4535.580172,73.78477562,-4609.400821,No fault 
24.54121437,-5.581630814,-18.96183964,4448.405185,239.5832575,-4688.024316,No fault 
24.28533227,-4.791385104,-19.49620322,4356.840621,405.1448452,-4762.021338,No fault 
24.00555466,-3.996479064,-20.0113316,4260.976838,570.3061521,-4831.318863,No fault 
23.70215762,-3.19769715,-20.50671643,4160.908447,734.9041812,-4895.848501,No fault 
23.37544057,-2.395827682,-20.98186881,4056.7342,898.776497,-4955.546569,No fault 
23.02572594,-1.591661988,-21.43631983,3948.556907,1061.761374,-5010.354152,No fault 
22.65335886,-0.785993701,-21.869621,3836.483322,1223.69797,-5060.217163,No fault 
22.2587068,0.0203821,-22.28134471,3720.624053,1384.426469,-5105.086393,No fault 
21.84215926,0.826669603,-22.67108462,3601.093435,1543.788254,-5144.91756,No fault 
21.40412728,1.632073118,-23.03845612,3478.009434,1701.626052,-5179.671356,No fault 
20.94504318,2.435797792,-23.38309665,3351.493515,1857.7841,-5209.313485,No fault 
20.46536,3.237050463,-23.7046661,3221.670537,2012.108284,-5233.814691,No fault 
19.96555115,4.035040376,-24.00284711,3088.668618,2164.446308,-5253.150796,No fault 
19.44610984,4.828980028,-24.27734542,2952.619017,2314.647831,-5267.302717,No fault 
18.90754874,5.618085881,-24.52789013,2813.655994,2462.564624,-5276.256488,No fault 
18.35039931,6.4015792,-24.75423399,2671.916695,2608.050709,-5280.003273,No fault 
17.77521142,7.178686755,-24.95615361,2527.540993,2750.962512,-5278.539374,No fault 
17.18255268,7.948641653,-25.13344972,2380.671375,2891.158991,-5271.866235,No fault 
16.573008,8.710684025,-25.28594737,2231.45278,3028.501795,-5259.990443,No fault 
15.94717889,9.464061845,-25.41349604,2080.032471,3162.855378,-5242.923717,No fault 
15.30568301,10.2080316,-25.51596988,1926.559879,3294.087153,-5220.6829,No fault 
14.6491534,10.94185911,-25.59326773,1771.186466,3422.067608,-5193.289941,No fault 
13.97823801,11.66482015,-25.64531333,1614.065564,3546.670443,-5160.771874,No fault 
13.29359891,12.37620126,-25.67205531,1455.352234,3667.772689,-5123.16079,No fault 
12.5959118,13.07530038,-25.67346728,1295.203106,3785.254834,-5080.493806,No fault 
11.88586518,13.76142761,-25.64954785,1133.776229,3899.000935,-5032.813031,No fault 
11.1641598,14.43390579,-25.60032061,971.2309104,4008.898741,-4980.165518,No fault 
10.43150788,15.09207131,-25.52583416,807.7275648,4114.839794,-4922.603225,No fault 
9.688632469,15.7352746,-25.426162,643.4275472,4216.719546,-4860.182958,No fault 
8.936266682,16.36288092,-25.30140249,478.4930054,4314.43745,-4792.96632,No fault 
8.175153032,16.97427088,-25.15167876,313.0867064,4407.897073,-4721.019644,No fault 
7.406042623,17.56884114,-24.97713857,147.3718897,4497.00618,-4644.413934,No fault 
6.629694497,18.1460049,-24.77795417,-18.4879076,4581.676833,-4563.22479,No fault 
5.846874791,18.7051926,-24.55432212,-184.3289985,4661.82547,-4477.532335,No fault 
5.058356076,19.24585237,-24.30646313,-349.9877213,4737.372996,-4387.421138,No fault 
4.264916503,19.76745065,-24.0346218,-515.3005874,4808.244853,-4292.980129,No fault 
3.467339121,20.26947269,-23.73906641,-680.1044565,4874.371101,-4194.302508,No fault 
2.66641102,20.75142305,-23.42008864,-844.2366835,4935.686479,-4091.485658,No fault 
1.862922641,21.21282611,-23.07800327,-1007.535293,4992.130479,-3984.631048,No fault 
1.057666908,21.65322652,-22.7131479,-1169.839126,5043.647394,-3873.84413,No fault 
0.251438531,22.07218964,-22.32588261,-1330.988012,5090.186387,-3759.234238,No fault 
-0.554966861,22.46930204,-21.91658958,-1490.822911,5131.701526,-3640.914476,No fault 
-1.360753423,22.84417178,-21.48567272,-1649.186092,5168.151844,-3519.001614,No fault 
-2.165125963,23.19642895,-21.0335573,-1805.921263,5199.501365,-3393.615964,No fault 
-2.967290642,23.52572588,-20.56068951,-1960.873751,5225.719155,-3264.881266,No fault 
-3.766455842,23.83173762,-20.06753601,-2113.890632,5246.779337,-3132.924566,No fault 
-4.561832862,24.11416215,-19.55458348,-2264.8209,5262.66113,-2997.87609,No fault 
-5.352636785,24.37272078,-19.02233814,-2413.515603,5273.348857,-2859.869114,No fault 
-6.13808716,24.60715831,-18.47132526,-2559.828,5278.831973,-2719.039834,No fault 
-6.917408867,24.81724341,-17.90208862,-2703.613694,5279.105066,-2575.527231,No fault 
-7.689832786,25.00276874,-17.31518998,-2844.730791,5274.167868,-2429.472937,No fault 
-8.454596652,25.16355121,-16.71120855,-2983.040021,5264.025249,-2281.021087,No fault 
-9.210945713,25.29943214,-16.09074038,-3118.404892,5248.687221,-2130.318187,No fault 
-9.958133567,25.41027745,-15.45439779,-3250.691814,5228.168917,-1977.512962,No fault 
-10.69542281,25.49597774,-14.80280879,-3379.770238,5202.490591,-1822.756212,No fault 
-11.42208585,25.55644843,-14.13661641,-3505.512776,5171.677581,-1666.200663,No fault 
-12.13740553,25.59162985,-13.4564781,-3627.795338,5135.760298,-1508.000817,No fault 
-12.84067594,25.60148728,-12.76306508,-3746.497243,5094.774185,-1348.312799,No fault 
-13.53120303,25.58601098,-12.05706165,-3861.501351,5048.759694,-1187.2942,No fault 
-14.20830534,25.54521625,-11.33916458,-3972.694162,4997.762232,-1025.103927,No fault 
-14.87131463,25.47914333,-10.61008232,-4079.965945,4941.832131,-861.902042,No fault 
-15.51957662,25.38785744,-9.870534391,-4183.210834,4881.024583,-697.8496055,No fault 
-16.15245153,25.27144865,-9.121250647,-4282.326942,4815.399603,-533.1085174,No fault 
-16.76931482,25.13003186,-8.362970534,-4377.216448,4745.02195,-367.8413574,No fault 
-17.36955768,24.96374662,-7.596442386,-4467.785714,4669.961082,-202.2112241,No fault 
-17.95258778,24.77275704,-6.822422671,-4553.945353,4590.291072,-36.38157458,No fault 
-18.51782972,24.5572516,-6.041675254,-4635.61034,4506.090548,129.4839374,No fault 
-19.06472569,24.317443,-5.254970638,-4712.700079,4417.442602,295.2216226,No fault 
-19.59273594,24.05356786,-4.463085207,-4785.138494,4324.434721,460.6679179,No fault 
-20.10133943,23.76588664,-3.666800454,-4852.854094,4227.158692,625.6595478,No fault 
-20.5900342,23.45468321,-2.866902217,-4915.780056,4125.710516,790.0336856,No fault 
-21.05833798,23.12026472,-2.064179899,-4973.854275,4020.190308,953.6281136,No fault 
-21.50578861,22.76296118,-1.25942569,-5027.019444,3910.702206,1116.281384,No fault 
-21.93194451,22.38312522,-0.453433784,-5075.22309,3797.354259,1277.832978,No fault 
-22.33638511,21.98113167,0.3530004,-5118.417646,3680.25833,1438.123463,No fault 
-22.7187113,21.55737729,1.159081012,-5156.560481,3559.529977,1596.994652,No fault 
-23.07854574,21.11228024,1.964012545,-5189.613956,3435.288345,1754.289758,No fault 
-23.41553334,20.64627979,2.76700063,-5217.545448,3307.656045,1909.853551,No fault 
-23.72934151,20.15983582,3.567252815,-5240.327394,3176.759036,2063.532507,No fault 
-24.01966059,19.65342841,4.363979347,-5257.93731,3042.726495,2215.174963,No fault 
-24.28620405,19.12755731,5.156393954,-5270.357818,2905.690699,2364.631268,No fault 
-24.52870886,18.58274149,5.943714618,-5277.576659,2765.786884,2511.753925,No fault 
-24.74693568,18.01951862,6.725164349,-5279.586712,2623.153119,2656.397742,No fault 
-24.94066917,17.43844455,7.49997195,-5276.385989,2477.930164,2798.419974,No fault 
-25.10971811,16.8400927,8.26737278,-5267.977653,2330.261341,2937.680462,No fault 
-25.25391569,16.2250536,9.026609507,-5254.369997,2180.292376,3074.041771,No fault 
-25.3731196,15.5939342,9.776932855,-5235.576456,2028.171275,3207.369331,No fault 
-25.4672122,14.94735735,10.51760235,-5211.615572,1874.04816,3337.531563,No fault 
-25.53610063,14.28596114,11.24788703,-5182.510995,1718.075134,3464.400013,No fault 
-25.57971692,13.6103983,11.96706621,-5148.291445,1560.406121,3587.849476,No fault 
-25.59801801,12.9213355,12.67443012,-5108.990695,1401.196724,3707.758123,No fault 
-25.59098585,12.2194528,13.36928071,-5064.647527,1240.604061,3824.007618,No fault 
-25.55862737,11.50544285,14.05093222,-5015.305707,1078.786621,3936.483238,No fault 
-25.50097452,10.7800103,14.71871196,-4961.013924,915.904094,4045.073983,No fault 
-25.41808418,10.04387106,15.3719609,-4901.825762,752.1172291,4149.672686,No fault 
-25.31003817,9.297751627,16.01003437,-4837.799629,587.5876613,4250.176121,No fault 
-25.1769431,8.542388308,16.63230266,-4768.998715,422.4777641,4346.485104,No fault 
-25.01893034,7.778526575,17.23815167,-4695.490914,256.9504783,4438.504589,No fault 
-24.83615581,7.006920253,17.82698351,-4617.348773,91.16916204,4526.143764,No fault 
-24.62879991,6.22833084,18.39821706,-4534.649405,-74.70258114,4609.31614,No fault 
-24.39706725,5.443526696,18.95128859,-4447.474428,-240.5010533,4687.939636,No fault 
-24.14118655,4.653282343,19.48565228,-4355.909871,-406.0626339,4761.936659,No fault 
-23.86141031,3.858377641,20.00078079,-4260.046099,-571.2239311,4831.234184,No fault 
-23.55801466,3.059597084,20.49616573,-4159.977715,-735.8219531,4895.763823,No fault 
-23.23129899,2.257728955,20.97131823,-4055.803477,-899.6942592,4955.461892,No fault 
-22.88158575,1.453564618,21.42576937,-3947.626191,-1062.67913,5010.269476,No fault 
-22.50922004,0.64789767,21.85907065,-3835.552617,-1224.615715,5060.132488,No fault 
-22.11456938,-0.158476775,22.27079447,-3719.693355,-1385.344207,5105.001718,No fault 
-21.6980232,-0.964762939,22.6605345,-3600.162747,-1544.705983,5144.832886,No fault 
-21.25999262,-1.770165097,23.02790612,-3477.078752,-1702.543774,5179.586683,No fault 
-20.80090989,-2.573888432,23.37254677,-3350.562844,-1858.701811,5209.228812,No fault 
-20.3212281,-3.375139747,23.69411633,-3220.739873,-2013.025988,5233.730019,No fault 
-19.82142062,-4.17312832,23.99229746,-3087.737964,-2165.364003,5253.066125,No fault 
-19.30198071,-4.967066616,24.26679589,-2951.68837,-2315.565519,5267.218047,No fault 
-18.76342098,-5.75617113,24.51734072,-2812.725358,-2463.482303,5276.171818,No fault 
-18.20627295,-6.539663092,24.74368469,-2670.986065,-2608.968381,5279.918604,No fault 
-17.63108643,-7.316769308,24.94560442,-2526.610374,-2751.880173,5278.454705,No fault 
-17.03842908,-8.08672285,25.12290066,-2379.740763,-2892.076646,5271.781568,No fault 
-16.42888576,-8.848763883,25.27539842,-2230.522178,-3029.419439,5259.905776,No fault 
-15.80305805,-9.602140346,25.40294721,-2079.101876,-3163.773016,5242.839051,No fault 
-15.16156354,-10.34610876,25.50542116,-1925.629294,-3295.004781,5220.598235,No fault 
-14.50503533,-11.07993491,25.58271914,-1770.255888,-3422.985229,5193.205277,No fault 
-13.8341213,-11.80289461,25.63476485,-1613.134996,-3547.588055,5160.68721,No fault 
-13.1494836,-12.51427437,25.66150695,-1454.421673,-3668.690293,5123.076127,No fault 
-12.45179786,-13.21337215,25.66291904,-1294.272555,-3786.172428,5080.409144,No fault 
-11.74175263,-13.89949802,25.63899972,-1132.845686,-3899.918522,5032.728369,No fault 
-11.02004863,-14.57197487,25.5897726,-970.3003767,-4009.816319,4980.080857,No fault 
-10.2873981,-15.23013903,25.51528626,-806.7970381,-4115.757365,4922.518565,No fault 
-9.544524059,-15.87334098,25.41561422,-642.4970307,-4217.637107,4860.098299,No fault 
-8.792159664,-16.50094594,25.29085483,-477.5624959,-4315.355003,4792.881661,No fault 
-8.031047386,-17.11233457,25.14113122,-312.1562071,-4408.814617,4720.934986,No fault 
-7.26193837,-17.70690347,24.96659114,-146.4413974,-4497.923717,4644.329277,No fault 
-6.485591615,-18.28406589,24.76740686,19.41838972,-4582.59436,4563.140133,No fault 
-5.702773301,-18.84325224,24.54377493,185.2594737,-4662.74299,4477.447679,No fault 
-4.914255959,-19.38391067,24.29591605,350.9181863,-4738.290507,4387.336484,No fault 
-4.120817777,-19.9055076,24.02407484,516.2310454,-4809.162356,4292.895475,No fault 
-3.323241767,-20.40752829,23.72851957,681.0349043,-4875.288595,4194.217854,No fault 
-2.522315058,-20.8894773,23.40954191,845.1671243,-4936.603966,4091.401006,No fault 
-1.718828051,-21.35087901,23.06745666,1008.465724,-4993.047956,3984.546396,No fault 
-0.91357371,-21.79127807,22.70260141,1170.76955,-5044.564864,3873.759479,No fault 
-0.107346705,-22.21023985,22.31533624,1331.918425,-5091.103847,3759.149587,No fault 
0.699057295,-22.60735089,21.90604332,1491.753318,-5132.618979,3640.829827,No fault 
1.504842485,-22.9822193,21.47512658,1650.116488,-5169.069287,3518.916965,No fault 
2.309213633,-23.33447511,21.02301128,1806.851652,-5200.418802,3393.531315,No fault 
3.11137694,-23.6637707,20.5501436,1961.80413,-5226.636582,3264.796618,No fault 
3.910540748,-23.96978108,20.05699022,2114.821004,-5247.696757,3132.839919,No fault 
4.705916397,-24.25220428,19.5440378,2265.751262,-5263.578539,2997.791444,No fault 
5.496718928,-24.51076155,19.01179258,2414.445958,-5274.266259,2859.784468,No fault 
6.282167931,-24.74519774,18.46077982,2560.758344,-5279.749366,2718.955189,No fault 
7.061488246,-24.95528149,17.89154329,2704.544032,-5280.022452,2575.442588,No fault 
7.833910793,-25.14080548,17.30464477,2845.661118,-5275.085244,2429.388294,No fault 
8.598673267,-25.30158659,16.70066346,2983.970341,-5264.942618,2280.936445,No fault 
9.355020957,-25.43746619,16.0801954,3119.335203,-5249.60458,2130.233545,No fault 
10.10220742,-25.54831014,15.44385293,3251.622118,-5229.08627,1977.428321,No fault 
10.83949529,-25.63400909,14.79226405,3380.700531,-5203.407934,1822.671572,No fault 
11.56615693,-25.69447843,14.12607178,3506.443062,-5172.594917,1666.116024,No fault 
12.28147524,-25.7296585,13.44593359,3628.725614,-5136.677624,1507.916179,No fault 
12.98474427,-25.73951458,12.75252069,3747.427513,-5095.691504,1348.228161,No fault 
13.67526998,-25.72403695,12.04651738,3862.43161,-5049.677003,1187.209563,No fault 
14.3523709,-25.68324086,11.32862042,3973.624413,-4998.679534,1025.019291,No fault 
15.01537882,-25.6171666,10.59953828,4080.896187,-4942.749423,861.8174063,No fault 
15.66363942,-25.52587935,9.859990468,4184.141069,-4881.941869,697.7649704,No fault 
16.29651296,-25.40946922,9.11070684,4283.257166,-4816.316878,533.0238831,No fault 
16.91337485,-25.26805108,8.352426845,4378.146666,-4745.939219,367.7567238,No fault 
17.51361635,-25.1017645,7.585898813,4468.715921,-4670.878341,202.1265913,No fault 
18.09664505,-24.91077357,6.811879216,4554.875553,-4591.208324,36.2969425,No fault 
18.66188562,-24.69526679,6.031131915,4636.54053,-4507.00779,-129.5685687,No fault 
19.20878019,-24.45545683,5.244427417,4713.630262,-4418.359836,-295.3062532,No fault 
19.73678908,-24.19158036,4.452542102,4786.068667,-4325.351947,-460.7525478,No fault 
20.24539118,-23.90389778,3.656257466,4853.78426,-4228.07591,-625.744177,No fault 
20.73408457,-23.59269301,2.856359346,4916.710212,-4126.627725,-790.1183139,No fault 
21.20238697,-23.25827316,2.053637145,4974.784424,-4021.10751,-953.7127413,No fault 
21.64983622,-22.90096828,1.248883052,5027.949582,-3911.619398,-1116.366011,No fault 
22.07599073,-22.52113096,0.442891264,5076.153222,-3798.271443,-1277.917604,No fault 
22.48042996,-22.11913608,-0.363542804,5119.347768,-3681.175505,-1438.208088,No fault 
22.86275475,-21.69538034,-1.169623298,5157.490596,-3560.447144,-1597.079277,No fault 
23.22258782,-21.25028195,-1.974554715,5190.54406,-3436.205503,-1754.374382,No fault 
23.55957403,-20.78428015,-2.777542683,5218.475545,-3308.573196,-1909.938174,No fault 
23.87338083,-20.29783484,-3.577794752,5241.257482,-3177.676177,-2063.617129,No fault 
24.16369852,-19.79142608,-4.374521167,5258.86739,-3043.64363,-2215.259585,No fault 
24.43024061,-19.26555363,-5.166935657,5271.287889,-2906.607824,-2364.715889,No fault 
24.67274403,-18.72073646,-5.954256204,5278.506723,-2766.704001,-2511.838545,No fault 
24.89096948,-18.15751226,-6.735705818,5280.516765,-2624.070227,-2656.482362,No fault 
25.08470157,-17.57643682,-7.510513302,5277.316035,-2478.847265,-2798.504593,No fault 
25.25374914,-16.97808364,-8.277914016,5268.907688,-2331.178432,-2937.76508,No fault 
25.39794533,-16.36304318,-9.037150625,5255.300026,-2181.20946,-3074.126389,No fault 
25.51714787,-15.73192244,-9.787473857,5236.506475,-2029.088349,-3207.453948,No fault 
25.61123908,-15.08534424,-10.52814323,5212.545584,-1874.965227,-3337.616179,No fault 
25.68012614,-14.42394669,-11.2584278,5183.440997,-1718.992191,-3464.484628,No fault 
25.72374104,-13.74838249,-11.97760686,5149.221439,-1561.323171,-3587.93409,No fault 
25.74204075,-13.05931836,-12.68497066,5109.920679,-1402.113765,-3707.842736,No fault 
25.7350072,-12.35743431,-13.37982113,5065.577505,-1241.521095,-3824.092231,No fault 
25.70264735,-11.64342301,-14.06147252,5016.235674,-1079.703645,-3936.56785,No fault 
25.64499311,-10.91798911,-14.72925214,4961.943884,-916.8211108,-4045.158594,No fault 
25.5621014,-10.18184854,-15.38250097,4902.755712,-753.0342363,-4149.757296,No fault 
25.454054,-9.435727744,-16.02057432,4838.729572,-588.5046614,-4250.260731,No fault 
25.32095756,-8.680363086,-16.64284249,4769.928648,-423.3947545,-4346.569713,No fault 
25.16294341,-7.916499999,-17.24869139,4696.42084,-257.8674616,-4438.589197,No fault 
24.98016751,-7.144892338,-17.83752311,4618.278688,-92.08613573,-4526.228372,No fault 
24.77281022,-6.366301571,-18.40875654,4535.579314,73.78561466,-4609.400747,No fault 
24.54107619,-5.581496087,-18.96182796,4448.404327,239.5840964,-4688.024242,No fault 
24.2851941,-4.79125038,-19.49619153,4356.839762,405.1456842,-4762.021265,No fault 
24.00541648,-3.99634434,-20.01131992,4260.97598,570.3069909,-4831.318789,No fault 
23.70201944,-3.197562428,-20.50670475,4160.907589,734.9050202,-4895.848427,No fault 
23.3753024,-2.39569296,-20.98185713,4056.733341,898.7773358,-4955.546495,No fault 
23.02558776,-1.591527269,-21.43630815,3948.556048,1061.762213,-5010.354079,No fault 
22.65322069,-0.785858982,-21.86960932,3836.482464,1223.698809,-5060.21709,No fault 
22.25856863,0.020516817,-22.28133302,3720.623195,1384.427308,-5105.086319,No fault 
21.84202109,0.826804319,-22.67107293,3601.092577,1543.789093,-5144.917486,No fault 
21.40398911,1.632207832,-23.03844443,3478.008575,1701.626891,-5179.671283,No fault 
20.94490502,2.435932505,-23.38308497,3351.492656,1857.784938,-5209.313411,No fault 
20.46522184,3.237185175,-23.70465442,3221.669679,2012.109123,-5233.814617,No fault 
19.96541298,4.035175087,-24.00283543,3088.66776,2164.447147,-5253.150722,No fault 
19.44597168,4.829114737,-24.27733374,2952.618158,2314.64867,-5267.302643,No fault 
18.90741058,5.61822059,-24.52787845,2813.655136,2462.565463,-5276.256414,No fault 
18.35026115,6.401713907,-24.7542223,2671.915836,2608.051548,-5280.003199,No fault 
17.77507326,7.178821461,-24.95614192,2527.540135,2750.96335,-5278.5393,No fault 
17.18241452,7.948776357,-25.13343804,2380.670517,2891.15983,-5271.866161,No fault 
16.57286984,8.710818728,-25.28593568,2231.451922,3028.502633,-5259.990369,No fault 
15.94704074,9.464196546,-25.41348436,2080.031613,3162.856217,-5242.923643,No fault 
15.30554485,10.2081663,-25.51595819,1926.559021,3294.087992,-5220.682826,No fault 
14.64901525,10.94199381,-25.59325605,1771.185608,3422.068447,-5193.289868,No fault 
13.97809985,11.66495484,-25.64530165,1614.064705,3546.671282,-5160.7718,No fault 
13.29346076,12.37633596,-25.67204363,1455.351376,3667.773528,-5123.160716,No fault 
12.59577365,13.07543508,-25.6734556,1295.202248,3785.255673,-5080.493733,No fault 
11.88572703,13.7615623,-25.64953616,1133.775371,3899.001774,-5032.812957,No fault 
11.16402165,14.43404049,-25.60030893,971.2300522,4008.89958,-4980.165444,No fault 
10.43136973,15.092206,-25.52582248,807.7267064,4114.840633,-4922.603151,No fault 
9.688494323,15.73540929,-25.42615032,643.426689,4216.720384,-4860.182885,No fault 
8.936128539,16.36301561,-25.30139081,478.492147,4314.438288,-4792.966246,No fault 
8.175014888,16.97440557,-25.15166708,313.0858483,4407.897912,-4721.019571,No fault 
7.405904483,17.56897582,-24.97712689,147.3710314,4497.007019,-4644.41386,No fault 
6.629556356,18.14613959,-24.77794249,-18.48876572,4581.677671,-4563.224716,No fault 
5.846736653,18.70532729,-24.55431044,-184.3298568,4661.826308,-4477.532261,No fault 
5.058217938,19.24598705,-24.30645145,-349.9885794,4737.373835,-4387.421065,No fault 
4.264778367,19.76758534,-24.03461012,-515.3014457,4808.245692,-4292.980055,No fault 
3.467200985,20.26960737,-23.73905473,-680.1053146,4874.37194,-4194.302434,No fault 
2.666272887,20.75155773,-23.42007696,-844.2375418,4935.687318,-4091.485585,No fault 
1.862784508,21.21296078,-23.07799159,-1007.536151,4992.131317,-3984.630975,No fault 
1.057528777,21.65336119,-22.71313622,-1169.839984,5043.648233,-3873.844057,No fault 
0.251300401,22.07232432,-22.32587093,-1330.98887,5090.187226,-3759.234164,No fault 
-0.555104989,22.46943671,-21.91657789,-1490.82377,5131.702365,-3640.914403,No fault 
-1.360891551,22.84430646,-21.48566104,-1649.18695,5168.152682,-3519.00154,No fault 
-2.165264089,23.19656362,-21.03354562,-1805.922121,5199.502204,-3393.61589,No fault 
-2.967428767,23.52586055,-20.56067783,-1960.874609,5225.719994,-3264.881192,No fault 
-3.766593965,23.83187229,-20.06752433,-2113.89149,5246.780176,-3132.924492,No fault 
-4.561970985,24.11429682,-19.5545718,-2264.821758,5262.661968,-2997.876016,No fault 
-5.352774905,24.37285544,-19.02232646,-2413.516461,5273.349695,-2859.86904,No fault 
-6.138225281,24.60729298,-18.47131358,-2559.828858,5278.832812,-2719.03976,No fault 
-6.917546984,24.81737808,-17.90207694,-2703.614552,5279.105905,-2575.527158,No fault 
-7.689970904,25.0029034,-17.3151783,-2844.731649,5274.168706,-2429.472863,No fault 
-8.454734767,25.16368587,-16.71119687,-2983.040879,5264.026087,-2281.021013,No fault 
-9.211083829,25.2995668,-16.09072869,-3118.40575,5248.688059,-2130.318113,No fault 
-9.95827168,25.41041211,-15.45438611,-3250.692672,5228.169756,-1977.512888,No fault 
-10.69556092,25.49611239,-14.80279711,-3379.771096,5202.49143,-1822.756138,No fault 
-11.42222396,25.55658309,-14.13660473,-3505.513634,5171.67842,-1666.200589,No fault 
-12.13754364,25.5917645,-13.45646642,-3627.796196,5135.761136,-1508.000744,No fault 
-12.84081405,25.60162193,-12.7630534,-3746.498102,5094.775024,-1348.312725,No fault 
-13.53134114,25.58614564,-12.05704998,-3861.502209,5048.760532,-1187.294126,No fault 
-14.20844344,25.54535091,-11.3391529,-3972.69502,4997.76307,-1025.103853,No fault 
-14.87145274,25.47927798,-10.61007064,-4079.966803,4941.832969,-861.9019683,No fault 
-15.51971472,25.38799209,-9.870522712,-4183.211692,4881.025422,-697.8495318,No fault 
-16.15258964,25.2715833,-9.121238968,-4282.3278,4815.400441,-533.1084437,No fault 
-16.76945292,25.13016651,-8.362958855,-4377.217307,4745.022789,-367.8412837,No fault 
-17.36969578,24.96388126,-7.596430707,-4467.786571,4669.96192,-202.2111504,No fault 
-17.95272588,24.77289169,-6.822410992,-4553.946211,4590.291911,-36.38150091,No fault 
-18.51796782,24.55738625,-6.041663576,-4635.611198,4506.091386,129.4840111,No fault 
-19.06486378,24.31757764,-5.25495896,-4712.700937,4417.44344,295.2216963,No fault 
-19.59287404,24.05370251,-4.463073529,-4785.139352,4324.43556,460.6679916,No fault 
-20.10147752,23.76602128,-3.666788776,-4852.854952,4227.159531,625.6596215,No fault 
-20.59017229,23.45481785,-2.866890539,-4915.780914,4125.711355,790.0337592,No fault 
-21.05847607,23.12039936,-2.064168221,-4973.855133,4020.191147,953.6281873,No fault 
-21.5059267,22.76309581,-1.259414012,-5027.020301,3910.703044,1116.281458,No fault 
-21.9320826,22.38325985,-0.453422106,-5075.223948,3797.355097,1277.833051,No fault 
-22.3365232,21.98126631,0.353012078,-5118.418504,3680.259168,1438.123537,No fault 
-22.71884938,21.55751192,1.159092689,-5156.561339,3559.530815,1596.994726,No fault 
-23.07868382,21.11241487,1.964024222,-5189.614814,3435.289183,1754.289832,No fault 
-23.41567142,20.64641442,2.767012307,-5217.546306,3307.656883,1909.853624,No fault 
-23.72947959,20.15997045,3.567264492,-5240.328252,3176.759874,2063.53258,No fault 
-24.01979867,19.65356304,4.363991024,-5257.938168,3042.727334,2215.175037,No fault 
-24.28634213,19.12769193,5.156405631,-5270.358676,2905.691538,2364.631341,No fault 
-24.52884694,18.58287612,5.943726295,-5277.577517,2765.787722,2511.753999,No fault 
-24.74707376,18.01965325,6.725176026,-5279.58757,2623.153957,2656.397816,No fault 
-24.94080724,17.43857917,7.499983627,-5276.386847,2477.931003,2798.420048,No fault 
-25.10985618,16.84022732,8.267384456,-5267.97851,2330.262179,2937.680535,No fault 
-25.25405376,16.22518822,9.026621183,-5254.370855,2180.293215,3074.041845,No fault 
-25.37325767,15.59406882,9.776944531,-5235.577314,2028.172113,3207.369405,No fault 
-25.46735027,14.94749197,10.51761402,-5211.61643,1874.048998,3337.531637,No fault 
-25.5362387,14.28609576,11.24789871,-5182.511853,1718.075972,3464.400086,No fault 
-25.57985499,13.61053291,11.96707788,-5148.292303,1560.406959,3587.849549,No fault 
-25.59815608,12.92147012,12.6744418,-5108.991553,1401.197562,3707.758196,No fault 
-25.59112392,12.21958741,13.36929238,-5064.648385,1240.6049,3824.007692,No fault 
-25.55876543,11.50557746,14.0509439,-5015.306564,1078.787459,3936.483312,No fault 
-25.50111258,10.78014491,14.71872363,-4961.014782,915.9049323,4045.074056,No fault 
-25.41822224,10.04400567,15.37197257,-4901.82662,752.1180672,4149.672759,No fault 
-25.31017623,9.297886233,16.01004604,-4837.800487,587.5884996,4250.176195,No fault 
-25.17708116,8.542522914,16.63231433,-4768.999573,422.4786022,4346.485178,No fault 
-25.0190684,7.778661179,17.23816335,-4695.491772,256.9513166,4438.504663,No fault 
-24.83629387,7.007054856,17.82699518,-4617.34963,91.17000014,4526.143838,No fault 
-24.62893797,6.228465442,18.39822874,-4534.650263,-74.70174289,4609.316214,No fault 
-24.39720531,5.443661297,18.95130027,-4447.475286,-240.5002152,4687.939709,No fault 
-24.14132461,4.653416942,19.48566396,-4355.910729,-406.0617956,4761.936733,No fault 
-23.86154837,3.85851224,20.00079246,-4260.046956,-571.223093,4831.234258,No fault 
-23.55815271,3.059731681,20.4961774,-4159.978572,-735.8211149,4895.763896,No fault 
-23.23143704,2.257863551,20.9713299,-4055.804335,-899.6934211,4955.461965,No fault 
-22.88172379,1.453699212,21.42578104,-3947.627049,-1062.678291,5010.26955,No fault 
-22.50935809,0.648032264,21.85908233,-3835.553474,-1224.614877,5060.132562,No fault 
-22.11470742,-0.158342183,22.27080614,-3719.694212,-1385.343369,5105.001792,No fault 
-21.69816125,-0.964628348,22.66054618,-3600.163604,-1544.705145,5144.83296,No fault 
-21.26013066,-1.770030508,23.02791779,-3477.07961,-1702.542936,5179.586757,No fault 
-20.80104794,-2.573753843,23.37255844,-3350.563701,-1858.700973,5209.228886,No fault 
-20.32136614,-3.37500516,23.69412801,-3220.740731,-2013.02515,5233.730093,No fault 
-19.82155866,-4.172993734,23.99230914,-3087.738822,-2165.363165,5253.066198,No fault 
-19.30211875,-4.966932032,24.26680756,-2951.689227,-2315.564681,5267.21812,No fault 
-18.76355902,-5.756036546,24.51735239,-2812.726215,-2463.481465,5276.171892,No fault 
-18.20641098,-6.539528511,24.74369636,-2670.986923,-2608.967543,5279.918677,No fault 
-17.63122446,-7.316634727,24.9456161,-2526.611231,-2751.879335,5278.454779,No fault 
-17.03856711,-8.086588272,25.12291233,-2379.741621,-2892.075808,5271.781641,No fault 
-16.4290238,-8.848629304,25.27541009,-2230.523035,-3029.418602,5259.90585,No fault 
-15.80319608,-9.60200577,25.40295888,-2079.102733,-3163.772178,5242.839125,No fault 
-15.16170157,-10.34597419,25.50543283,-1925.630151,-3295.003943,5220.598308,No fault 
-14.50517335,-11.07980034,25.58273081,-1770.256746,-3422.984391,5193.20535,No fault 
-13.83425933,-11.80276004,25.63477653,-1613.135853,-3547.587217,5160.687284,No fault 
-13.14962163,-12.5141398,25.66151862,-1454.422531,-3668.689455,5123.0762,No fault 
-12.45193589,-13.21323758,25.66293071,-1294.273413,-3786.17159,5080.409218,No fault 
-11.74189066,-13.89936346,25.63901139,-1132.846543,-3899.917684,5032.728443,No fault 
-11.02018665,-14.5718403,25.58978427,-970.3012341,-4009.815481,4980.080931,No fault 
-10.28753611,-15.23000446,25.51529794,-806.7978956,-4115.756527,4922.518638,No fault 
-9.544662078,-15.87320641,25.41562589,-642.4978881,-4217.636269,4860.098373,No fault 
-8.792297681,-16.50081138,25.2908665,-477.5633534,-4315.354165,4792.881735,No fault 
-8.031185402,-17.1122,25.14114289,-312.1570645,-4408.813779,4720.93506,No fault 
-7.262076383,-17.70676891,24.96660281,-146.4422549,-4497.922879,4644.32935,No fault 
-6.485729628,-18.28393133,24.76741853,19.41753237,-4582.593522,4563.140207,No fault 
-5.702911313,-18.84311768,24.5437866,185.2586161,-4662.742152,4477.447753,No fault 
-4.91439397,-19.38377611,24.29592772,350.9173289,-4738.289669,4387.336557,No fault 
-4.120955786,-19.90537304,24.02408651,516.2301879,-4809.161518,4292.895548,No fault 
-3.323379776,-20.40739373,23.72853124,681.034047,-4875.287757,4194.217928,No fault 
-2.522453065,-20.88934275,23.40955358,845.1662668,-4936.603128,4091.401079,No fault 
-1.718966058,-21.35074446,23.06746833,1008.464867,-4993.047118,3984.54647,No fault 
-0.913711714,-21.79114352,22.70261308,1170.768692,-5044.564026,3873.759553,No fault 
-0.107484709,-22.2101053,22.31534791,1331.917568,-5091.103009,3759.149661,No fault 
0.698919294,-22.60721635,21.90605499,1491.75246,-5132.618141,3640.8299,No fault 
1.504704484,-22.98208475,21.47513825,1650.115631,-5169.06845,3518.917039,No fault 
2.309075635,-23.33434056,21.02302295,1806.850795,-5200.417964,3393.531389,No fault 
3.111238942,-23.66363616,20.55015527,1961.803273,-5226.635744,3264.796692,No fault 
3.910402752,-23.96964654,20.05700189,2114.820146,-5247.695919,3132.839993,No fault 
4.705778401,-24.25206973,19.54404947,2265.750405,-5263.577702,2997.791517,No fault 
5.496580934,-24.51062701,19.01180425,2414.445101,-5274.265421,2859.784542,No fault 
6.282029938,-24.7450632,18.46079149,2560.757487,-5279.748529,2718.955263,No fault 
7.061350255,-24.95514695,17.89155496,2704.543175,-5280.021614,2575.442661,No fault 
7.833772802,-25.14067094,17.30465644,2845.660261,-5275.084407,2429.388367,No fault 
8.598535279,-25.30145206,16.70067512,2983.969484,-5264.94178,2280.936518,No fault 
9.354882968,-25.43733165,16.08020707,3119.334346,-5249.603742,2130.233619,No fault 
10.10206943,-25.54817561,15.4438646,3251.62126,-5229.085432,1977.428394,No fault 
10.8393573,-25.63387455,14.79227572,3380.699674,-5203.407096,1822.671645,No fault 
11.56601895,-25.69434389,14.12608345,3506.442205,-5172.594079,1666.116097,No fault 
12.28133726,-25.72952397,13.44594526,3628.724757,-5136.676786,1507.916252,No fault 
12.98460629,-25.73938005,12.75253235,3747.426655,-5095.690666,1348.228235,No fault 
13.675132,-25.72390242,12.04652905,3862.430753,-5049.676165,1187.209636,No fault 
14.35223292,-25.68310633,11.32863209,3973.623556,-4998.678696,1025.019364,No fault 
15.01524084,-25.61703207,10.59954994,4080.89533,-4942.748585,861.8174799,No fault 
15.66350144,-25.52574483,9.860002136,4184.140212,-4881.941031,697.7650441,No fault 
16.29637498,-25.4093347,9.110718508,4283.256309,-4816.316041,533.0239567,No fault 
16.91323688,-25.26791656,8.352438513,4378.145809,-4745.938381,367.7567974,No fault 
17.51347837,-25.10162998,7.585910481,4468.715064,-4670.877503,202.1266649,No fault 
18.09650708,-24.91063905,6.811890883,4554.874696,-4591.207486,36.29701611,No fault 
18.66174765,-24.69513227,6.031143582,4636.539673,-4507.006952,-129.5684951,No fault 
19.20864223,-24.45532231,5.244439084,4713.629405,-4418.358999,-295.3061796,No fault 
19.73665111,-24.19144584,4.452553769,4786.06781,-4325.351109,-460.7524742,No fault 
20.24525321,-23.90376326,3.656269133,4853.783403,-4228.075073,-625.7441034,No fault 
20.73394661,-23.5925585,2.856371013,4916.709355,-4126.626887,-790.1182403,No fault 
21.202249,-23.25813865,2.053648811,4974.783567,-4021.106672,-953.7126677,No fault 
21.64969826,-22.90083377,1.248894719,5027.948725,-3911.61856,-1116.365937,No fault 
22.07585277,-22.52099646,0.44290293,5076.152364,-3798.270606,-1277.91753,No fault 
22.480292,-22.11900157,-0.363531138,5119.346911,-3681.174668,-1438.208015,No fault 
22.8626168,-21.69524584,-1.169611632,5157.489738,-3560.446307,-1597.079203,No fault 
23.22244986,-21.25014744,-1.974543049,5190.543203,-3436.204666,-1754.374309,No fault 
23.55943607,-20.78414565,-2.777531017,5218.474688,-3308.572358,-1909.9381,No fault 
23.87324288,-20.29770034,-3.577783086,5241.256625,-3177.67534,-2063.617055,No fault 
24.16356057,-19.79129158,-4.374509501,5258.866533,-3043.642792,-2215.259511,No fault 
24.43010266,-19.26541913,-5.166923992,5271.287032,-2906.606987,-2364.715815,No fault 
24.67260608,-18.72060197,-5.954244539,5278.505865,-2766.703164,-2511.838472,No fault 
24.89083153,-18.15737776,-6.735694153,5280.515908,-2624.069389,-2656.482288,No fault 
25.08456362,-17.57630233,-7.510501637,5277.315178,-2478.846427,-2798.504519,No fault 
25.25361119,-16.97794914,-8.27790235,5268.906831,-2331.177594,-2937.765006,No fault 
25.39780739,-16.36290869,-9.03713896,5255.299169,-2181.208623,-3074.126315,No fault 
25.51700992,-15.73178795,-9.787462192,5236.505618,-2029.087512,-3207.453874,No fault 
25.61110114,-15.08520975,-10.52813157,5212.544727,-1874.964389,-3337.616105,No fault 
25.6799882,-14.4238122,-11.25841614,5183.44014,-1718.991354,-3464.484554,No fault 
25.7236031,-13.748248,-11.97759519,5149.220582,-1561.322334,-3587.934016,No fault 
25.74190281,-13.05918387,-12.684959,5109.919822,-1402.112927,-3707.842663,No fault 
25.73486927,-12.35729982,-13.37980946,5065.576648,-1241.520257,-3824.092157,No fault 
25.70250941,-11.64328853,-14.06146086,5016.234817,-1079.702807,-3936.567777,No fault 
25.64485518,-10.91785463,-14.72924048,4961.943027,-916.8202733,-4045.15852,No fault 
25.56196346,-10.18171405,-15.3824893,4902.754855,-753.033399,-4149.757223,No fault 
25.45391606,-9.435593263,-16.02056265,4838.728715,-588.5038239,-4250.260657,No fault 
25.32081962,-8.680228605,-16.64283083,4769.927791,-423.3939172,-4346.56964,No fault 
25.16280548,-7.91636552,-17.24867973,4696.419983,-257.8666241,-4438.589124,No fault 
24.98002958,-7.144757859,-17.83751145,4618.277831,-92.0852984,-4526.228298,No fault 
24.77267229,-6.366167095,-18.40874488,4535.578457,73.78645212,-4609.400674,No fault 
24.54093826,-5.581361611,-18.96181629,4448.40347,239.5849337,-4688.024168,No fault 
24.28505617,-4.791115906,-19.49617987,4356.838905,405.1465216,-4762.021191,No fault 
24.00527856,-3.996209867,-20.01130826,4260.975123,570.3078282,-4831.318715,No fault 
23.70188152,-3.197427957,-20.50669308,4160.906732,734.9058576,-4895.848353,No fault 
23.37516447,-2.395558489,-20.98184547,4056.732485,898.7781731,-4955.546421,No fault 
23.02544984,-1.5913928,-21.43629649,3948.555191,1061.763051,-5010.354005,No fault 
22.65308277,-0.785724514,-21.86959765,3836.481607,1223.699646,-5060.217016,No fault 
22.25843072,0.020651283,-22.28132136,3720.622338,1384.428145,-5105.086245,No fault 
21.84188317,0.826938785,-22.67106127,3601.09172,1543.78993,-5144.917413,No fault 
21.4038512,1.632342296,-23.03843277,3478.007718,1701.627729,-5179.671209,No fault 
20.9447671,2.436066969,-23.38307331,3351.4918,1857.785776,-5209.313337,No fault 
20.46508392,3.237319636,-23.70464275,3221.668822,2012.10996,-5233.814544,No fault 
19.96527507,4.035309548,-24.00282377,3088.666903,2164.447984,-5253.150649,No fault 
19.44583377,4.829249196,-24.27732208,2952.617301,2314.649507,-5267.30257,No fault 
18.90727267,5.618355048,-24.52786679,2813.654279,2462.5663,-5276.256341,No fault 
18.35012325,6.401848363,-24.75421064,2671.914979,2608.052386,-5280.003126,No fault 
17.77493535,7.178955917,-24.95613026,2527.539278,2750.964187,-5278.539226,No fault 
17.18227662,7.948910811,-25.13342638,2380.66966,2891.160668,-5271.866088,No fault 
16.57273193,8.710953182,-25.28592402,2231.451065,3028.503471,-5259.990296,No fault 
15.94690283,9.464330997,-25.4134727,2080.030756,3162.857054,-5242.92357,No fault 
15.30540695,10.20830075,-25.51594653,1926.558164,3294.088829,-5220.682753,No fault 
14.64887735,10.94212826,-25.59324439,1771.184751,3422.069284,-5193.289794,No fault 
13.97796195,11.66508929,-25.64528999,1614.063849,3546.672119,-5160.771727,No fault 
13.29332287,12.3764704,-25.67203197,1455.350519,3667.774365,-5123.160643,No fault 
12.59563575,13.07556952,-25.67344394,1295.201391,3785.25651,-5080.493659,No fault 
11.88558914,13.76169675,-25.6495245,1133.774514,3899.002611,-5032.812883,No fault 
11.16388376,14.43417493,-25.60029727,971.2291956,4008.900417,-4980.165371,No fault 
10.43123184,15.09234044,-25.52581082,807.7258496,4114.841471,-4922.603077,No fault 
9.688356431,15.73554373,-25.42613866,643.4258324,4216.721221,-4860.182811,No fault 
8.935990649,16.36315004,-25.30137915,478.4912903,4314.439126,-4792.966173,No fault 
8.174876999,16.97454001,-25.15165542,313.0849917,4407.898749,-4721.019497,No fault 
7.405766596,17.56911026,-24.97711523,147.3701746,4497.007856,-4644.413787,No fault 
6.629418469,18.14627402,-24.77793083,-18.48962228,4581.678509,-4563.224642,No fault 
5.846598768,18.70546172,-24.55429878,-184.3307135,4661.827146,-4477.532188,No fault 
5.058080054,19.24612149,-24.30643979,-349.989436,4737.374672,-4387.420991,No fault 
4.264640485,19.76771977,-24.03459846,-515.3023025,4808.246529,-4292.979982,No fault 
3.467063103,20.2697418,-23.73904307,-680.1061711,4874.372777,-4194.30236,No fault 
2.666135008,20.75169216,-23.4200653,-844.2383985,4935.688155,-4091.485511,No fault 
1.862646629,21.21309521,-23.07797993,-1007.537008,4992.132154,-3984.630901,No fault 
1.057390901,21.65349562,-22.71312456,-1169.840841,5043.64907,-3873.843983,No fault 
0.251162524,22.07245874,-22.32585927,-1330.989726,5090.188063,-3759.23409,No fault 
-0.555242863,22.46957114,-21.91656624,-1490.824626,5131.703202,-3640.914329,No fault 
-1.361029425,22.84444088,-21.48564938,-1649.187806,5168.153519,-3519.001467,No fault 
-2.16540196,23.19669804,-21.03353396,-1805.922978,5199.503041,-3393.615816,No fault 
-2.967566639,23.52599497,-20.56066617,-1960.875465,5225.720831,-3264.881118,No fault 
-3.766731834,23.83200671,-20.06751267,-2113.892347,5246.781013,-3132.924419,No fault 
-4.562108854,24.11443124,-19.55456014,-2264.822615,5262.662805,-2997.875943,No fault 
-5.352912772,24.37298986,-19.0223148,-2413.517318,5273.350532,-2859.868966,No fault 
-6.138363147,24.60742739,-18.47130192,-2559.829714,5278.833649,-2719.039686,No fault 
-6.917684849,24.81751249,-17.90206528,-2703.615409,5279.106742,-2575.527084,No fault 
-7.690108768,25.00303782,-17.31516664,-2844.732505,5274.169543,-2429.472789,No fault 
-8.454872629,25.16382028,-16.71118521,-2983.041735,5264.026924,-2281.02094,No fault 
-9.21122169,25.29970122,-16.09071704,-3118.406607,5248.688896,-2130.31804,No fault 
-9.958409539,25.41054652,-15.45437445,-3250.693529,5228.170593,-1977.512814,No fault 
-10.69569878,25.4962468,-14.80278545,-3379.771952,5202.492267,-1822.756064,No fault 
-11.42236181,25.55671749,-14.13659307,-3505.514491,5171.679257,-1666.200516,No fault 
-12.13768149,25.59189891,-13.45645476,-3627.797052,5135.761973,-1508.00067,No fault 
-12.8409519,25.60175634,-12.76304174,-3746.498958,5094.775861,-1348.312652,No fault 
-13.53147899,25.58628004,-12.05703832,-3861.503065,5048.761369,-1187.294053,No fault 
-14.20858129,25.54548531,-11.33914124,-3972.695876,4997.763907,-1025.10378,No fault 
-14.87159059,25.47941238,-10.61005898,-4079.96766,4941.833806,-861.9018948,No fault 
-15.51985257,25.38812649,-9.870511055,-4183.212549,4881.026259,-697.8494583,No fault 
-16.15272749,25.27171769,-9.121227311,-4282.328656,4815.401278,-533.1083702,No fault 
-16.76959076,25.1303009,-8.362947199,-4377.218163,4745.023626,-367.8412102,No fault 
-17.36983363,24.96401566,-7.596419051,-4467.787428,4669.962757,-202.2110769,No fault 
-17.95286372,24.77302608,-6.822399336,-4553.947067,4590.292748,-36.38142738,No fault 
-18.51810566,24.55752064,-6.04165192,-4635.612054,4506.092223,129.4840846,No fault 
-19.06500162,24.31771203,-5.254947304,-4712.701793,4417.444277,295.2217698,No fault 
-19.59301188,24.0538369,-4.463061873,-4785.140208,4324.436397,460.6680651,No fault 
-20.10161536,23.76615567,-3.66677712,-4852.855809,4227.160368,625.659695,No fault 
-20.59031013,23.45495224,-2.866878884,-4915.78177,4125.712192,790.0338328,No fault 
-21.05861391,23.12053374,-2.064156566,-4973.85599,4020.191984,953.6282608,No fault 
-21.50606453,22.7632302,-1.259402357,-5027.021158,3910.703881,1116.281531,No fault 
-21.93222043,22.38339423,-0.453410452,-5075.224804,3797.355934,1277.833125,No fault 
-22.33666104,21.98140069,0.353023733,-5118.41936,3680.260005,1438.12361,No fault 
-22.71898721,21.5576463,1.159104344,-5156.562195,3559.531652,1596.994799,No fault 
-23.07882165,21.11254925,1.964035877,-5189.61567,3435.29002,1754.289906,No fault 
-23.41580925,20.6465488,2.767023962,-5217.547162,3307.65772,1909.853698,No fault 
-23.72961742,20.16010483,3.567276146,-5240.329108,3176.760711,2063.532654,No fault 
-24.0199365,19.65369742,4.364002679,-5257.939024,3042.728171,2215.17511,No fault 
-24.28647996,19.12782631,5.156417285,-5270.359532,2905.692374,2364.631415,No fault 
-24.52898476,18.58301049,5.943737949,-5277.578374,2765.788559,2511.754072,No fault 
-24.74721158,18.01978762,6.725187679,-5279.588426,2623.154794,2656.39789,No fault 
-24.94094506,17.43871354,7.499995281,-5276.387703,2477.93184,2798.420121,No fault 
-25.109994,16.84036169,8.26739611,-5267.979366,2330.263016,2937.680609,No fault 
-25.25419158,16.22532259,9.026632837,-5254.371712,2180.294051,3074.041919,No fault 
-25.37339549,15.59420318,9.776956185,-5235.57817,2028.17295,3207.369479,No fault 
-25.46748809,14.94762633,10.51762568,-5211.617286,1874.049835,3337.53171,No fault 
-25.53637652,14.28623012,11.24791036,-5182.512709,1718.076808,3464.40016,No fault 
-25.5799928,13.61066727,11.96708953,-5148.293159,1560.407796,3587.849623,No fault 
-25.59829389,12.92160448,12.67445345,-5108.992409,1401.198399,3707.75827,No fault 
-25.59126173,12.21972178,13.36930404,-5064.649242,1240.605736,3824.007765,No fault 
-25.55890324,11.50571182,14.05095555,-5015.307421,1078.788295,3936.483385,No fault 
-25.50125039,10.78027927,14.71873529,-4961.015638,915.905769,4045.07413,No fault 
-25.41836005,10.04414003,15.37198423,-4901.827476,752.1189038,4149.672833,No fault 
-25.31031403,9.29802059,16.01005769,-4837.801343,587.5893363,4250.176268,No fault 
-25.17721896,8.54265727,16.63232599,-4769.000429,422.4794388,4346.485251,No fault 
-25.0192062,7.778795533,17.238175,-4695.492628,256.9521533,4438.504736,No fault 
-24.83643167,7.00718921,17.82700684,-4617.350486,91.17083671,4526.143911,No fault 
-24.62907577,6.228599793,18.39824039,-4534.651119,-74.70090621,4609.316287,No fault 
-24.39734311,5.443795648,18.95131192,-4447.476142,-240.4993787,4687.939783,No fault 
-24.1414624,4.65355129,19.48567561,-4355.911585,-406.060959,4761.936806,No fault 
-23.86168616,3.858646588,20.00080411,-4260.047812,-571.2222565,4831.234331,No fault 
-23.5582905,3.059866027,20.49618906,-4159.979428,-735.8202783,4895.76397,No fault 
-23.23157483,2.257997897,20.97134155,-4055.805191,-899.6925846,4955.462039,No fault 
-22.88186159,1.453833555,21.42579269,-3947.627905,-1062.677455,5010.269623,No fault 
-22.50949588,0.648166607,21.85909398,-3835.55433,-1224.614041,5060.132635,No fault 
-22.11484521,-0.158207842,22.2708178,-3719.695069,-1385.342532,5105.001865,No fault 
-21.69829904,-0.964494007,22.66055783,-3600.16446,-1544.704308,5144.833033,No fault 
-21.26026845,-1.769896169,23.02792944,-3477.080466,-1702.542099,5179.58683,No fault 
-20.80118572,-2.573619505,23.37257009,-3350.564557,-1858.700137,5209.228959,No fault 
-20.32150393,-3.374870824,23.69413966,-3220.741587,-2013.024314,5233.730166,No fault 
-19.82169644,-4.172859398,23.99232079,-3087.739677,-2165.362329,5253.066272,No fault 
-19.30225653,-4.966797699,24.26681922,-2951.690083,-2315.563844,5267.218194,No fault 
-18.7636968,-5.755902213,24.51736404,-2812.727071,-2463.480628,5276.171966,No fault 
-18.20654876,-6.53939418,24.74370801,-2670.987779,-2608.966706,5279.918751,No fault 
-17.63136224,-7.316500397,24.94562775,-2526.612087,-2751.878499,5278.454852,No fault 
-17.03870489,-8.086453943,25.12292398,-2379.742477,-2892.074971,5271.781715,No fault 
-16.42916157,-8.848494976,25.27542174,-2230.523891,-3029.417765,5259.905923,No fault 
-15.80333386,-9.601871444,25.40297053,-2079.103589,-3163.771341,5242.839198,No fault 
-15.16183935,-10.34583986,25.50544448,-1925.631007,-3295.003107,5220.598382,No fault 
-14.50531113,-11.07966602,25.58274246,-1770.257602,-3422.983554,5193.205424,No fault 
-13.8343971,-11.80262572,25.63478817,-1613.136709,-3547.58638,5160.687357,No fault 
-13.1497594,-12.51400548,25.66153027,-1454.423387,-3668.688618,5123.076274,No fault 
-12.45207366,-13.21310326,25.66294236,-1294.274268,-3786.170754,5080.409291,No fault 
-11.74202842,-13.89922914,25.63902304,-1132.847399,-3899.916848,5032.728516,No fault 
-11.02032442,-14.57170599,25.58979592,-970.30209,-4009.814645,4980.081004,No fault 
-10.28767388,-15.22987014,25.51530958,-806.7987516,-4115.75569,4922.518712,No fault 
-9.544799842,-15.8730721,25.41563754,-642.4987439,-4217.635432,4860.098446,No fault 
-8.792435443,-16.50067706,25.29087815,-477.5642094,-4315.353329,4792.881808,No fault 
-8.031323164,-17.11206569,25.14115454,-312.1579203,-4408.812943,4720.935133,No fault 
-7.262214144,-17.7066346,24.96661446,-146.4431109,-4497.922042,4644.329424,No fault 
-6.485867388,-18.28379702,24.76743018,19.41667658,-4582.592686,4563.14028,No fault 
-5.70304907,-18.84298337,24.54379825,185.2577602,-4662.741315,4477.447826,No fault 
-4.914531727,-19.3836418,24.29593937,350.9164732,-4738.288832,4387.336631,No fault 
-4.121093541,-19.90523873,24.02409816,516.229332,-4809.160682,4292.895622,No fault 
-3.32351753,-20.40725943,23.72854289,681.0331912,-4875.286921,4194.218001,No fault 
-2.522590817,-20.88920844,23.40956523,845.1654109,-4936.602291,4091.401153,No fault 
-1.71910381,-21.35061016,23.06747998,1008.464011,-4993.046282,3984.546543,No fault 
-0.913849464,-21.79100921,22.70262473,1170.767836,-5044.56319,3873.759626,No fault 
-0.107622459,-22.209971,22.31535955,1331.916712,-5091.102173,3759.149734,No fault 
0.698781546,-22.60708205,21.90606663,1491.751605,-5132.617305,3640.829974,No fault 
1.504566737,-22.98195046,21.47514989,1650.114775,-5169.067613,3518.917112,No fault 
2.30893789,-23.33420627,21.02303459,1806.849939,-5200.417127,3393.531462,No fault 
3.111101197,-23.66350186,20.55016692,1961.802417,-5226.634908,3264.796765,No fault 
3.91026501,-23.96951225,20.05701353,2114.819291,-5247.695082,3132.840066,No fault 
4.705640659,-24.25193544,19.54406112,2265.749549,-5263.576865,2997.791591,No fault 
5.496443194,-24.51049272,19.0118159,2414.444245,-5274.264585,2859.784615,No fault 
6.281892198,-24.74492891,18.46080313,2560.756632,-5279.747692,2718.955336,No fault 
7.061212517,-24.95501266,17.89156661,2704.542319,-5280.020778,2575.442735,No fault 
7.833635065,-25.14053665,17.30466809,2845.659406,-5275.08357,2429.388441,No fault 
8.598397544,-25.30131777,16.70068677,2983.968628,-5264.940944,2280.936592,No fault 
9.354745234,-25.43719737,16.08021872,3119.33349,-5249.602906,2130.233692,No fault 
10.1019317,-25.54804133,15.44387625,3251.620405,-5229.084596,1977.428468,No fault 
10.83921957,-25.63374027,14.79228736,3380.698819,-5203.40626,1822.671719,No fault 
11.56588122,-25.69420961,14.1260951,3506.441349,-5172.593243,1666.116171,No fault 
12.28119953,-25.72938969,13.4459569,3628.723901,-5136.67595,1507.916326,No fault 
12.98446856,-25.73924577,12.752544,3747.4258,-5095.68983,1348.228308,No fault 
13.67499427,-25.72376814,12.04654069,3862.429897,-5049.675329,1187.20971,No fault 
14.35209519,-25.68297206,11.32864373,3973.6227,-4998.67786,1025.019438,No fault 
15.01510312,-25.6168978,10.59956159,4080.894474,-4942.747749,861.8175533,No fault 
15.66336372,-25.52561055,9.860013781,4184.139356,-4881.940195,697.7651175,No fault 
16.29623726,-25.40920042,9.110730153,4283.255454,-4816.315205,533.0240302,No fault 
16.91309916,-25.26778228,8.352450157,4378.144953,-4745.937545,367.7568709,No fault 
17.51334065,-25.1014957,7.585922125,4468.714208,-4670.876667,202.1267384,No fault 
18.09636937,-24.91050478,6.811902527,4554.87384,-4591.20665,36.29708957,No fault 
18.66160993,-24.694998,6.031155227,4636.538818,-4507.006116,-129.5684217,No fault 
19.20850451,-24.45518804,5.244450728,4713.628549,-4418.358163,-295.3061061,No fault 
19.7365134,-24.19131157,4.452565413,4786.066954,-4325.350273,-460.7524007,No fault 
20.2451155,-23.903629,3.656280777,4853.782547,-4228.074237,-625.7440299,No fault 
20.7338089,-23.59242423,2.856382656,4916.708499,-4126.626051,-790.1181669,No fault 
21.20211129,-23.25800439,2.053660455,4974.782711,-4021.105836,-953.7125942,No fault 
21.64956055,-22.90069951,1.248906362,5027.94787,-3911.617724,-1116.365864,No fault 
22.07571507,-22.5208622,0.442914574,5076.151509,-3798.26977,-1277.917457,No fault 
22.48015429,-22.11886732,-0.363519495,5119.346055,-3681.173832,-1438.207941,No fault 
22.86247909,-21.69511158,-1.169599989,5157.488883,-3560.445471,-1597.07913,No fault 
23.22231216,-21.25001319,-1.974531406,5190.542348,-3436.20383,-1754.374235,No fault 
23.55929837,-20.78401139,-2.777519374,5218.473832,-3308.571522,-1909.938027,No fault 
23.87310518,-20.29756609,-3.577771443,5241.255769,-3177.674504,-2063.616982,No fault 
24.16342287,-19.79115733,-4.374497858,5258.865677,-3043.641956,-2215.259438,No fault 
24.42996496,-19.26528488,-5.166912349,5271.286176,-2906.606151,-2364.715742,No fault 
24.67246838,-18.72046772,-5.954232896,5278.50501,-2766.702328,-2511.838398,No fault 
24.89069383,-18.15724351,-6.735682511,5280.515053,-2624.068553,-2656.482215,No fault 
25.08442593,-17.57616808,-7.510489995,5277.314322,-2478.845591,-2798.504446,No fault 
25.2534735,-16.9778149,-8.277890708,5268.905976,-2331.176758,-2937.764933,No fault 
25.3976697,-16.36277444,-9.037127318,5255.298314,-2181.207787,-3074.126242,No fault 
25.51687223,-15.73165371,-9.78745055,5236.504762,-2029.086676,-3207.453801,No fault 
25.61096345,-15.08507551,-10.52811993,5212.543871,-1874.963553,-3337.616032,No fault 
25.67985051,-14.42367796,-11.25840449,5183.439284,-1718.990518,-3464.484481,No fault 
25.72346541,-13.74811377,-11.97758355,5149.219727,-1561.321498,-3587.933943,No fault 
25.74176513,-13.05904964,-12.68494735,5109.918967,-1402.112091,-3707.842589,No fault 
25.73473158,-12.35716558,-13.37979782,5065.575792,-1241.519421,-3824.092084,No fault 
25.70237173,-11.64315429,-14.06144922,5016.233962,-1079.701971,-3936.567703,No fault 
25.64471749,-10.9177204,-14.72922884,4961.942172,-916.8194373,-4045.158447,No fault 
25.56182578,-10.18157982,-15.38247766,4902.754,-753.0325631,-4149.757149,No fault 
25.45377839,-9.435459032,-16.02055101,4838.72786,-588.5029879,-4250.260584,No fault 
25.32068195,-8.680094374,-16.64281919,4769.926936,-423.3930814,-4346.569566,No fault 
25.1626678,-7.916231291,-17.24866809,4696.419127,-257.8657882,-4438.58905,No fault 
24.9798919,-7.144623631,-17.8374998,4618.276976,-92.08446259,-4526.228225,No fault 
24.77253461,-6.366032868,-18.40873324,4535.577601,73.78728801,-4609.4006,No fault 
24.54080059,-5.581227386,-18.96180465,4448.402615,239.5857695,-4688.024095,No fault 
24.2849185,-4.790981682,-19.49616823,4356.83805,405.1473575,-4762.021118,No fault 
24.00514089,-3.996075643,-20.01129662,4260.974268,570.308664,-4831.318642,No fault 
23.70174385,-3.197293736,-20.50668144,4160.905876,734.9066935,-4895.84828,No fault 
23.3750268,-2.395424268,-20.98183383,4056.731629,898.7790088,-4955.546348,No fault 
23.02531218,-1.591258581,-21.43628485,3948.554336,1061.763887,-5010.353932,No fault 
22.6529451,-0.785590296,-21.86958602,3836.480752,1223.700482,-5060.216943,No fault 
22.25829305,0.0207855,-22.28130972,3720.621482,1384.428981,-5105.086172,No fault 
21.84174551,0.827073001,-22.67104963,3601.090865,1543.790766,-5144.917339,No fault 
21.40371354,1.63247651,-23.03842113,3478.006863,1701.628564,-5179.671136,No fault 
20.94462944,2.436201182,-23.38306167,3351.490944,1857.786611,-5209.313264,No fault 
20.46494626,3.237453848,-23.70463111,3221.667967,2012.110796,-5233.81447,No fault 
19.96513741,4.035443759,-24.00281213,3088.666048,2164.44882,-5253.150575,No fault 
19.44569611,4.829383405,-24.27731044,2952.616446,2314.650343,-5267.302496,No fault 
18.90713501,5.618489256,-24.52785515,2813.653424,2462.567136,-5276.256267,No fault 
18.34998559,6.401982569,-24.754199,2671.914124,2608.053221,-5280.003052,No fault 
17.7747977,7.179090123,-24.95611862,2527.538423,2750.965023,-5278.539153,No fault 
17.18213897,7.949045015,-25.13341474,2380.668805,2891.161503,-5271.866014,No fault 
16.57259428,8.711087385,-25.28591238,2231.45021,3028.504306,-5259.990222,No fault 
15.94676519,9.464465199,-25.41346106,2080.029901,3162.85789,-5242.923496,No fault 
15.3052693,10.20843496,-25.51593489,1926.557309,3294.089665,-5220.682679,No fault 
14.6487397,10.94226245,-25.59323275,1771.183896,3422.07012,-5193.289721,No fault 
13.97782431,11.66522349,-25.64527835,1614.062994,3546.672955,-5160.771653,No fault 
13.29318522,12.3766046,-25.67202033,1455.349664,3667.775201,-5123.160569,No fault 
12.59549811,13.07570372,-25.6734323,1295.200536,3785.257345,-5080.493586,No fault 
11.8854515,13.76183094,-25.64951287,1133.773659,3899.003447,-5032.81281,No fault 
11.16374612,14.43430913,-25.60028563,971.2283405,4008.901253,-4980.165297,No fault 
10.4310942,15.09247463,-25.52579918,807.7249944,4114.842306,-4922.603004,No fault 
9.688218793,15.73567792,-25.42612702,643.4249774,4216.722057,-4860.182738,No fault 
8.935853013,16.36328423,-25.30136751,478.4904351,4314.439961,-4792.966099,No fault 
8.174739364,16.9746742,-25.15164378,313.0841366,4407.899584,-4721.019424,No fault 
7.405628962,17.56924445,-24.97710359,147.3693195,4497.008691,-4644.413713,No fault 
6.629280836,18.14640821,-24.77791919,-18.49047729,4581.679344,-4563.224569,No fault 
5.846461137,18.7055959,-24.55428714,-184.3315687,4661.827981,-4477.532114,No fault 
5.057942424,19.24625567,-24.30642815,-349.990291,4737.375507,-4387.420918,No fault 
4.264502857,19.76785395,-24.03458683,-515.3031576,4808.247364,-4292.979908,No fault 
3.466925476,20.26987598,-23.73903144,-680.1070261,4874.373612,-4194.302287,No fault 
2.665997382,20.75182634,-23.42005366,-844.2392536,4935.688991,-4091.485438,No fault 
1.862509004,21.21322939,-23.07796829,-1007.537863,4992.13299,-3984.630828,No fault 
1.057253277,21.65362979,-22.71311293,-1169.841696,5043.649906,-3873.84391,No fault 
0.251024901,22.07259292,-22.32584764,-1330.990581,5090.188898,-3759.234017,No fault 
-0.555380484,22.46970531,-21.9165546,-1490.825481,5131.704038,-3640.914256,No fault 
-1.361167045,22.84457505,-21.48563774,-1649.188661,5168.154355,-3519.001393,No fault 
-2.165539578,23.19683221,-21.03352233,-1805.923833,5199.503877,-3393.615743,No fault 
-2.967704257,23.52612914,-20.56065454,-1960.87632,5225.721666,-3264.881045,No fault 
-3.76686945,23.83214087,-20.06750104,-2113.893202,5246.781848,-3132.924345,No fault 
-4.56224647,24.11456541,-19.55454851,-2264.82347,5262.66364,-2997.875869,No fault 
-5.353050385,24.37312402,-19.02230317,-2413.518173,5273.351368,-2859.868893,No fault 
-6.13850076,24.60756156,-18.47129029,-2559.830569,5278.834484,-2719.039613,No fault 
-6.917822459,24.81764666,-17.90205364,-2703.616264,5279.107577,-2575.527011,No fault 
-7.690246378,25.00317198,-17.31515501,-2844.73336,5274.170379,-2429.472716,No fault 
-8.455010237,25.16395445,-16.71117357,-2983.04259,5264.02776,-2281.020866,No fault 
-9.211359298,25.29983538,-16.0907054,-3118.407462,5248.689731,-2130.317966,No fault 
-9.958547145,25.41068068,-15.45436282,-3250.694384,5228.171429,-1977.512741,No fault 
-10.69583639,25.49638096,-14.80277382,-3379.772807,5202.493102,-1822.755991,No fault 
-11.42249942,25.55685165,-14.13658144,-3505.515345,5171.680092,-1666.200443,No fault 
-12.1378191,25.59203306,-13.45644313,-3627.797907,5135.762808,-1508.000597,No fault 
-12.84108951,25.60189049,-12.76303011,-3746.499813,5094.776696,-1348.312578,No fault 
-13.53161659,25.58641419,-12.05702668,-3861.50392,5048.762204,-1187.293979,No fault 
-14.20871889,25.54561946,-11.33912961,-3972.696731,4997.764743,-1025.103706,No fault 
-14.87172818,25.47954653,-10.61004735,-4079.968514,4941.834641,-861.9018214,No fault 
-15.51999017,25.38826063,-9.870499422,-4183.213404,4881.027094,-697.8493849,No fault 
-16.15286508,25.27185184,-9.121215678,-4282.329511,4815.402113,-533.1082968,No fault 
-16.76972836,25.13043505,-8.362935566,-4377.219018,4745.024461,-367.8411368,No fault 
-17.36997122,24.96414981,-7.596407418,-4467.788283,4669.963593,-202.2110035,No fault 
-17.95300132,24.77316023,-6.822387703,-4553.947922,4590.293583,-36.38135398,No fault 
-18.51824325,24.55765479,-6.041640287,-4635.612909,4506.093058,129.484158,No fault 
-19.06513921,24.31784617,-5.254935672,-4712.702648,4417.445112,295.2218432,No fault 
-19.59314947,24.05397104,-4.46305024,-4785.141063,4324.437232,460.6681385,No fault 
-20.10175295,23.76628981,-3.666765488,-4852.856664,4227.161203,625.6597684,No fault 
-20.59044771,23.45508638,-2.866867252,-4915.782625,4125.713027,790.0339061,No fault 
-21.05875149,23.12066788,-2.064144934,-4973.856845,4020.192819,953.6283342,No fault 
-21.50620212,22.76336433,-1.259390725,-5027.022012,3910.704716,1116.281605,No fault 
-21.93235801,22.38352837,-0.45339882,-5075.225659,3797.35677,1277.833198,No fault 
-22.33679861,21.98153483,0.353035365,-5118.420215,3680.26084,1438.123683,No fault 
-22.71912479,21.55778043,1.159115976,-5156.56305,3559.532487,1596.994873,No fault 
-23.07895923,21.11268338,1.964047508,-5189.616525,3435.290855,1754.289979,No fault 
-23.41594682,20.64668293,2.767035593,-5217.548017,3307.658555,1909.853771,No fault 
-23.729755,20.16023896,3.567287778,-5240.329963,3176.761546,2063.532727,No fault 
-24.02007407,19.65383154,4.36401431,-5257.939879,3042.729006,2215.175184,No fault 
-24.28661753,19.12796043,5.156428916,-5270.360387,2905.69321,2364.631488,No fault 
-24.52912233,18.58314461,5.94374958,-5277.579228,2765.789394,2511.754145,No fault 
-24.74734915,18.01992174,6.72519931,-5279.58928,2623.155629,2656.397963,No fault 
-24.94108263,17.43884766,7.500006911,-5276.388558,2477.932675,2798.420195,No fault 
-25.11013157,16.84049581,8.267407741,-5267.980221,2330.263851,2937.680682,No fault 
-25.25432915,16.2254567,9.026644467,-5254.372566,2180.294887,3074.041992,No fault 
-25.37353305,15.5943373,9.776967815,-5235.579025,2028.173785,3207.369552,No fault 
-25.46762565,14.94776045,10.51763731,-5211.618141,1874.05067,3337.531784,No fault 
-25.53651408,14.28636424,11.24792199,-5182.513564,1718.077643,3464.400233,No fault 
-25.58013036,13.61080139,11.96710116,-5148.294014,1560.408631,3587.849696,No fault 
-25.59843145,12.92173859,12.67446508,-5108.993263,1401.199234,3707.758343,No fault 
-25.59139928,12.21985589,13.36931567,-5064.650096,1240.606571,3824.007839,No fault 
-25.5590408,11.50584593,14.05096718,-5015.308275,1078.789131,3936.483459,No fault 
-25.50138795,10.78041338,14.71874692,-4961.016493,915.9066042,4045.074203,No fault 
-25.4184976,10.04427414,15.37199586,-4901.82833,752.1197389,4149.672906,No fault 
-25.31045159,9.298154696,16.01006932,-4837.802198,587.5901715,4250.176342,No fault 
-25.17735652,8.542791376,16.63233762,-4769.001283,422.4802738,4346.485324,No fault 
-25.01934375,7.778929637,17.23818663,-4695.493482,256.9529884,4438.50481,No fault 
-24.83656922,7.007323313,17.82701846,-4617.351341,91.17167174,4526.143985,No fault 
-24.62921331,6.228733895,18.39825202,-4534.651974,-74.70007109,4609.316361,No fault 
-24.39748066,5.443929749,18.95132355,-4447.476996,-240.4985436,4687.939856,No fault 
-24.14159995,4.65368539,19.48568724,-4355.912439,-406.0601239,4761.93688,No fault 
-23.86182371,3.858780687,20.00081574,-4260.048667,-571.2214215,4831.234405,No fault 
-23.55842805,3.060000124,20.49620068,-4159.980283,-735.8194432,4895.764043,No fault 
-23.23171237,2.258131993,20.97135318,-4055.806045,-899.6917496,4955.462112,No fault 
-22.88199913,1.45396765,21.42580432,-3947.628759,-1062.67662,5010.269697,No fault 
-22.50963342,0.648300701,21.8591056,-3835.555185,-1224.613206,5060.132708,No fault 
-22.11498275,-0.15807375,22.27082942,-3719.695923,-1385.341697,5105.001938,No fault 
-21.69843657,-0.964359916,22.66056945,-3600.165315,-1544.703473,5144.833106,No fault 
-21.26040598,-1.76976208,23.02794107,-3477.081321,-1702.541264,5179.586904,No fault 
-20.80132326,-2.573485416,23.37258172,-3350.565412,-1858.699302,5209.229032,No fault 
-20.32164146,-3.374736737,23.69415129,-3220.742442,-2013.023479,5233.73024,No fault 
-19.82183398,-4.172725312,23.99233242,-3087.740532,-2165.361494,5253.066345,No fault 
-19.30239406,-4.966663614,24.26683084,-2951.690938,-2315.563009,5267.218267,No fault 
-18.76383433,-5.755768129,24.51737567,-2812.727925,-2463.479793,5276.172039,No fault 
-18.20668629,-6.539260098,24.74371964,-2670.988633,-2608.965871,5279.918824,No fault 
-17.63149977,-7.316366315,24.94563937,-2526.612942,-2751.877664,5278.454926,No fault 
-17.03884241,-8.086319863,25.12293561,-2379.743331,-2892.074136,5271.781788,No fault 
-16.4292991,-8.848360897,25.27543337,-2230.524745,-3029.41693,5259.905997,No fault 
-15.80347138,-9.601737367,25.40298216,-2079.104444,-3163.770506,5242.839271,No fault 
-15.16197687,-10.34570579,25.50545611,-1925.631862,-3295.002272,5220.598455,No fault 
-14.50544865,-11.07953194,25.58275408,-1770.258456,-3422.982719,5193.205497,No fault 
-13.83453462,-11.80249164,25.6347998,-1613.137563,-3547.585545,5160.687431,No fault 
-13.14989692,-12.51387141,25.6615419,-1454.424241,-3668.687783,5123.076347,No fault 
-12.45221117,-13.21296919,25.66295398,-1294.275123,-3786.169919,5080.409365,No fault 
-11.74216594,-13.89909507,25.63903466,-1132.848254,-3899.916013,5032.72859,No fault 
-11.02046193,-14.57157192,25.58980755,-970.3029442,-4009.81381,4980.081077,No fault 
-10.28781139,-15.22973608,25.51532121,-806.799606,-4115.754856,4922.518785,No fault 
-9.544937354,-15.87293803,25.41564916,-642.4995982,-4217.634598,4860.098519,No fault 
-8.792572953,-16.500543,25.29088978,-477.5650637,-4315.352494,4792.881882,No fault 
-8.031460673,-17.11193163,25.14116616,-312.1587745,-4408.812108,4720.935207,No fault 
-7.26235165,-17.70650053,24.96662609,-146.4439652,-4497.921207,4644.329497,No fault 
-6.486004894,-18.28366296,24.7674418,19.41582235,-4582.591851,4563.140354,No fault 
-5.703186575,-18.84284931,24.54380987,185.2569059,-4662.740481,4477.4479,No fault 
-4.914669231,-19.38350774,24.295951,350.915619,-4738.287998,4387.336704,No fault 
-4.121231043,-19.90510468,24.02410979,516.2284777,-4809.159847,4292.895695,No fault 
-3.323655032,-20.40712537,23.72855451,681.032337,-4875.286086,4194.218075,No fault 
-2.522728316,-20.88907439,23.40957685,845.1645566,-4936.601456,4091.401226,No fault 
-1.719241308,-21.3504761,23.0674916,1008.463157,-4993.045447,3984.546617,No fault 
-0.913986961,-21.79087516,22.70263635,1170.766982,-5044.562355,3873.7597,No fault 
-0.107759955,-22.20983695,22.31537118,1331.915858,-5091.101338,3759.149808,No fault 
0.698644052,-22.606948,21.90607826,1491.75075,-5132.61647,3640.830047,No fault 
1.504429243,-22.98181641,21.47516152,1650.113921,-5169.066779,3518.917185,No fault 
2.308800398,-23.33407222,21.02304622,1806.849085,-5200.416293,3393.531536,No fault 
3.110963706,-23.66336781,20.55017854,1961.801563,-5226.634073,3264.796839,No fault 
3.91012752,-23.9693782,20.05702516,2114.818436,-5247.694248,3132.84014,No fault 
4.70550317,-24.2518014,19.54407274,2265.748695,-5263.576031,2997.791664,No fault 
5.496305708,-24.51035867,19.01182752,2414.44339,-5274.26375,2859.784689,No fault 
6.281754712,-24.74479487,18.46081476,2560.755777,-5279.746858,2718.95541,No fault 
7.061075033,-24.95487863,17.89157823,2704.541465,-5280.019943,2575.442808,No fault 
7.833497582,-25.14040261,17.30467971,2845.658551,-5275.082736,2429.388514,No fault 
8.598260062,-25.30118374,16.70069839,2983.967774,-5264.940109,2280.936665,No fault 
9.354607753,-25.43706333,16.08023034,3119.332636,-5249.602072,2130.233766,No fault 
10.10179422,-25.54790729,15.44388787,3251.61955,-5229.083761,1977.428541,No fault 
10.83908209,-25.63360624,14.79229898,3380.697965,-5203.405426,1822.671792,No fault 
11.56574375,-25.69407558,14.12610672,3506.440495,-5172.592408,1666.116244,No fault 
12.28106206,-25.72925566,13.44596853,3628.723047,-5136.675115,1507.916399,No fault 
12.98433109,-25.73911174,12.75255562,3747.424945,-5095.688995,1348.228381,No fault 
13.6748568,-25.72363411,12.04655232,3862.429043,-5049.674494,1187.209783,No fault 
14.35195772,-25.68283803,11.32865535,3973.621846,-4998.677025,1025.019511,No fault 
15.01496565,-25.61676377,10.59957321,4080.89362,-4942.746915,861.8176267,No fault 
15.66322625,-25.52547653,9.860025403,4184.138502,-4881.93936,697.7651908,No fault 
16.29609979,-25.4090664,9.110741775,4283.2546,-4816.31437,533.0241035,No fault 
16.91296169,-25.26764826,8.352461779,4378.144099,-4745.93671,367.7569442,No fault 
17.51320319,-25.10136168,7.585933747,4468.713354,-4670.875833,202.1268117,No fault 
18.0962319,-24.91037076,6.811914149,4554.872986,-4591.205815,36.29716289,No fault 
18.66147247,-24.69486398,6.031166848,4636.537964,-4507.005281,-129.5683484,No fault 
19.20836705,-24.45505403,5.244462349,4713.627695,-4418.357328,-295.3060328,No fault 
19.73637594,-24.19117756,4.452577034,4786.066101,-4325.349439,-460.7523274,No fault 
20.24497804,-23.90349498,3.656292398,4853.781693,-4228.073402,-625.7439566,No fault 
20.73367144,-23.59229022,2.856394277,4916.707645,-4126.625217,-790.1180936,No fault 
21.20197384,-23.25787038,2.053672076,4974.781857,-4021.105001,-953.7125209,No fault 
21.64942309,-22.9005655,1.248917983,5027.947016,-3911.61689,-1116.365791,No fault 
22.07557761,-22.52072819,0.442926194,5076.150655,-3798.268935,-1277.917384,No fault 
22.48001684,-22.11873331,-0.363507874,5119.345201,-3681.172997,-1438.207868,No fault 
22.86234164,-21.69497757,-1.169588369,5157.488029,-3560.444636,-1597.079056,No fault 
23.22217471,-21.24987918,-1.974519786,5190.541494,-3436.202995,-1754.374162,No fault 
23.55916092,-20.78387739,-2.777507754,5218.472978,-3308.570688,-1909.937954,No fault 
23.87296773,-20.29743208,-3.577759823,5241.254915,-3177.673669,-2063.616909,No fault 
24.16328543,-19.79102332,-4.374486238,5258.864823,-3043.641121,-2215.259365,No fault 
24.42982751,-19.26515088,-5.166900729,5271.285322,-2906.605316,-2364.715668,No fault 
24.67233094,-18.72033372,-5.954221276,5278.504156,-2766.701493,-2511.838325,No fault 
24.89055639,-18.15710951,-6.735670891,5280.514199,-2624.067719,-2656.482142,No fault 
25.08428849,-17.57603409,-7.510478375,5277.313468,-2478.844757,-2798.504373,No fault 
25.25333606,-16.9776809,-8.277879089,5268.905122,-2331.175924,-2937.764859,No fault 
25.39753226,-16.36264045,-9.037115699,5255.29746,-2181.206952,-3074.126168,No fault 
25.51673479,-15.73151971,-9.787438931,5236.503909,-2029.085842,-3207.453728,No fault 
25.61082601,-15.08494152,-10.52810831,5212.543017,-1874.962719,-3337.615959,No fault 
25.67971307,-14.42354397,-11.25839287,5183.438431,-1718.989683,-3464.484407,No fault 
25.72332798,-13.74797978,-11.97757193,5149.218873,-1561.320663,-3587.93387,No fault 
25.74162769,-13.05891565,-12.68493573,5109.918113,-1402.111257,-3707.842516,No fault 
25.73459415,-12.3570316,-13.3797862,5065.574938,-1241.518587,-3824.092011,No fault 
25.7022343,-11.64302031,-14.0614376,5016.233108,-1079.701137,-3936.56763,No fault 
25.64458007,-10.91758641,-14.72921722,4961.941318,-916.818603,-4045.158374,No fault 
25.56168835,-10.18144583,-15.38246604,4902.753146,-753.0317288,-4149.757076,No fault 
25.45364096,-9.43532505,-16.02053939,4838.727006,-588.5021536,-4250.260511,No fault 
25.32054452,-8.679960393,-16.64280757,4769.926082,-423.3922471,-4346.569493,No fault 
25.16253038,-7.916097312,-17.24865647,4696.418273,-257.8649538,-4438.588977,No fault 
24.97975448,-7.144489652,-17.83748819,4618.276122,-92.08362833,-4526.228152,No fault 
24.77239719,-6.365898891,-18.40872162,4535.576747,73.78812235,-4609.400527,No fault 
24.54066317,-5.581093409,-18.96179304,4448.401761,239.5866037,-4688.024022,No fault 
24.28478108,-4.790847708,-19.49615661,4356.837196,405.1481918,-4762.021044,No fault 
24.00500347,-3.995941669,-20.011285,4260.973414,570.3094982,-4831.318569,No fault 
23.70160643,-3.197159763,-20.50666983,4160.905023,734.9075278,-4895.848207,No fault 
23.37488939,-2.395290297,-20.98182221,4056.730776,898.7798431,-4955.546275,No fault 
23.02517476,-1.591124611,-21.43627323,3948.553482,1061.764721,-5010.353858,No fault 
22.65280769,-0.785456327,-21.8695744,3836.479898,1223.701316,-5060.216869,No fault 
22.25815564,0.020919467,-22.2812981,3720.620629,1384.429815,-5105.086099,No fault 
21.8416081,0.827206968,-22.67103802,3601.090011,1543.7916,-5144.917266,No fault 
21.40357613,1.632610475,-23.03840952,3478.006009,1701.629399,-5179.671062,No fault 
20.94449203,2.436335146,-23.38305005,3351.490091,1857.787445,-5209.313191,No fault 
20.46480886,3.23758781,-23.7046195,3221.667113,2012.11163,-5233.814397,No fault 
19.965,4.03557772,-24.00280051,3088.665194,2164.449654,-5253.150502,No fault 
19.44555871,4.829517365,-24.27729882,2952.615592,2314.651177,-5267.302423,No fault 
18.90699761,5.618623215,-24.52784353,2813.652571,2462.56797,-5276.256194,No fault 
18.34984819,6.402116527,-24.75418739,2671.91327,2608.054056,-5280.002979,No fault 
17.7746603,7.179224079,-24.95610701,2527.53757,2750.965857,-5278.53908,No fault 
17.18200157,7.94917897,-25.13340312,2380.667951,2891.162338,-5271.865941,No fault 
16.57245689,8.711221339,-25.28590077,2231.449356,3028.50514,-5259.990149,No fault 
15.94662779,9.464599151,-25.41344944,2080.029047,3162.858724,-5242.923423,No fault 
15.30513191,10.20856891,-25.51592328,1926.556456,3294.090499,-5220.682606,No fault 
14.64860231,10.9423964,-25.59322114,1771.183042,3422.070954,-5193.289647,No fault 
13.97768692,11.66535744,-25.64526674,1614.06214,3546.673789,-5160.77158,No fault 
13.29304783,12.37673854,-25.67200872,1455.34881,3667.776035,-5123.160496,No fault 
12.59536072,13.07583767,-25.67342069,1295.199683,3785.258179,-5080.493512,No fault 
11.88531411,13.76196488,-25.64950125,1133.772805,3899.004281,-5032.812737,No fault 
11.16360873,14.43444307,-25.60027402,971.227487,4008.902087,-4980.165224,No fault 
10.43095682,15.09260857,-25.52578757,807.7241408,4114.84314,-4922.602931,No fault 
9.688081408,15.73581186,-25.4261154,643.4241239,4216.722891,-4860.182664,No fault 
8.93571563,16.36341817,-25.3013559,478.4895815,4314.440795,-4792.966026,No fault 
8.174601981,16.97480813,-25.15163217,313.0832832,4407.900418,-4721.01935,No fault 
7.405491582,17.56937838,-24.97709198,147.368466,4497.009525,-4644.41364,No fault 
6.629143456,18.14654215,-24.77790758,-18.49133075,4581.680178,-4563.224496,No fault 
5.84632376,18.70572984,-24.55427553,-184.3324222,4661.828815,-4477.532041,No fault 
5.057805046,19.2463896,-24.30641654,-349.9911444,4737.376341,-4387.420845,No fault 
4.264365482,19.76798788,-24.03457521,-515.3040111,4808.248198,-4292.979835,No fault 
3.466788101,20.27000991,-23.73901982,-680.1078795,4874.374446,-4194.302214,No fault 
2.665860009,20.75196027,-23.42004205,-844.2401071,4935.689825,-4091.485364,No fault 
1.862371631,21.21336332,-23.07795668,-1007.538716,4992.133824,-3984.630754,No fault 
1.057115907,21.65376372,-22.71310132,-1169.84255,5043.65074,-3873.843836,No fault 
0.250887532,22.07272685,-22.32583602,-1330.991434,5090.189732,-3759.233944,No fault 
-0.555517852,22.46983923,-21.91654299,-1490.826335,5131.704872,-3640.914183,No fault 
-1.361304412,22.84470898,-21.48562613,-1649.189514,5168.155189,-3519.00132,No fault 
-2.165676944,23.19696614,-21.03351072,-1805.924686,5199.504711,-3393.61567,No fault 
-2.967841621,23.52626306,-20.56064293,-1960.877173,5225.7225,-3264.880972,No fault 
-3.767006812,23.83227479,-20.06748942,-2113.894055,5246.782682,-3132.924272,No fault 
-4.562383832,24.11469932,-19.55453689,-2264.824323,5262.664474,-2997.875796,No fault 
-5.353187745,24.37325794,-19.02229156,-2413.519026,5273.352202,-2859.86882,No fault 
-6.13863812,24.60769548,-18.47127868,-2559.831422,5278.835318,-2719.03954,No fault 
-6.917959817,24.81778057,-17.90204203,-2703.617117,5279.108411,-2575.526938,No fault 
-7.690383735,25.00330589,-17.3151434,-2844.734213,5274.171213,-2429.472643,No fault 
-8.455147592,25.16408836,-16.71116196,-2983.043444,5264.028594,-2281.020793,No fault 
-9.211496652,25.29996929,-16.09069379,-3118.408315,5248.690565,-2130.317893,No fault 
-9.958684498,25.41081459,-15.45435121,-3250.695237,5228.172263,-1977.512668,No fault 
-10.69597374,25.49651487,-14.80276221,-3379.773661,5202.493936,-1822.755918,No fault 
-11.42263677,25.55698556,-14.13656982,-3505.516199,5171.680926,-1666.200369,No fault 
-12.13795645,25.59216697,-13.45643152,-3627.798761,5135.763642,-1508.000524,No fault 
-12.84122685,25.6020244,-12.76301849,-3746.500666,5094.77753,-1348.312505,No fault 
-13.53175394,25.5865481,-12.05701507,-3861.504773,5048.763038,-1187.293906,No fault 
-14.20885624,25.54575336,-11.33911799,-3972.697584,4997.765577,-1025.103633,No fault 
-14.87186553,25.47968043,-10.61003574,-4079.969368,4941.835475,-861.9017481,No fault 
-15.52012751,25.38839453,-9.870487812,-4183.214257,4881.027928,-697.8493116,No fault 
-16.15300242,25.27198574,-9.121204068,-4282.330364,4815.402947,-533.1082235,No fault 
-16.7698657,25.13056895,-8.362923956,-4377.219871,4745.025295,-367.8410635,No fault 
-17.37010856,24.9642837,-7.596395808,-4467.789136,4669.964426,-202.2109303,No fault 
-17.95313865,24.77329412,-6.822376093,-4553.948775,4590.294417,-36.38128073,No fault 
-18.51838059,24.55778868,-6.041628677,-4635.613762,4506.093892,129.4842313,No fault 
-19.06527655,24.31798006,-5.254924062,-4712.703501,4417.445946,295.2219164,No fault 
-19.5932868,24.05410493,-4.463038631,-4785.141916,4324.438066,460.6682118,No fault 
-20.10189028,23.7664237,-3.666753878,-4852.857517,4227.162037,625.6598417,No fault 
-20.59058505,23.45522027,-2.866855642,-4915.783478,4125.71386,790.0339794,No fault 
-21.05888882,23.12080177,-2.064133324,-4973.857698,4020.193653,953.6284074,No fault 
-21.50633945,22.76349822,-1.259379115,-5027.022866,3910.70555,1116.281678,No fault 
-21.93249534,22.38366225,-0.45338721,-5075.226512,3797.357603,1277.833272,No fault 
-22.33693594,21.98166871,0.353046974,-5118.421068,3680.261674,1438.123757,No fault 
-22.71926212,21.55791432,1.159127585,-5156.563903,3559.533321,1596.994946,No fault 
-23.07909655,21.11281726,1.964059117,-5189.617378,3435.291689,1754.290052,No fault 
-23.41608414,20.64681681,2.767047202,-5217.54887,3307.659389,1909.853845,No fault 
-23.72989232,20.16037284,3.567299386,-5240.330816,3176.76238,2063.5328,No fault 
-24.02021139,19.65396542,4.364025918,-5257.940732,3042.72984,2215.175257,No fault 
-24.28675485,19.12809431,5.156440525,-5270.36124,2905.694043,2364.631561,No fault 
-24.52925965,18.58327849,5.943761188,-5277.580082,2765.790228,2511.754219,No fault 
-24.74748647,18.02005562,6.725210919,-5279.590134,2623.156462,2656.398036,No fault 
-24.94121994,17.43898153,7.500018519,-5276.389411,2477.933508,2798.420268,No fault 
-25.11026888,16.84062968,8.267419349,-5267.981074,2330.264684,2937.680756,No fault 
-25.25446646,16.22559057,9.026656075,-5254.37342,2180.29572,3074.042065,No fault 
-25.37367036,15.59447117,9.776979423,-5235.579878,2028.174619,3207.369625,No fault 
-25.46776296,14.94789432,10.51764891,-5211.618994,1874.051504,3337.531857,No fault 
-25.53665139,14.2864981,11.2479336,-5182.514417,1718.078477,3464.400306,No fault 
-25.58026767,13.61093525,11.96711277,-5148.294867,1560.409465,3587.849769,No fault 
-25.59856875,12.92187246,12.67447669,-5108.994116,1401.200067,3707.758416,No fault 
-25.59153659,12.21998975,13.36932727,-5064.650949,1240.607405,3824.007912,No fault 
-25.55917811,11.50597979,14.05097879,-5015.309128,1078.789964,3936.483532,No fault 
-25.50152525,10.78054724,14.71875852,-4961.017346,915.9074378,4045.074276,No fault 
-25.4186349,10.044408,15.37200746,-4901.829183,752.1205724,4149.672979,No fault 
-25.31058889,9.298288554,16.01008093,-4837.803051,587.5910051,4250.176415,No fault 
-25.17749382,8.542925232,16.63234922,-4769.002136,422.4811073,4346.485398,No fault 
-25.01948105,7.779063492,17.23819824,-4695.494336,256.953822,4438.504883,No fault 
-24.83670652,7.007457168,17.82703007,-4617.352194,91.17250524,4526.144058,No fault 
-24.62935061,6.228867747,18.39826362,-4534.652827,-74.69923754,4609.316434,No fault 
-24.39761795,5.4440636,18.95133515,-4447.477849,-240.4977102,4687.939929,No fault 
-24.14173724,4.65381924,19.48569884,-4355.913292,-406.0592903,4761.936953,No fault 
-23.861961,3.858914536,20.00082735,-4260.04952,-571.220588,4831.234478,No fault 
-23.55856534,3.060133971,20.49621229,-4159.981136,-735.8186097,4895.764116,No fault 
-23.23184966,2.25826584,20.97136479,-4055.806898,-899.6909162,4955.462185,No fault 
-22.88213641,1.454101495,21.42581592,-3947.629612,-1062.675786,5010.26977,No fault 
-22.50977071,0.648434545,21.85911721,-3835.556038,-1224.612372,5060.132782,No fault 
-22.11512003,-0.157939908,22.27084103,-3719.696776,-1385.340864,5105.002012,No fault 
-21.69857386,-0.964226074,22.66058106,-3600.166168,-1544.70264,5144.83318,No fault 
-21.26054327,-1.76962824,23.02795268,-3477.082174,-1702.540431,5179.586977,No fault 
-20.80146054,-2.573351577,23.37259333,-3350.566264,-1858.698469,5209.229106,No fault 
-20.32177874,-3.3746029,23.69416289,-3220.743295,-2013.022645,5233.730313,No fault 
-19.82197125,-4.172591475,23.99234402,-3087.741385,-2165.360661,5253.066418,No fault 
-19.30253134,-4.966529779,24.26684245,-2951.691791,-2315.562176,5267.21834,No fault 
-18.76397161,-5.755634295,24.51738727,-2812.728778,-2463.47896,5276.172112,No fault 
-18.20682356,-6.539126265,24.74373124,-2670.989486,-2608.965038,5279.918898,No fault 
-17.63163704,-7.316232484,24.94565098,-2526.613794,-2751.87683,5278.454999,No fault 
-17.03897968,-8.086186033,25.12294721,-2379.744184,-2892.073303,5271.781861,No fault 
-16.42943637,-8.848227068,25.27544497,-2230.525598,-3029.416097,5259.90607,No fault 
-15.80360865,-9.601603539,25.40299376,-2079.105297,-3163.769673,5242.839345,No fault 
-15.16211414,-10.34557196,25.50546771,-1925.632714,-3295.001439,5220.598528,No fault 
-14.50558591,-11.07939812,25.58276569,-1770.259309,-3422.981886,5193.20557,No fault 
-13.83467189,-11.80235782,25.6348114,-1613.138416,-3547.584712,5160.687504,No fault 
-13.15003418,-12.51373758,25.6615535,-1454.425094,-3668.68695,5123.076421,No fault 
-12.45234844,-13.21283537,25.66296559,-1294.275975,-3786.169086,5080.409438,No fault 
-11.7423032,-13.89896125,25.63904627,-1132.849106,-3899.91518,5032.728663,No fault 
-11.02059919,-14.5714381,25.58981915,-970.303797,-4009.812977,4980.081151,No fault 
-10.28794865,-15.22960226,25.51533281,-806.8004588,-4115.754022,4922.518858,No fault 
-9.545074612,-15.87280421,25.41566077,-642.5004509,-4217.633764,4860.098593,No fault 
-8.792710209,-16.50040918,25.29090138,-477.5659165,-4315.351661,4792.881955,No fault 
-8.031597929,-17.11179781,25.14117777,-312.1596272,-4408.811275,4720.93528,No fault 
-7.262488905,-17.70636672,24.96663769,-146.444818,-4497.920374,4644.32957,No fault 
-6.486142148,-18.28352915,24.7674534,19.41496968,-4582.591018,4563.140427,No fault 
-5.703323826,-18.8427155,24.54382147,185.2560531,-4662.739647,4477.447973,No fault 
-4.914806482,-19.38337393,24.2959626,350.9147663,-4738.287164,4387.336777,No fault 
-4.121368292,-19.90497087,24.02412139,516.227625,-4809.159014,4292.895768,No fault 
-3.32379228,-20.40699157,23.72856611,681.0314844,-4875.285253,4194.218148,No fault 
-2.522865563,-20.88894058,23.40958846,845.1637039,-4936.600623,4091.401299,No fault 
-1.719378554,-21.3503423,23.0675032,1008.462304,-4993.044614,3984.54669,No fault 
-0.914124205,-21.79074136,22.70264795,1170.76613,-5044.561522,3873.759773,No fault 
-0.107897198,-22.20970315,22.31538278,1331.915005,-5091.100505,3759.149881,No fault 
0.69850681,-22.6068142,21.90608986,1491.749898,-5132.615637,3640.83012,No fault 
1.504292002,-22.98168261,21.47517312,1650.113068,-5169.065945,3518.917259,No fault 
2.308663159,-23.33393842,21.02305782,1806.848232,-5200.415459,3393.531609,No fault 
3.110826468,-23.66323402,20.55019014,1961.80071,-5226.63324,3264.796912,No fault 
3.909990284,-23.96924441,20.05703676,2114.817584,-5247.693414,3132.840213,No fault 
4.705365935,-24.2516676,19.54408434,2265.747843,-5263.575198,2997.791737,No fault 
5.496168474,-24.51022488,19.01183912,2414.442538,-5274.262917,2859.784762,No fault 
6.281617479,-24.74466108,18.46082636,2560.754925,-5279.746025,2718.955483,No fault 
7.060937802,-24.95474483,17.89158983,2704.540612,-5280.01911,2575.442881,No fault 
7.833360351,-25.14026882,17.30469131,2845.657699,-5275.081903,2429.388587,No fault 
8.598122833,-25.30104995,16.70070999,2983.966921,-5264.939276,2280.936738,No fault 
9.354470525,-25.43692954,16.08024194,3119.331783,-5249.601238,2130.233839,No fault 
10.101657,-25.54777351,15.44389947,3251.618698,-5229.082928,1977.428614,No fault 
10.83894487,-25.63347245,14.79231058,3380.697112,-5203.404593,1822.671865,No fault 
11.56560652,-25.6939418,14.12611832,3506.439642,-5172.591575,1666.116317,No fault 
12.28092483,-25.72912188,13.44598013,3628.722195,-5136.674282,1507.916472,No fault 
12.98419386,-25.73897796,12.75256722,3747.424093,-5095.688162,1348.228454,No fault 
13.67471958,-25.72350033,12.04656392,3862.428191,-5049.673661,1187.209856,No fault 
14.3518205,-25.68270425,11.32866695,3973.620994,-4998.676192,1025.019584,No fault 
15.01482843,-25.61662999,10.59958481,4080.892768,-4942.746082,861.8176998,No fault 
15.66308904,-25.52534275,9.860037002,4184.137649,-4881.938527,697.765264,No fault 
16.29596258,-25.40893263,9.110753374,4283.253747,-4816.313537,533.0241767,No fault 
16.91282448,-25.26751449,8.352473378,4378.143247,-4745.935877,367.7570174,No fault 
17.51306597,-25.10122791,7.585945346,4468.712502,-4670.875,202.1268849,No fault 
18.09609469,-24.91023699,6.811925747,4554.872134,-4591.204982,36.29723607,No fault 
18.66133526,-24.69473021,6.031178447,4636.537111,-4507.004448,-129.5682752,No fault 
19.20822984,-24.45492026,5.244473948,4713.626843,-4418.356495,-295.3059596,No fault 
19.73623873,-24.19104379,4.452588632,4786.065248,-4325.348606,-460.7522542,No fault 
20.24484083,-23.90336122,3.656303996,4853.780841,-4228.072569,-625.7438834,No fault 
20.73353423,-23.59215645,2.856405876,4916.706793,-4126.624384,-790.1180204,No fault 
21.20183663,-23.25773661,2.053683674,4974.781005,-4021.104168,-953.7124477,No fault 
21.64928589,-22.90043173,1.248929581,5027.946164,-3911.616057,-1116.365717,No fault 
22.07544041,-22.52059443,0.442937792,5076.149802,-3798.268102,-1277.91731,No fault 
22.47987964,-22.11859955,-0.363496277,5119.344349,-3681.172164,-1438.207795,No fault 
22.86220444,-21.69484381,-1.169576771,5157.487176,-3560.443803,-1597.078983,No fault 
23.22203751,-21.24974542,-1.974508188,5190.540642,-3436.202163,-1754.374089,No fault 
23.55902373,-20.78374363,-2.777496157,5218.472126,-3308.569855,-1909.937881,No fault 
23.87283053,-20.29729833,-3.577748225,5241.254063,-3177.672837,-2063.616836,No fault 
24.16314823,-19.79088957,-4.374474641,5258.863971,-3043.640288,-2215.259291,No fault 
24.42969032,-19.26501713,-5.166889132,5271.28447,-2906.604483,-2364.715595,No fault 
24.67219375,-18.72019997,-5.95420968,5278.503304,-2766.70066,-2511.838252,No fault 
24.8904192,-18.15697576,-6.735659294,5280.513346,-2624.066886,-2656.482068,No fault 
25.0841513,-17.57590034,-7.510466779,5277.312616,-2478.843924,-2798.5043,No fault 
25.25319887,-16.97754715,-8.277867492,5268.90427,-2331.175091,-2937.764786,No fault 
25.39739507,-16.3625067,-9.037104103,5255.296607,-2181.206119,-3074.126095,No fault 
25.51659761,-15.73138597,-9.787427335,5236.503056,-2029.085009,-3207.453654,No fault 
25.61068883,-15.08480777,-10.52809671,5212.542165,-1874.961886,-3337.615886,No fault 
25.67957589,-14.42341023,-11.25838128,5183.437578,-1718.988851,-3464.484334,No fault 
25.7231908,-13.74784604,-11.97756034,5149.218021,-1561.31983,-3587.933796,No fault 
25.74149051,-13.05878191,-12.68492414,5109.917261,-1402.110424,-3707.842443,No fault 
25.73445697,-12.35689786,-13.37977461,5065.574086,-1241.517754,-3824.091938,No fault 
25.70209712,-11.64288657,-14.061426,5016.232256,-1079.700304,-3936.567557,No fault 
25.64444289,-10.91745268,-14.72920562,4961.940466,-916.8177701,-4045.158301,No fault 
25.56155118,-10.1813121,-15.38245445,4902.752294,-753.0308961,-4149.757003,No fault 
25.45350379,-9.435191316,-16.0205278,4838.726154,-588.5013208,-4250.260437,No fault 
25.32040735,-8.679826661,-16.64279597,4769.92523,-423.3914143,-4346.56942,No fault 
25.16239321,-7.915963581,-17.24864487,4696.417421,-257.864121,-4438.588904,No fault 
24.97961731,-7.144355922,-17.83747659,4618.27527,-92.0827956,-4526.228078,No fault 
24.77226003,-6.365765163,-18.40871003,4535.575895,73.78895513,-4609.400454,No fault 
24.540526,-5.580959682,-18.96178144,4448.400909,239.5874364,-4688.023949,No fault 
24.28464392,-4.790713982,-19.49614502,4356.836344,405.1490246,-4762.020971,No fault 
24.00486631,-3.995807944,-20.0112734,4260.972562,570.3103309,-4831.318496,No fault 
23.70146927,-3.19702604,-20.50665823,4160.90417,734.9083606,-4895.848133,No fault 
23.37475223,-2.395156575,-20.98181061,4056.729924,898.7806757,-4955.546202,No fault 
23.0250376,-1.590990891,-21.43626163,3948.55263,1061.765554,-5010.353785,No fault 
22.65267053,-0.785322607,-21.8695628,3836.479046,1223.702149,-5060.216796,No fault 
22.25801848,0.021053185,-22.28128651,3720.619777,1384.430648,-5105.086026,No fault 
21.84147094,0.827340685,-22.67102642,3601.089159,1543.792433,-5144.917193,No fault 
21.40343897,1.63274419,-23.03839792,3478.005157,1701.630231,-5179.670989,No fault 
20.94435488,2.436468861,-23.38303846,3351.489239,1857.788278,-5209.313117,No fault 
20.46467171,3.237721523,-23.7046079,3221.666261,2012.112463,-5233.814324,No fault 
19.96486285,4.035711433,-24.00278892,3088.664342,2164.450487,-5253.150429,No fault 
19.44542156,4.829651076,-24.27728723,2952.61474,2314.65201,-5267.30235,No fault 
18.90686046,5.618756925,-24.52783194,2813.651719,2462.568803,-5276.256121,No fault 
18.34971104,6.402250235,-24.75417579,2671.912418,2608.054888,-5280.002906,No fault 
17.77452315,7.179357787,-24.95609541,2527.536718,2750.96669,-5278.539006,No fault 
17.18186442,7.949312676,-25.13339153,2380.667099,2891.16317,-5271.865868,No fault 
16.57231974,8.711355044,-25.28588918,2231.448504,3028.505973,-5259.990076,No fault 
15.94649065,9.464732854,-25.41343785,2080.028195,3162.859557,-5242.92335,No fault 
15.30499477,10.20870261,-25.51591168,1926.555604,3294.091332,-5220.682533,No fault 
14.64846517,10.94253011,-25.59320954,1771.18219,3422.071787,-5193.289574,No fault 
13.97754978,11.66549114,-25.64525514,1614.061288,3546.674621,-5160.771507,No fault 
13.29291069,12.37687224,-25.67199713,1455.347958,3667.776867,-5123.160423,No fault 
12.59522358,13.07597136,-25.6734091,1295.198831,3785.259012,-5080.493439,No fault 
11.88517697,13.76209858,-25.64948966,1133.771953,3899.005114,-5032.812664,No fault 
11.1634716,14.43457676,-25.60026243,971.2266351,4008.902919,-4980.165151,No fault 
10.43081968,15.09274227,-25.52577597,807.7232888,4114.843973,-4922.602858,No fault 
9.687944276,15.73594555,-25.42610381,643.423272,4216.723724,-4860.182591,No fault 
8.9355785,16.36355186,-25.30134431,478.4887296,4314.441628,-4792.965953,No fault 
8.174464852,16.97494182,-25.15162058,313.0824313,4407.901251,-4721.019277,No fault 
7.405354454,17.56951207,-24.97708039,147.367614,4497.010358,-4644.413567,No fault 
6.629006329,18.14667583,-24.77789598,-18.49218264,4581.681011,-4563.224422,No fault 
5.846186634,18.70586352,-24.55426394,-184.3332742,4661.829648,-4477.531968,No fault 
5.057667922,19.24652329,-24.30640495,-349.9919963,4737.377174,-4387.420771,No fault 
4.264228359,19.76812156,-24.03456362,-515.304863,4808.249031,-4292.979762,No fault 
3.466650979,20.2701436,-23.73900823,-680.1087314,4874.375279,-4194.302141,No fault 
2.665722889,20.75209395,-23.42003046,-844.240959,4935.690657,-4091.485291,No fault 
1.862234512,21.213497,-23.07794509,-1007.539568,4992.134656,-3984.630681,No fault 
1.056978789,21.6538974,-22.71308973,-1169.843402,5043.651572,-3873.843763,No fault 
0.250750415,22.07286052,-22.32582443,-1330.992286,5090.190564,-3759.233871,No fault 
-0.555654967,22.46997291,-21.9165314,-1490.827187,5131.705704,-3640.914109,No fault 
-1.361441527,22.84484265,-21.48561454,-1649.190366,5168.156021,-3519.001247,No fault 
-2.165814057,23.19709981,-21.03349913,-1805.925538,5199.505543,-3393.615597,No fault 
-2.967978733,23.52639674,-20.56063134,-1960.878025,5225.723333,-3264.880899,No fault 
-3.767143923,23.83240847,-20.06747783,-2113.894907,5246.783515,-3132.924199,No fault 
-4.562520941,24.11483299,-19.5545253,-2264.825175,5262.665307,-2997.875723,No fault 
-5.353324853,24.37339161,-19.02227997,-2413.519878,5273.353034,-2859.868747,No fault 
-6.138775226,24.60782914,-18.47126709,-2559.832274,5278.83615,-2719.039467,No fault 
-6.918096922,24.81791424,-17.90203044,-2703.617969,5279.109244,-2575.526864,No fault 
-7.690520839,25.00343956,-17.31513181,-2844.735065,5274.172045,-2429.47257,No fault 
-8.455284695,25.16422202,-16.71115037,-2983.044296,5264.029426,-2281.02072,No fault 
-9.211633754,25.30010295,-16.0906822,-3118.409167,5248.691397,-2130.31782,No fault 
-9.958821598,25.41094825,-15.45433962,-3250.696089,5228.173095,-1977.512595,No fault 
-10.69611084,25.49664853,-14.80275062,-3379.774512,5202.494768,-1822.755845,No fault 
-11.42277386,25.55711922,-14.13655824,-3505.517051,5171.681758,-1666.200296,No fault 
-12.13809354,25.59230063,-13.45641993,-3627.799612,5135.764475,-1508.00045,No fault 
-12.84136395,25.60215805,-12.76300691,-3746.501518,5094.778362,-1348.312432,No fault 
-13.53189103,25.58668175,-12.05700349,-3861.505625,5048.76387,-1187.293833,No fault 
-14.20899333,25.54588701,-11.33910641,-3972.698436,4997.766409,-1025.10356,No fault 
-14.87200262,25.47981409,-10.61002415,-4079.970219,4941.836307,-861.901675,No fault 
-15.5202646,25.38852819,-9.870476224,-4183.215109,4881.028761,-697.8492385,No fault 
-16.15313951,25.27211939,-9.12119248,-4282.331216,4815.403779,-533.1081504,No fault 
-16.77000278,25.13070259,-8.362912368,-4377.220723,4745.026127,-367.8409904,No fault 
-17.37024565,24.96441735,-7.59638422,-4467.789987,4669.965259,-202.2108572,No fault 
-17.95327574,24.77342777,-6.822364506,-4553.949627,4590.295249,-36.38120762,No fault 
-18.51851767,24.55792232,-6.04161709,-4635.614614,4506.094724,129.4843044,No fault 
-19.06541363,24.31811371,-5.254912475,-4712.704353,4417.446778,295.2219895,No fault 
-19.59342388,24.05423857,-4.463027044,-4785.142768,4324.438898,460.6682849,No fault 
-20.10202736,23.76655734,-3.666742291,-4852.858369,4227.162869,625.6599148,No fault 
-20.59072213,23.45535391,-2.866844055,-4915.78433,4125.714693,790.0340525,No fault 
-21.0590259,23.12093541,-2.064121738,-4973.85855,4020.194485,953.6284805,No fault 
-21.50647652,22.76363186,-1.259367529,-5027.023717,3910.706382,1116.281751,No fault 
-21.93263242,22.38379589,-0.453375624,-5075.227364,3797.358436,1277.833345,No fault 
-22.33707302,21.98180234,0.35305856,-5118.421919,3680.262506,1438.12383,No fault 
-22.71939919,21.55804795,1.159139171,-5156.564755,3559.534153,1596.995019,No fault 
-23.07923363,21.11295089,1.964070703,-5189.618229,3435.292521,1754.290125,No fault 
-23.41622121,20.64695044,2.767058788,-5217.549722,3307.660221,1909.853918,No fault 
-23.73002939,20.16050647,3.567310972,-5240.331668,3176.763212,2063.532874,No fault 
-24.02034846,19.65409905,4.364037504,-5257.941584,3042.730672,2215.17533,No fault 
-24.28689192,19.12822794,5.15645211,-5270.362092,2905.694875,2364.631635,No fault 
-24.52939672,18.58341212,5.943772774,-5277.580933,2765.79106,2511.754292,No fault 
-24.74762353,18.02018924,6.725222504,-5279.590985,2623.157295,2656.398109,No fault 
-24.94135701,17.43911516,7.500030105,-5276.390263,2477.934341,2798.420341,No fault 
-25.11040594,16.84076331,8.267430934,-5267.981926,2330.265516,2937.680829,No fault 
-25.25460352,16.2257242,9.02666766,-5254.374271,2180.296552,3074.042138,No fault 
-25.37380742,15.59460479,9.776991008,-5235.580729,2028.175451,3207.369698,No fault 
-25.46790002,14.94802794,10.5176605,-5211.619846,1874.052336,3337.53193,No fault 
-25.53678845,14.28663172,11.24794518,-5182.515268,1718.079309,3464.400379,No fault 
-25.58040473,13.61106887,11.96712436,-5148.295718,1560.410297,3587.849842,No fault 
-25.59870581,12.92200607,12.67448828,-5108.994968,1401.200899,3707.758489,No fault 
-25.59167364,12.22012336,13.36933886,-5064.651801,1240.608237,3824.007985,No fault 
-25.55931516,11.50611341,14.05099037,-5015.309979,1078.790796,3936.483605,No fault 
-25.5016623,10.78068085,14.71877011,-4961.018197,915.9082698,4045.074349,No fault 
-25.41877195,10.04454161,15.37201905,-4901.830035,752.1214044,4149.673052,No fault 
-25.31072593,9.298422163,16.01009251,-4837.803903,587.5918371,4250.176488,No fault 
-25.17763086,8.54305884,16.63236081,-4769.002988,422.4819393,4346.485471,No fault 
-25.01961809,7.779197098,17.23820982,-4695.495187,256.954654,4438.504956,No fault 
-24.83684356,7.007590773,17.82704165,-4617.353045,91.1733372,4526.144131,No fault 
-24.62948765,6.229001351,18.39827521,-4534.653678,-74.69840553,4609.316507,No fault 
-24.39775499,5.444197203,18.95134674,-4447.478701,-240.4968782,4687.940003,No fault 
-24.14187428,4.653952841,19.48571043,-4355.914144,-406.0584584,4761.937026,No fault 
-23.86209804,3.859048137,20.00083893,-4260.050371,-571.2197561,4831.234551,No fault 
-23.55870237,3.06026757,20.49622387,-4159.981987,-735.8177777,4895.76419,No fault 
-23.2319867,2.258399438,20.97137637,-4055.80775,-899.6900842,4955.462258,No fault 
-22.88227345,1.454235091,21.42582751,-3947.630464,-1062.674954,5010.269843,No fault 
-22.50990774,0.648568141,21.85912879,-3835.556889,-1224.61154,5060.132855,No fault 
-22.11525707,-0.157806314,22.27085261,-3719.697627,-1385.340032,5105.002085,No fault 
-21.69871089,-0.964092481,22.66059264,-3600.167019,-1544.701808,5144.833253,No fault 
-21.2606803,-1.769494649,23.02796426,-3477.083025,-1702.539599,5179.58705,No fault 
-20.80159757,-2.573217986,23.37260491,-3350.567116,-1858.697637,5209.229179,No fault 
-20.32191577,-3.374469311,23.69417447,-3220.744146,-2013.021813,5233.730386,No fault 
-19.82210828,-4.172457887,23.9923556,-3087.742236,-2165.359829,5253.066491,No fault 
-19.30266836,-4.966396193,24.26685403,-2951.692642,-2315.561344,5267.218413,No fault 
-18.76410863,-5.755500709,24.51739885,-2812.72963,-2463.478128,5276.172185,No fault 
-18.20696058,-6.538992681,24.74374282,-2670.990337,-2608.964206,5279.918971,No fault 
-17.63177406,-7.3160989,24.94566256,-2526.614646,-2751.875999,5278.455072,No fault 
-17.0391167,-8.086052452,25.12295879,-2379.745035,-2892.072471,5271.781934,No fault 
-16.42957339,-8.848093487,25.27545655,-2230.526449,-3029.415265,5259.906143,No fault 
-15.80374567,-9.60146996,25.40300535,-2079.106148,-3163.768841,5242.839418,No fault 
-15.16225115,-10.34543838,25.50547929,-1925.633566,-3295.000607,5220.598602,No fault 
-14.50572293,-11.07926454,25.58277727,-1770.26016,-3422.981054,5193.205643,No fault 
-13.8348089,-11.80222424,25.63482299,-1613.139267,-3547.58388,5160.687577,No fault 
-13.15017119,-12.51360401,25.66156508,-1454.425945,-3668.686118,5123.076494,No fault 
-12.45248545,-13.2127018,25.66297717,-1294.276827,-3786.168254,5080.409511,No fault 
-11.74244021,-13.89882768,25.63905785,-1132.849958,-3899.914348,5032.728736,No fault 
-11.0207362,-14.57130453,25.58983073,-970.3046481,-4009.812145,4980.081224,No fault 
-10.28808566,-15.22946869,25.51534439,-806.80131,-4115.75319,4922.518931,No fault 
-9.545211618,-15.87267064,25.41567235,-642.501302,-4217.632933,4860.098666,No fault 
-8.792847214,-16.50027562,25.29091296,-477.5667677,-4315.350829,4792.882028,No fault 
-8.031734933,-17.11166425,25.14118935,-312.1604783,-4408.810443,4720.935353,No fault 
-7.262625906,-17.70623316,24.96664927,-146.4456692,-4497.919542,4644.329643,No fault 
-6.486279149,-18.28339559,24.76746498,19.41411856,-4582.590186,4563.1405,No fault 
-5.703460826,-18.84258194,24.54383305,185.255202,-4662.738816,4477.448046,No fault 
-4.91494348,-19.38324037,24.29597418,350.9139152,-4738.286333,4387.33685,No fault 
-4.121505289,-19.90483731,24.02413297,516.2267738,-4809.158182,4292.895841,No fault 
-3.323929276,-20.40685801,23.72857769,681.0306333,-4875.284421,4194.218221,No fault 
-2.523002557,-20.88880703,23.40960003,845.1628528,-4936.599791,4091.401372,No fault 
-1.719515548,-21.35020874,23.06751478,1008.461453,-4993.043782,3984.546763,No fault 
-0.914261196,-21.7906078,22.70265953,1170.765278,-5044.56069,3873.759846,No fault 
-0.108034189,-22.2095696,22.31539436,1331.914154,-5091.099674,3759.149954,No fault 
0.698369821,-22.60668065,21.90610144,1491.749047,-5132.614805,3640.830193,No fault 
1.504155014,-22.98154906,21.4751847,1650.112217,-5169.065114,3518.917332,No fault 
2.308526172,-23.33380487,21.0230694,1806.847381,-5200.414628,3393.531682,No fault 
3.110689482,-23.66310047,20.55020172,1961.799859,-5226.632409,3264.796985,No fault 
3.9098533,-23.96911086,20.05704834,2114.816733,-5247.692583,3132.840286,No fault 
4.705228951,-24.25153406,19.54409592,2265.746992,-5263.574366,2997.79181,No fault 
5.496031492,-24.51009134,19.0118507,2414.441687,-5274.262085,2859.784835,No fault 
6.281480499,-24.74452754,18.46083794,2560.754074,-5279.745193,2718.955556,No fault 
7.060800823,-24.95461129,17.89160141,2704.539761,-5280.018278,2575.442954,No fault 
7.833223373,-25.14013528,17.30470289,2845.656848,-5275.081071,2429.38866,No fault 
8.597985857,-25.30091641,16.70072157,2983.96607,-5264.938444,2280.936811,No fault 
9.354333549,-25.436796,16.08025352,3119.330933,-5249.600407,2130.233912,No fault 
10.10152002,-25.54763997,15.44391105,3251.617847,-5229.082096,1977.428687,No fault 
10.83880789,-25.63333891,14.79232216,3380.696261,-5203.403761,1822.671938,No fault 
11.56546955,-25.69380826,14.1261299,3506.438791,-5172.590743,1666.11639,No fault 
12.28078786,-25.72898834,13.4459917,3628.721344,-5136.673451,1507.916545,No fault 
12.9840569,-25.73884443,12.7525788,3747.423242,-5095.68733,1348.228528,No fault 
13.67458261,-25.7233668,12.04657549,3862.42734,-5049.67283,1187.209929,No fault 
14.35168354,-25.68257072,11.32867853,3973.620143,-4998.675361,1025.019657,No fault 
15.01469146,-25.61649646,10.59959639,4080.891917,-4942.74525,861.8177729,No fault 
15.66295207,-25.52520923,9.860048578,4184.136798,-4881.937696,697.7653371,No fault 
16.29582562,-25.4087991,9.11076495,4283.252896,-4816.312706,533.0242497,No fault 
16.91268752,-25.26738097,8.352484954,4378.142396,-4745.935045,367.7570904,No fault 
17.51292901,-25.10109439,7.585956922,4468.711651,-4670.874168,202.1269579,No fault 
18.09595773,-24.91010347,6.811937323,4554.871283,-4591.204151,36.29730911,No fault 
18.6611983,-24.69459669,6.031190023,4636.53626,-4507.003617,-129.5682021,No fault 
19.20809289,-24.45478674,5.244485524,4713.625992,-4418.355663,-295.3058866,No fault 
19.73610177,-24.19091027,4.452600208,4786.064397,-4325.347774,-460.7521812,No fault 
20.24470388,-23.9032277,3.656315572,4853.77999,-4228.071738,-625.7438104,No fault 
20.73339728,-23.59202294,2.856417451,4916.705942,-4126.623553,-790.1179473,No fault 
21.20169968,-23.2576031,2.053695249,4974.780154,-4021.103337,-953.7123747,No fault 
21.64914894,-22.90029822,1.248941156,5027.945313,-3911.615225,-1116.365644,No fault 
22.07530346,-22.52046091,0.442949367,5076.148951,-3798.267271,-1277.917237,No fault 
22.47974269,-22.11846604,-0.363484702,5119.343498,-3681.171333,-1438.207722,No fault 
22.8620675,-21.6947103,-1.169565196,5157.486326,-3560.442972,-1597.07891,No fault 
23.22190057,-21.24961192,-1.974496614,5190.539791,-3436.201331,-1754.374016,No fault 
23.55888678,-20.78361012,-2.777484582,5218.471275,-3308.569023,-1909.937807,No fault 
23.87269359,-20.29716482,-3.577736651,5241.253212,-3177.672005,-2063.616763,No fault 
24.16301129,-19.79075607,-4.374463067,5258.86312,-3043.639457,-2215.259218,No fault 
24.42955338,-19.26488362,-5.166877558,5271.283619,-2906.603652,-2364.715522,No fault 
24.67205681,-18.72006646,-5.954198106,5278.502453,-2766.699829,-2511.838179,No fault 
24.89028226,-18.15684226,-6.73564772,5280.512496,-2624.066055,-2656.481995,No fault 
25.08401436,-17.57576684,-7.510455205,5277.311765,-2478.843093,-2798.504227,No fault 
25.25306193,-16.97741365,-8.277855919,5268.903419,-2331.17426,-2937.764713,No fault 
25.39725814,-16.36237321,-9.037092529,5255.295757,-2181.205288,-3074.126022,No fault 
25.51646067,-15.73125247,-9.787415761,5236.502206,-2029.084178,-3207.453581,No fault 
25.6105519,-15.08467428,-10.52808514,5212.541314,-1874.961055,-3337.615813,No fault 
25.67943896,-14.42327673,-11.25836971,5183.436728,-1718.988019,-3464.484261,No fault 
25.72305387,-13.74771254,-11.97754876,5149.21717,-1561.318999,-3587.933723,No fault 
25.74135359,-13.05864842,-12.68491257,5109.91641,-1402.109593,-3707.84237,No fault 
25.73432005,-12.35676437,-13.37976303,5065.573235,-1241.516923,-3824.091864,No fault 
25.7019602,-11.64275308,-14.06141443,5016.231405,-1079.699473,-3936.567484,No fault 
25.64430597,-10.91731919,-14.72919405,4961.939615,-916.8169389,-4045.158227,No fault 
25.56141426,-10.18117861,-15.38244287,4902.751443,-753.0300648,-4149.75693,No fault 
25.45336687,-9.435057832,-16.02051623,4838.725303,-588.5004895,-4250.260364,No fault 
25.32027043,-8.679693177,-16.6427844,4769.924379,-423.3905831,-4346.569347,No fault 
25.16225629,-7.915830099,-17.2486333,4696.41657,-257.8632898,-4438.588831,No fault 
24.97948039,-7.144222441,-17.83746502,4618.27442,-92.0819644,-4526.228005,No fault 
24.77212311,-6.365631683,-18.40869846,4535.575044,73.78978636,-4609.400381,No fault 
24.54038908,-5.580826203,-18.96176987,4448.400058,239.5882676,-4688.023876,No fault 
24.284507,-4.790580505,-19.49613345,4356.835493,405.1498558,-4762.020898,No fault 
24.00472939,-3.995674468,-20.01126183,4260.971711,570.3111621,-4831.318423,No fault 
23.70133236,-3.196892566,-20.50664666,4160.90332,734.9091918,-4895.84806,No fault 
23.37461532,-2.395023101,-20.98179904,4056.729073,898.7815069,-4955.546129,No fault 
23.0249007,-1.590857418,-21.43625006,3948.551779,1061.766385,-5010.353712,No fault 
22.65253362,-0.785189136,-21.86955123,3836.478196,1223.70298,-5060.216723,No fault 
22.25788158,0.021186655,-22.28127494,3720.618926,1384.431479,-5105.085953,No fault 
21.84133403,0.827474154,-22.67101485,3601.088309,1543.793264,-5144.91712,No fault 
21.40330207,1.632877658,-23.03838635,3478.004307,1701.631063,-5179.670916,No fault 
20.94421797,2.436602327,-23.38302688,3351.488388,1857.789109,-5209.313044,No fault 
20.4645348,3.237854988,-23.70459633,3221.66541,2012.113294,-5233.814251,No fault 
19.96472595,4.035844896,-24.00277735,3088.663492,2164.451318,-5253.150356,No fault 
19.44528466,4.829784538,-24.27727566,2952.61389,2314.652841,-5267.302277,No fault 
18.90672356,5.618890387,-24.52782037,2813.650868,2462.569634,-5276.256048,No fault 
18.34957415,6.402383695,-24.75416422,2671.911568,2608.055719,-5280.002833,No fault 
17.77438626,7.179491246,-24.95608384,2527.535867,2750.967521,-5278.538933,No fault 
17.18172753,7.949446133,-25.13337996,2380.666249,2891.164001,-5271.865795,No fault 
16.57218285,8.711488501,-25.28587761,2231.447654,3028.506804,-5259.990003,No fault 
15.94635376,9.464866309,-25.41342628,2080.027344,3162.860388,-5242.923277,No fault 
15.30485788,10.20883606,-25.51590011,1926.554753,3294.092163,-5220.68246,No fault 
14.64832828,10.94266356,-25.59319797,1771.18134,3422.072618,-5193.289501,No fault 
13.97741289,11.66562459,-25.64524357,1614.060438,3546.675452,-5160.771434,No fault 
13.29277381,12.37700569,-25.67198556,1455.347108,3667.777698,-5123.16035,No fault 
12.5950867,13.07610481,-25.67339753,1295.19798,3785.259843,-5080.493366,No fault 
11.88504009,13.76223203,-25.64947809,1133.771103,3899.005945,-5032.812591,No fault 
11.16333471,14.43471021,-25.60025086,971.2257847,4008.90375,-4980.165078,No fault 
10.4306828,15.09287571,-25.5257644,807.7224384,4114.844804,-4922.602785,No fault 
9.687807396,15.736079,-25.42609224,643.4224216,4216.724555,-4860.182518,No fault 
8.935441622,16.36368531,-25.30133274,478.4878791,4314.442459,-4792.96588,No fault 
8.174327974,16.97507527,-25.15160901,313.0815809,4407.902082,-4721.019204,No fault 
7.405217578,17.56964551,-24.97706882,147.3667636,4497.011189,-4644.413494,No fault 
6.628869454,18.14680927,-24.77788442,-18.49303298,4581.681841,-4563.224349,No fault 
5.846049761,18.70599696,-24.55425237,-184.3341245,4661.830479,-4477.531895,No fault 
5.057531049,19.24665672,-24.30639338,-349.9928466,4737.378005,-4387.420698,No fault 
4.264091488,19.768255,-24.03455205,-515.3057134,4808.249862,-4292.979689,No fault 
3.466514109,20.27027703,-23.73899666,-680.1095817,4874.376109,-4194.302068,No fault 
2.66558602,20.75222738,-23.42001889,-844.2418094,4935.691488,-4091.485218,No fault 
1.862097645,21.21363043,-23.07793352,-1007.540418,4992.135487,-3984.630608,No fault 
1.056841923,21.65403083,-22.71307816,-1169.844252,5043.652403,-3873.84369,No fault 
0.25061355,22.07299395,-22.32581287,-1330.993137,5090.191395,-3759.233798,No fault 
-0.55579183,22.47010634,-21.91651983,-1490.828037,5131.706535,-3640.914036,No fault 
-1.361578389,22.84497608,-21.48560297,-1649.191216,5168.156852,-3519.001174,No fault 
-2.165950917,23.19723323,-21.03348756,-1805.926389,5199.506374,-3393.615524,No fault 
-2.968115593,23.52653016,-20.56061977,-1960.878876,5225.724163,-3264.880826,No fault 
-3.767280781,23.83254189,-20.06746627,-2113.895757,5246.784346,-3132.924126,No fault 
-4.562657798,24.11496642,-19.55451374,-2264.826025,5262.666138,-2997.87565,No fault 
-5.353461709,24.37352503,-19.0222684,-2413.520728,5273.353865,-2859.868674,No fault 
-6.138912081,24.60796256,-18.47125552,-2559.833124,5278.836981,-2719.039394,No fault 
-6.918233775,24.81804765,-17.90201888,-2703.618819,5279.110075,-2575.526792,No fault 
-7.690657691,25.00357297,-17.31512024,-2844.735915,5274.172876,-2429.472497,No fault 
-8.455421545,25.16435544,-16.71113881,-2983.045146,5264.030257,-2281.020647,No fault 
-9.211770604,25.30023636,-16.09067064,-3118.410017,5248.692228,-2130.317747,No fault 
-9.958958446,25.41108166,-15.45432805,-3250.696939,5228.173926,-1977.512522,No fault 
-10.69624768,25.49678194,-14.80273905,-3379.775362,5202.495599,-1822.755772,No fault 
-11.42291071,25.55725263,-14.13654667,-3505.517901,5171.682589,-1666.200223,No fault 
-12.13823039,25.59243404,-13.45640836,-3627.800462,5135.765305,-1508.000378,No fault 
-12.84150079,25.60229146,-12.76299534,-3746.502368,5094.779193,-1348.312359,No fault 
-13.53202787,25.58681516,-12.05699192,-3861.506475,5048.764701,-1187.29376,No fault 
-14.20913017,25.54602042,-11.33909484,-3972.699286,4997.76724,-1025.103487,No fault 
-14.87213946,25.47994749,-10.61001258,-4079.971069,4941.837138,-861.9016021,No fault 
-15.52040144,25.38866159,-9.870464659,-4183.215959,4881.029591,-697.8491655,No fault 
-16.15327635,25.27225279,-9.121180915,-4282.332066,4815.40461,-533.1080775,No fault 
-16.77013962,25.13083599,-8.362900804,-4377.221573,4745.026958,-367.8409174,No fault 
-17.37038248,24.96455075,-7.596372656,-4467.790837,4669.966089,-202.2107842,No fault 
-17.95341257,24.77356116,-6.822352941,-4553.950477,4590.29608,-36.38113466,No fault 
-18.5186545,24.55805572,-6.041605525,-4635.615464,4506.095555,129.4843773,No fault 
-19.06555046,24.3182471,-5.25490091,-4712.705203,4417.447609,295.2220625,No fault 
-19.59356071,24.05437197,-4.46301548,-4785.143618,4324.439728,460.6683578,No fault 
-20.10216419,23.76669073,-3.666730727,-4852.859219,4227.1637,625.6599877,No fault 
-20.59085895,23.4554873,-2.866832491,-4915.78518,4125.715523,790.0341255,No fault 
-21.05916273,23.1210688,-2.064110174,-4973.8594,4020.195316,953.6285535,No fault 
-21.50661335,22.76376525,-1.259355965,-5027.024567,3910.707213,1116.281824,No fault 
-21.93276924,22.38392928,-0.45336406,-5075.228214,3797.359266,1277.833418,No fault 
-22.33720984,21.98193573,0.353070124,-5118.422769,3680.263337,1438.123903,No fault 
-22.71953601,21.55818133,1.159150734,-5156.565605,3559.534984,1596.995092,No fault 
-23.07937044,21.11308428,1.964082267,-5189.619079,3435.293352,1754.290198,No fault 
-23.41635803,20.64708382,2.767070351,-5217.550572,3307.661052,1909.853991,No fault 
-23.7301662,20.16063985,3.567322535,-5240.332518,3176.764042,2063.532946,No fault 
-24.02048527,19.65423243,4.364049067,-5257.942434,3042.731502,2215.175403,No fault 
-24.28702873,19.12836132,5.156463673,-5270.362942,2905.695706,2364.631708,No fault 
-24.52953353,18.58354549,5.943784337,-5277.581783,2765.791891,2511.754365,No fault 
-24.74776034,18.02032262,6.725234067,-5279.591835,2623.158125,2656.398182,No fault 
-24.94149382,17.43924853,7.500041667,-5276.391113,2477.935171,2798.420414,No fault 
-25.11054275,16.84089668,8.267442496,-5267.982776,2330.266347,2937.680902,No fault 
-25.25474033,16.22585757,9.026679222,-5254.375121,2180.297383,3074.042211,No fault 
-25.37394423,15.59473816,9.77700257,-5235.581579,2028.176281,3207.369771,No fault 
-25.46803682,14.94816131,10.51767206,-5211.620696,1874.053166,3337.532003,No fault 
-25.53692525,14.28676509,11.24795675,-5182.516118,1718.08014,3464.400452,No fault 
-25.58054153,13.61120224,11.96713592,-5148.296568,1560.411127,3587.849915,No fault 
-25.59884261,12.92213944,12.67449984,-5108.995818,1401.20173,3707.758562,No fault 
-25.59181044,12.22025673,13.36935042,-5064.652651,1240.609068,3824.008058,No fault 
-25.55945196,11.50624677,14.05100193,-5015.310829,1078.791627,3936.483678,No fault 
-25.50179909,10.78081422,14.71878167,-4961.019047,915.9091003,4045.074422,No fault 
-25.41890875,10.04467497,15.37203061,-4901.830885,752.1222349,4149.673125,No fault 
-25.31086273,9.298555523,16.01010407,-4837.804753,587.5926676,4250.176561,No fault 
-25.17776766,8.5431922,16.63237237,-4769.003837,422.4827698,4346.485544,No fault 
-25.01975489,7.779330456,17.23822138,-4695.496037,256.9554845,4438.505029,No fault 
-24.83698035,7.00772413,17.82705322,-4617.353895,91.17416763,4526.144204,No fault 
-24.62962444,6.229134707,18.39828677,-4534.654528,-74.69757507,4609.31658,No fault 
-24.39789178,5.444330558,18.9513583,-4447.479551,-240.4960478,4687.940076,No fault 
-24.14201107,4.654086194,19.48572199,-4355.914994,-406.0576279,4761.937099,No fault 
-23.86223482,3.859181489,20.00085049,-4260.051221,-571.2189257,4831.234624,No fault 
-23.55883916,3.060400921,20.49623543,-4159.982837,-735.8169473,4895.764263,No fault 
-23.23212348,2.258532787,20.97138793,-4055.808599,-899.6892539,4955.462331,No fault 
-22.88241023,1.454368439,21.42583907,-3947.631314,-1062.674124,5010.269916,No fault 
-22.51004452,0.648701488,21.85914035,-3835.557739,-1224.61071,5060.132928,No fault 
-22.11539385,-0.157672968,22.27086417,-3719.698477,-1385.339201,5105.002158,No fault 
-21.69884767,-0.963959136,22.6606042,-3600.167869,-1544.700978,5144.833326,No fault 
-21.26081707,-1.769361305,23.02797582,-3477.083875,-1702.538768,5179.587123,No fault 
-20.80173434,-2.573084644,23.37261647,-3350.567965,-1858.696806,5209.229252,No fault 
-20.32205254,-3.37433597,23.69418603,-3220.744996,-2013.020983,5233.730459,No fault 
-19.82224505,-4.172324547,23.99236716,-3087.743086,-2165.358998,5253.066564,No fault 
-19.30280513,-4.966262854,24.26686559,-2951.693492,-2315.560514,5267.218486,No fault 
-18.7642454,-5.755367372,24.51741041,-2812.730479,-2463.477298,5276.172258,No fault 
-18.20709735,-6.538859346,24.74375438,-2670.991187,-2608.963375,5279.919044,No fault 
-17.63191083,-7.315965566,24.94567412,-2526.615495,-2751.875168,5278.455145,No fault 
-17.03925347,-8.085919118,25.12297035,-2379.745885,-2892.071641,5271.782007,No fault 
-16.42971015,-8.847960155,25.27546811,-2230.527299,-3029.414435,5259.906216,No fault 
-15.80388243,-9.601336629,25.4030169,-2079.106998,-3163.768011,5242.839491,No fault 
-15.16238792,-10.34530505,25.50549085,-1925.634415,-3294.999777,5220.598674,No fault 
-14.50585969,-11.07913121,25.58278883,-1770.26101,-3422.980224,5193.205716,No fault 
-13.83494566,-11.80209092,25.63483454,-1613.140117,-3547.58305,5160.68765,No fault 
-13.15030795,-12.51347068,25.66157664,-1454.426795,-3668.685288,5123.076567,No fault 
-12.45262221,-13.21256847,25.66298873,-1294.277676,-3786.167424,5080.409584,No fault 
